# digitalmodel weldolet_crotch CINT table
# units: length=mm force=N stress=MPa K=MPa*sqrt(mm) J=N/mm
# mesh_level     1.
# front_nodes      49.
# contours   6.
# columns: node contour x y z K1 K2 K3 J
      1.   1.   0.1190500000E+02   0.0000000000E+00   0.8465000000E+02   0.1818254289E+03   0.0000000000E+00   0.0000000000E+00   0.2267045891E+00
      1.   2.   0.1190500000E+02   0.0000000000E+00   0.8465000000E+02   0.2140779940E+03   0.0000000000E+00   0.0000000000E+00   0.2262604265E+00
      1.   3.   0.1190500000E+02   0.0000000000E+00   0.8465000000E+02   0.2141923756E+03   0.0000000000E+00   0.0000000000E+00   0.2264848818E+00
      1.   4.   0.1190500000E+02   0.0000000000E+00   0.8465000000E+02   0.2142279722E+03   0.0000000000E+00   0.0000000000E+00   0.2265829245E+00
      1.   5.   0.1190500000E+02   0.0000000000E+00   0.8465000000E+02   0.2142507443E+03   0.0000000000E+00   0.0000000000E+00   0.2266160520E+00
      1.   6.   0.1190500000E+02   0.0000000000E+00   0.8465000000E+02   0.2142673880E+03   0.0000000000E+00   0.0000000000E+00   0.2266013626E+00
      2.   1.   0.1217120451E+02   0.0000000000E+00   0.8463890815E+02   0.1897851857E+03   0.0000000000E+00   0.0000000000E+00   0.2215982830E+00
      2.   2.   0.1217120451E+02   0.0000000000E+00   0.8463890815E+02   0.2104384913E+03   0.0000000000E+00   0.0000000000E+00   0.2211219643E+00
      2.   3.   0.1217120451E+02   0.0000000000E+00   0.8463890815E+02   0.2105148112E+03   0.0000000000E+00   0.0000000000E+00   0.2212179252E+00
      2.   4.   0.1217120451E+02   0.0000000000E+00   0.8463890815E+02   0.2105320722E+03   0.0000000000E+00   0.0000000000E+00   0.2211982285E+00
      2.   5.   0.1217120451E+02   0.0000000000E+00   0.8463890815E+02   0.2105415555E+03   0.0000000000E+00   0.0000000000E+00   0.2211904255E+00
      2.   6.   0.1217120451E+02   0.0000000000E+00   0.8463890815E+02   0.2105486237E+03   0.0000000000E+00   0.0000000000E+00   0.2212018117E+00
      3.   1.   0.1243465517E+02   0.0000000000E+00   0.8460586207E+02   0.1829375575E+03   0.0000000000E+00   0.0000000000E+00   0.2054254362E+00
      3.   2.   0.1243465517E+02   0.0000000000E+00   0.8460586207E+02   0.2026850977E+03   0.0000000000E+00   0.0000000000E+00   0.2050001562E+00
      3.   3.   0.1243465517E+02   0.0000000000E+00   0.8460586207E+02   0.2027542127E+03   0.0000000000E+00   0.0000000000E+00   0.2051276417E+00
      3.   4.   0.1243465517E+02   0.0000000000E+00   0.8460586207E+02   0.2027657827E+03   0.0000000000E+00   0.0000000000E+00   0.2051463021E+00
      3.   5.   0.1243465517E+02   0.0000000000E+00   0.8460586207E+02   0.2027692912E+03   0.0000000000E+00   0.0000000000E+00   0.2051508203E+00
      3.   6.   0.1243465517E+02   0.0000000000E+00   0.8460586207E+02   0.2027704706E+03   0.0000000000E+00   0.0000000000E+00   0.2051520297E+00
      4.   1.   0.1269269231E+02   0.0000000000E+00   0.8455153846E+02   0.1774723498E+03   0.0000000000E+00   0.0000000000E+00   0.1924243782E+00
      4.   2.   0.1269269231E+02   0.0000000000E+00   0.8455153846E+02   0.1961678420E+03   0.0000000000E+00   0.0000000000E+00   0.1920303706E+00
      4.   3.   0.1269269231E+02   0.0000000000E+00   0.8455153846E+02   0.1962325047E+03   0.0000000000E+00   0.0000000000E+00   0.1921487053E+00
      4.   4.   0.1269269231E+02   0.0000000000E+00   0.8455153846E+02   0.1962418693E+03   0.0000000000E+00   0.0000000000E+00   0.1921659514E+00
      4.   5.   0.1269269231E+02   0.0000000000E+00   0.8455153846E+02   0.1962441126E+03   0.0000000000E+00   0.0000000000E+00   0.1921701962E+00
      4.   6.   0.1269269231E+02   0.0000000000E+00   0.8455153846E+02   0.1962447677E+03   0.0000000000E+00   0.0000000000E+00   0.1921715578E+00
      5.   1.   0.1294283784E+02   0.0000000000E+00   0.8447702703E+02   0.1735144991E+03   0.0000000000E+00   0.0000000000E+00   0.1824521327E+00
      5.   2.   0.1294283784E+02   0.0000000000E+00   0.8447702703E+02   0.1910042052E+03   0.0000000000E+00   0.0000000000E+00   0.1820827453E+00
      5.   3.   0.1294283784E+02   0.0000000000E+00   0.8447702703E+02   0.1910667350E+03   0.0000000000E+00   0.0000000000E+00   0.1821937091E+00
      5.   4.   0.1294283784E+02   0.0000000000E+00   0.8447702703E+02   0.1910756570E+03   0.0000000000E+00   0.0000000000E+00   0.1822098874E+00
      5.   5.   0.1294283784E+02   0.0000000000E+00   0.8447702703E+02   0.1910778508E+03   0.0000000000E+00   0.0000000000E+00   0.1822138866E+00
      5.   6.   0.1294283784E+02   0.0000000000E+00   0.8447702703E+02   0.1910785733E+03   0.0000000000E+00   0.0000000000E+00   0.1822151619E+00
      6.   1.   0.1318287022E+02   0.0000000000E+00   0.8438377704E+02   0.1706456471E+03   0.0000000000E+00   0.0000000000E+00   0.1748490083E+00
      6.   2.   0.1318287022E+02   0.0000000000E+00   0.8438377704E+02   0.1869658508E+03   0.0000000000E+00   0.0000000000E+00   0.1744986705E+00
      6.   3.   0.1318287022E+02   0.0000000000E+00   0.8438377704E+02   0.1870270382E+03   0.0000000000E+00   0.0000000000E+00   0.1746039956E+00
      6.   4.   0.1318287022E+02   0.0000000000E+00   0.8438377704E+02   0.1870357570E+03   0.0000000000E+00   0.0000000000E+00   0.1746193539E+00
      6.   5.   0.1318287022E+02   0.0000000000E+00   0.8438377704E+02   0.1870379392E+03   0.0000000000E+00   0.0000000000E+00   0.1746231827E+00
      6.   6.   0.1318287022E+02   0.0000000000E+00   0.8438377704E+02   0.1870386858E+03   0.0000000000E+00   0.0000000000E+00   0.1746244366E+00
      7.   1.   0.1341088235E+02   0.0000000000E+00   0.8427352941E+02   0.1682852740E+03   0.0000000000E+00   0.0000000000E+00   0.1691289195E+00
      7.   2.   0.1341088235E+02   0.0000000000E+00   0.8427352941E+02   0.1838747912E+03   0.0000000000E+00   0.0000000000E+00   0.1687933229E+00
      7.   3.   0.1341088235E+02   0.0000000000E+00   0.8427352941E+02   0.1839349581E+03   0.0000000000E+00   0.0000000000E+00   0.1688943089E+00
      7.   4.   0.1341088235E+02   0.0000000000E+00   0.8427352941E+02   0.1839435458E+03   0.0000000000E+00   0.0000000000E+00   0.1689090420E+00
      7.   5.   0.1341088235E+02   0.0000000000E+00   0.8427352941E+02   0.1839457333E+03   0.0000000000E+00   0.0000000000E+00   0.1689127479E+00
      7.   6.   0.1341088235E+02   0.0000000000E+00   0.8427352941E+02   0.1839465077E+03   0.0000000000E+00   0.0000000000E+00   0.1689139868E+00
      8.   1.   0.1362532000E+02   0.0000000000E+00   0.8414824000E+02   0.1665075666E+03   0.0000000000E+00   0.0000000000E+00   0.1649417447E+00
      8.   2.   0.1362532000E+02   0.0000000000E+00   0.8414824000E+02   0.1815841333E+03   0.0000000000E+00   0.0000000000E+00   0.1646174008E+00
      8.   3.   0.1362532000E+02   0.0000000000E+00   0.8414824000E+02   0.1816435141E+03   0.0000000000E+00   0.0000000000E+00   0.1647151104E+00
      8.   4.   0.1362532000E+02   0.0000000000E+00   0.8414824000E+02   0.1816520001E+03   0.0000000000E+00   0.0000000000E+00   0.1647293751E+00
      8.   5.   0.1362532000E+02   0.0000000000E+00   0.8414824000E+02   0.1816541928E+03   0.0000000000E+00   0.0000000000E+00   0.1647329944E+00
      8.   6.   0.1362532000E+02   0.0000000000E+00   0.8414824000E+02   0.1816549914E+03   0.0000000000E+00   0.0000000000E+00   0.1647342295E+00
      9.   1.   0.1382500000E+02   0.0000000000E+00   0.8401000000E+02   0.1654715345E+03   0.0000000000E+00   0.0000000000E+00   0.1620256513E+00
      9.   2.   0.1382500000E+02   0.0000000000E+00   0.8401000000E+02   0.1799722588E+03   0.0000000000E+00   0.0000000000E+00   0.1617096986E+00
      9.   3.   0.1382500000E+02   0.0000000000E+00   0.8401000000E+02   0.1800310364E+03   0.0000000000E+00   0.0000000000E+00   0.1618050024E+00
      9.   4.   0.1382500000E+02   0.0000000000E+00   0.8401000000E+02   0.1800394476E+03   0.0000000000E+00   0.0000000000E+00   0.1618189266E+00
      9.   5.   0.1382500000E+02   0.0000000000E+00   0.8401000000E+02   0.1800416494E+03   0.0000000000E+00   0.0000000000E+00   0.1618224884E+00
      9.   6.   0.1382500000E+02   0.0000000000E+00   0.8401000000E+02   0.1800424719E+03   0.0000000000E+00   0.0000000000E+00   0.1618237268E+00
     10.   1.   0.1400910959E+02   0.0000000000E+00   0.8386095890E+02   0.1650870387E+03   0.0000000000E+00   0.0000000000E+00   0.1601767526E+00
     10.   2.   0.1400910959E+02   0.0000000000E+00   0.8386095890E+02   0.1789430658E+03   0.0000000000E+00   0.0000000000E+00   0.1598667753E+00
     10.   3.   0.1400910959E+02   0.0000000000E+00   0.8386095890E+02   0.1790013949E+03   0.0000000000E+00   0.0000000000E+00   0.1599603979E+00
     10.   4.   0.1400910959E+02   0.0000000000E+00   0.8386095890E+02   0.1790097532E+03   0.0000000000E+00   0.0000000000E+00   0.1599740879E+00
     10.   5.   0.1400910959E+02   0.0000000000E+00   0.8386095890E+02   0.1790119665E+03   0.0000000000E+00   0.0000000000E+00   0.1599776160E+00
     10.   6.   0.1400910959E+02   0.0000000000E+00   0.8386095890E+02   0.1790128117E+03   0.0000000000E+00   0.0000000000E+00   0.1599788631E+00
     11.   1.   0.1417718935E+02   0.0000000000E+00   0.8370325444E+02   0.1652564583E+03   0.0000000000E+00   0.0000000000E+00   0.1592304480E+00
     11.   2.   0.1417718935E+02   0.0000000000E+00   0.8370325444E+02   0.1784149933E+03   0.0000000000E+00   0.0000000000E+00   0.1589244290E+00
     11.   3.   0.1417718935E+02   0.0000000000E+00   0.8370325444E+02   0.1784730039E+03   0.0000000000E+00   0.0000000000E+00   0.1590169809E+00
     11.   4.   0.1417718935E+02   0.0000000000E+00   0.8370325444E+02   0.1784813282E+03   0.0000000000E+00   0.0000000000E+00   0.1590305249E+00
     11.   5.   0.1417718935E+02   0.0000000000E+00   0.8370325444E+02   0.1784835550E+03   0.0000000000E+00   0.0000000000E+00   0.1590340389E+00
     11.   6.   0.1417718935E+02   0.0000000000E+00   0.8370325444E+02   0.1784844219E+03   0.0000000000E+00   0.0000000000E+00   0.1590352990E+00
     12.   1.   0.1432910330E+02   0.0000000000E+00   0.8353895265E+02   0.1659187546E+03   0.0000000000E+00   0.0000000000E+00   0.1590502994E+00
     12.   2.   0.1432910330E+02   0.0000000000E+00   0.8353895265E+02   0.1783161525E+03   0.0000000000E+00   0.0000000000E+00   0.1587465531E+00
     12.   3.   0.1432910330E+02   0.0000000000E+00   0.8353895265E+02   0.1783739551E+03   0.0000000000E+00   0.0000000000E+00   0.1588385485E+00
     12.   4.   0.1432910330E+02   0.0000000000E+00   0.8353895265E+02   0.1783822615E+03   0.0000000000E+00   0.0000000000E+00   0.1588520213E+00
     12.   5.   0.1432910330E+02   0.0000000000E+00   0.8353895265E+02   0.1783845035E+03   0.0000000000E+00   0.0000000000E+00   0.1588555373E+00
     12.   6.   0.1432910330E+02   0.0000000000E+00   0.8353895265E+02   0.1783853905E+03   0.0000000000E+00   0.0000000000E+00   0.1588568134E+00
     13.   1.   0.1446500000E+02   0.0000000000E+00   0.8337000000E+02   0.1670391261E+03   0.0000000000E+00   0.0000000000E+00   0.1595211119E+00
     13.   2.   0.1446500000E+02   0.0000000000E+00   0.8337000000E+02   0.1785826180E+03   0.0000000000E+00   0.0000000000E+00   0.1592181998E+00
     13.   3.   0.1446500000E+02   0.0000000000E+00   0.8337000000E+02   0.1786403064E+03   0.0000000000E+00   0.0000000000E+00   0.1593100739E+00
     13.   4.   0.1446500000E+02   0.0000000000E+00   0.8337000000E+02   0.1786486090E+03   0.0000000000E+00   0.0000000000E+00   0.1593235377E+00
     13.   5.   0.1446500000E+02   0.0000000000E+00   0.8337000000E+02   0.1786508672E+03   0.0000000000E+00   0.0000000000E+00   0.1593270691E+00
     13.   6.   0.1446500000E+02   0.0000000000E+00   0.8337000000E+02   0.1786517733E+03   0.0000000000E+00   0.0000000000E+00   0.1593283637E+00
     14.   1.   0.1458526846E+02   0.0000000000E+00   0.8319818792E+02   0.1686211700E+03   0.0000000000E+00   0.0000000000E+00   0.1605438784E+00
     14.   2.   0.1458526846E+02   0.0000000000E+00   0.8319818792E+02   0.1791571579E+03   0.0000000000E+00   0.0000000000E+00   0.1602405578E+00
     14.   3.   0.1458526846E+02   0.0000000000E+00   0.8319818792E+02   0.1792148137E+03   0.0000000000E+00   0.0000000000E+00   0.1603326797E+00
     14.   4.   0.1458526846E+02   0.0000000000E+00   0.8319818792E+02   0.1792231243E+03   0.0000000000E+00   0.0000000000E+00   0.1603461875E+00
     14.   5.   0.1458526846E+02   0.0000000000E+00   0.8319818792E+02   0.1792253997E+03   0.0000000000E+00   0.0000000000E+00   0.1603497453E+00
     14.   6.   0.1458526846E+02   0.0000000000E+00   0.8319818792E+02   0.1792263235E+03   0.0000000000E+00   0.0000000000E+00   0.1603510601E+00
     15.   1.   0.1469049223E+02   0.0000000000E+00   0.8302512953E+02   0.1707812612E+03   0.0000000000E+00   0.0000000000E+00   0.1620321684E+00
     15.   2.   0.1469049223E+02   0.0000000000E+00   0.8302512953E+02   0.1799880952E+03   0.0000000000E+00   0.0000000000E+00   0.1617273938E+00
     15.   3.   0.1469049223E+02   0.0000000000E+00   0.8302512953E+02   0.1800457892E+03   0.0000000000E+00   0.0000000000E+00   0.1618200751E+00
     15.   4.   0.1469049223E+02   0.0000000000E+00   0.8302512953E+02   0.1800541183E+03   0.0000000000E+00   0.0000000000E+00   0.1618336716E+00
     15.   5.   0.1469049223E+02   0.0000000000E+00   0.8302512953E+02   0.1800564114E+03   0.0000000000E+00   0.0000000000E+00   0.1618372650E+00
     15.   6.   0.1469049223E+02   0.0000000000E+00   0.8302512953E+02   0.1800573517E+03   0.0000000000E+00   0.0000000000E+00   0.1618386014E+00
     16.   1.   0.1478140449E+02   0.0000000000E+00   0.8285224719E+02   0.1739074952E+03   0.0000000000E+00   0.0000000000E+00   0.1639105816E+00
     16.   2.   0.1478140449E+02   0.0000000000E+00   0.8285224719E+02   0.1810285556E+03   0.0000000000E+00   0.0000000000E+00   0.1636034834E+00
     16.   3.   0.1478140449E+02   0.0000000000E+00   0.8285224719E+02   0.1810863499E+03   0.0000000000E+00   0.0000000000E+00   0.1636969865E+00
     16.   4.   0.1478140449E+02   0.0000000000E+00   0.8285224719E+02   0.1810947061E+03   0.0000000000E+00   0.0000000000E+00   0.1637107087E+00
     16.   5.   0.1478140449E+02   0.0000000000E+00   0.8285224719E+02   0.1810970176E+03   0.0000000000E+00   0.0000000000E+00   0.1637143454E+00
     16.   6.   0.1478140449E+02   0.0000000000E+00   0.8285224719E+02   0.1810979731E+03   0.0000000000E+00   0.0000000000E+00   0.1637157043E+00
     17.   1.   0.1485884615E+02   0.0000000000E+00   0.8268076923E+02   0.1781905566E+03   0.0000000000E+00   0.0000000000E+00   0.1661138771E+00
     17.   2.   0.1485884615E+02   0.0000000000E+00   0.8268076923E+02   0.1822373043E+03   0.0000000000E+00   0.0000000000E+00   0.1658037077E+00
     17.   3.   0.1485884615E+02   0.0000000000E+00   0.8268076923E+02   0.1822952529E+03   0.0000000000E+00   0.0000000000E+00   0.1658982526E+00
     17.   4.   0.1485884615E+02   0.0000000000E+00   0.8268076923E+02   0.1823036438E+03   0.0000000000E+00   0.0000000000E+00   0.1659121318E+00
     17.   5.   0.1485884615E+02   0.0000000000E+00   0.8268076923E+02   0.1823059740E+03   0.0000000000E+00   0.0000000000E+00   0.1659158179E+00
     17.   6.   0.1485884615E+02   0.0000000000E+00   0.8268076923E+02   0.1823069437E+03   0.0000000000E+00   0.0000000000E+00   0.1659172000E+00
     18.   1.   0.1492372832E+02   0.0000000000E+00   0.8251173410E+02   0.1818056229E+03   0.0000000000E+00   0.0000000000E+00   0.1685858114E+00
     18.   2.   0.1492372832E+02   0.0000000000E+00   0.8251173410E+02   0.1835846584E+03   0.0000000000E+00   0.0000000000E+00   0.1682719382E+00
     18.   3.   0.1492372832E+02   0.0000000000E+00   0.8251173410E+02   0.1836428093E+03   0.0000000000E+00   0.0000000000E+00   0.1683677110E+00
     18.   4.   0.1492372832E+02   0.0000000000E+00   0.8251173410E+02   0.1836512415E+03   0.0000000000E+00   0.0000000000E+00   0.1683817734E+00
     18.   5.   0.1492372832E+02   0.0000000000E+00   0.8251173410E+02   0.1836535904E+03   0.0000000000E+00   0.0000000000E+00   0.1683855140E+00
     18.   6.   0.1492372832E+02   0.0000000000E+00   0.8251173410E+02   0.1836545733E+03   0.0000000000E+00   0.0000000000E+00   0.1683869198E+00
     19.   1.   0.1497700000E+02   0.0000000000E+00   0.8234600000E+02   0.1836185741E+03   0.0000000000E+00   0.0000000000E+00   0.1712779759E+00
     19.   2.   0.1497700000E+02   0.0000000000E+00   0.8234600000E+02   0.1850466548E+03   0.0000000000E+00   0.0000000000E+00   0.1709598954E+00
     19.   3.   0.1497700000E+02   0.0000000000E+00   0.8234600000E+02   0.1851050509E+03   0.0000000000E+00   0.0000000000E+00   0.1710570492E+00
     19.   4.   0.1497700000E+02   0.0000000000E+00   0.8234600000E+02   0.1851135296E+03   0.0000000000E+00   0.0000000000E+00   0.1710713166E+00
     19.   5.   0.1497700000E+02   0.0000000000E+00   0.8234600000E+02   0.1851158976E+03   0.0000000000E+00   0.0000000000E+00   0.1710751158E+00
     19.   6.   0.1497700000E+02   0.0000000000E+00   0.8234600000E+02   0.1851168927E+03   0.0000000000E+00   0.0000000000E+00   0.1710765456E+00
     20.   1.   0.1501962113E+02   0.0000000000E+00   0.8218425827E+02   0.1849340812E+03   0.0000000000E+00   0.0000000000E+00   0.1741489565E+00
     20.   2.   0.1501962113E+02   0.0000000000E+00   0.8218425827E+02   0.1865958329E+03   0.0000000000E+00   0.0000000000E+00   0.1738262203E+00
     20.   3.   0.1501962113E+02   0.0000000000E+00   0.8218425827E+02   0.1866545103E+03   0.0000000000E+00   0.0000000000E+00   0.1739248842E+00
     20.   4.   0.1501962113E+02   0.0000000000E+00   0.8218425827E+02   0.1866630405E+03   0.0000000000E+00   0.0000000000E+00   0.1739393741E+00
     20.   5.   0.1501962113E+02   0.0000000000E+00   0.8218425827E+02   0.1866654275E+03   0.0000000000E+00   0.0000000000E+00   0.1739432354E+00
     20.   6.   0.1501962113E+02   0.0000000000E+00   0.8218425827E+02   0.1866664340E+03   0.0000000000E+00   0.0000000000E+00   0.1739446893E+00
     21.   1.   0.1505254098E+02   0.0000000000E+00   0.8202704918E+02   0.1864015396E+03   0.0000000000E+00   0.0000000000E+00   0.1771633229E+00
     21.   2.   0.1505254098E+02   0.0000000000E+00   0.8202704918E+02   0.1882089781E+03   0.0000000000E+00   0.0000000000E+00   0.1768355698E+00
     21.   3.   0.1505254098E+02   0.0000000000E+00   0.8202704918E+02   0.1882679699E+03   0.0000000000E+00   0.0000000000E+00   0.1769358495E+00
     21.   4.   0.1505254098E+02   0.0000000000E+00   0.8202704918E+02   0.1882765553E+03   0.0000000000E+00   0.0000000000E+00   0.1769505771E+00
     21.   5.   0.1505254098E+02   0.0000000000E+00   0.8202704918E+02   0.1882789614E+03   0.0000000000E+00   0.0000000000E+00   0.1769545028E+00
     21.   6.   0.1505254098E+02   0.0000000000E+00   0.8202704918E+02   0.1882799785E+03   0.0000000000E+00   0.0000000000E+00   0.1769559809E+00
     22.   1.   0.1507668142E+02   0.0000000000E+00   0.8187477876E+02   0.1880363099E+03   0.0000000000E+00   0.0000000000E+00   0.1802909023E+00
     22.   2.   0.1507668142E+02   0.0000000000E+00   0.8187477876E+02   0.1898681438E+03   0.0000000000E+00   0.0000000000E+00   0.1799578435E+00
     22.   3.   0.1507668142E+02   0.0000000000E+00   0.8187477876E+02   0.1899274784E+03   0.0000000000E+00   0.0000000000E+00   0.1800598244E+00
     22.   4.   0.1507668142E+02   0.0000000000E+00   0.8187477876E+02   0.1899361224E+03   0.0000000000E+00   0.0000000000E+00   0.1800748014E+00
     22.   5.   0.1507668142E+02   0.0000000000E+00   0.8187477876E+02   0.1899385475E+03   0.0000000000E+00   0.0000000000E+00   0.1800787938E+00
     22.   6.   0.1507668142E+02   0.0000000000E+00   0.8187477876E+02   0.1899395744E+03   0.0000000000E+00   0.0000000000E+00   0.1800802958E+00
     23.   1.   0.1509292453E+02   0.0000000000E+00   0.8172773585E+02   0.1897696814E+03   0.0000000000E+00   0.0000000000E+00   0.1835061431E+00
     23.   2.   0.1509292453E+02   0.0000000000E+00   0.8172773585E+02   0.1915587987E+03   0.0000000000E+00   0.0000000000E+00   0.1831675186E+00
     23.   3.   0.1509292453E+02   0.0000000000E+00   0.8172773585E+02   0.1916185015E+03   0.0000000000E+00   0.0000000000E+00   0.1832712735E+00
     23.   4.   0.1509292453E+02   0.0000000000E+00   0.8172773585E+02   0.1916272070E+03   0.0000000000E+00   0.0000000000E+00   0.1832865098E+00
     23.   5.   0.1509292453E+02   0.0000000000E+00   0.8172773585E+02   0.1916296511E+03   0.0000000000E+00   0.0000000000E+00   0.1832905703E+00
     23.   6.   0.1509292453E+02   0.0000000000E+00   0.8172773585E+02   0.1916306872E+03   0.0000000000E+00   0.0000000000E+00   0.1832920962E+00
     24.   1.   0.1510210407E+02   0.0000000000E+00   0.8158610860E+02   0.1915572255E+03   0.0000000000E+00   0.0000000000E+00   0.1867869069E+00
     24.   2.   0.1510210407E+02   0.0000000000E+00   0.8158610860E+02   0.1932686627E+03   0.0000000000E+00   0.0000000000E+00   0.1864425173E+00
     24.   3.   0.1510210407E+02   0.0000000000E+00   0.8158610860E+02   0.1933287543E+03   0.0000000000E+00   0.0000000000E+00   0.1865480998E+00
     24.   4.   0.1510210407E+02   0.0000000000E+00   0.8158610860E+02   0.1933375240E+03   0.0000000000E+00   0.0000000000E+00   0.1865636029E+00
     24.   5.   0.1510210407E+02   0.0000000000E+00   0.8158610860E+02   0.1933399872E+03   0.0000000000E+00   0.0000000000E+00   0.1865677325E+00
     24.   6.   0.1510210407E+02   0.0000000000E+00   0.8158610860E+02   0.1933410321E+03   0.0000000000E+00   0.0000000000E+00   0.1865692822E+00
     25.   1.   0.1510500000E+02   0.0000000000E+00   0.8145000000E+02   0.1932953065E+03   0.0000000000E+00   0.0000000000E+00   0.1901520432E+00
     25.   2.   0.1510500000E+02   0.0000000000E+00   0.8145000000E+02   0.1950066083E+03   0.0000000000E+00   0.0000000000E+00   0.1898018210E+00
     25.   3.   0.1510500000E+02   0.0000000000E+00   0.8145000000E+02   0.1950671525E+03   0.0000000000E+00   0.0000000000E+00   0.1899092338E+00
     25.   4.   0.1510500000E+02   0.0000000000E+00   0.8145000000E+02   0.1950759960E+03   0.0000000000E+00   0.0000000000E+00   0.1899250109E+00
     25.   5.   0.1510500000E+02   0.0000000000E+00   0.8145000000E+02   0.1950784822E+03   0.0000000000E+00   0.0000000000E+00   0.1899292106E+00
     25.   6.   0.1510500000E+02   0.0000000000E+00   0.8145000000E+02   0.1950795383E+03   0.0000000000E+00   0.0000000000E+00   0.1899307852E+00
     26.   1.   0.1510210407E+02   0.0000000000E+00   0.8131389140E+02   0.1950682610E+03   0.0000000000E+00   0.0000000000E+00   0.1936949104E+00
     26.   2.   0.1510210407E+02   0.0000000000E+00   0.8131389140E+02   0.1968137954E+03   0.0000000000E+00   0.0000000000E+00   0.1933377587E+00
     26.   3.   0.1510210407E+02   0.0000000000E+00   0.8131389140E+02   0.1968749898E+03   0.0000000000E+00   0.0000000000E+00   0.1934472450E+00
     26.   4.   0.1510210407E+02   0.0000000000E+00   0.8131389140E+02   0.1968839199E+03   0.0000000000E+00   0.0000000000E+00   0.1934633166E+00
     26.   5.   0.1510210407E+02   0.0000000000E+00   0.8131389140E+02   0.1968864276E+03   0.0000000000E+00   0.0000000000E+00   0.1934675905E+00
     26.   6.   0.1510210407E+02   0.0000000000E+00   0.8131389140E+02   0.1968874908E+03   0.0000000000E+00   0.0000000000E+00   0.1934691872E+00
     27.   1.   0.1509292453E+02   0.0000000000E+00   0.8117226415E+02   0.1968999539E+03   0.0000000000E+00   0.0000000000E+00   0.1975461541E+00
     27.   2.   0.1509292453E+02   0.0000000000E+00   0.8117226415E+02   0.1987597368E+03   0.0000000000E+00   0.0000000000E+00   0.1971815597E+00
     27.   3.   0.1509292453E+02   0.0000000000E+00   0.8117226415E+02   0.1988216841E+03   0.0000000000E+00   0.0000000000E+00   0.1972932544E+00
     27.   4.   0.1509292453E+02   0.0000000000E+00   0.8117226415E+02   0.1988307156E+03   0.0000000000E+00   0.0000000000E+00   0.1973096466E+00
     27.   5.   0.1509292453E+02   0.0000000000E+00   0.8117226415E+02   0.1988332500E+03   0.0000000000E+00   0.0000000000E+00   0.1973140007E+00
     27.   6.   0.1509292453E+02   0.0000000000E+00   0.8117226415E+02   0.1988343233E+03   0.0000000000E+00   0.0000000000E+00   0.1973156224E+00
     28.   1.   0.1507668142E+02   0.0000000000E+00   0.8102522124E+02   0.1989315619E+03   0.0000000000E+00   0.0000000000E+00   0.2017719978E+00
     28.   2.   0.1507668142E+02   0.0000000000E+00   0.8102522124E+02   0.2008737429E+03   0.0000000000E+00   0.0000000000E+00   0.2013991554E+00
     28.   3.   0.1507668142E+02   0.0000000000E+00   0.8102522124E+02   0.2009365167E+03   0.0000000000E+00   0.0000000000E+00   0.2015132914E+00
     28.   4.   0.1507668142E+02   0.0000000000E+00   0.8102522124E+02   0.2009456598E+03   0.0000000000E+00   0.0000000000E+00   0.2015300377E+00
     28.   5.   0.1507668142E+02   0.0000000000E+00   0.8102522124E+02   0.2009482229E+03   0.0000000000E+00   0.0000000000E+00   0.2015344794E+00
     28.   6.   0.1507668142E+02   0.0000000000E+00   0.8102522124E+02   0.2009493067E+03   0.0000000000E+00   0.0000000000E+00   0.2015361278E+00
     29.   1.   0.1505254098E+02   0.0000000000E+00   0.8087295082E+02   0.2012134192E+03   0.0000000000E+00   0.0000000000E+00   0.2064107904E+00
     29.   2.   0.1505254098E+02   0.0000000000E+00   0.8087295082E+02   0.2031695004E+03   0.0000000000E+00   0.0000000000E+00   0.2060287835E+00
     29.   3.   0.1505254098E+02   0.0000000000E+00   0.8087295082E+02   0.2032331806E+03   0.0000000000E+00   0.0000000000E+00   0.2061456260E+00
     29.   4.   0.1505254098E+02   0.0000000000E+00   0.8087295082E+02   0.2032424457E+03   0.0000000000E+00   0.0000000000E+00   0.2061627639E+00
     29.   5.   0.1505254098E+02   0.0000000000E+00   0.8087295082E+02   0.2032450396E+03   0.0000000000E+00   0.0000000000E+00   0.2061673012E+00
     29.   6.   0.1505254098E+02   0.0000000000E+00   0.8087295082E+02   0.2032461337E+03   0.0000000000E+00   0.0000000000E+00   0.2061689781E+00
     30.   1.   0.1501962113E+02   0.0000000000E+00   0.8071574173E+02   0.2038241428E+03   0.0000000000E+00   0.0000000000E+00   0.2115049971E+00
     30.   2.   0.1501962113E+02   0.0000000000E+00   0.8071574173E+02   0.2056616259E+03   0.0000000000E+00   0.0000000000E+00   0.2111128359E+00
     30.   3.   0.1501962113E+02   0.0000000000E+00   0.8071574173E+02   0.2057262972E+03   0.0000000000E+00   0.0000000000E+00   0.2112326752E+00
     30.   4.   0.1501962113E+02   0.0000000000E+00   0.8071574173E+02   0.2057356953E+03   0.0000000000E+00   0.0000000000E+00   0.2112502463E+00
     30.   5.   0.1501962113E+02   0.0000000000E+00   0.8071574173E+02   0.2057383218E+03   0.0000000000E+00   0.0000000000E+00   0.2112548885E+00
     30.   6.   0.1501962113E+02   0.0000000000E+00   0.8071574173E+02   0.2057394264E+03   0.0000000000E+00   0.0000000000E+00   0.2112565955E+00
     31.   1.   0.1497700000E+02   0.0000000000E+00   0.8055400000E+02   0.2067508596E+03   0.0000000000E+00   0.0000000000E+00   0.2171024834E+00
     31.   2.   0.1497700000E+02   0.0000000000E+00   0.8055400000E+02   0.2083666065E+03   0.0000000000E+00   0.0000000000E+00   0.2166990553E+00
     31.   3.   0.1497700000E+02   0.0000000000E+00   0.8055400000E+02   0.2084323590E+03   0.0000000000E+00   0.0000000000E+00   0.2168222177E+00
     31.   4.   0.1497700000E+02   0.0000000000E+00   0.8055400000E+02   0.2084419018E+03   0.0000000000E+00   0.0000000000E+00   0.2168402687E+00
     31.   5.   0.1497700000E+02   0.0000000000E+00   0.8055400000E+02   0.2084445628E+03   0.0000000000E+00   0.0000000000E+00   0.2168450256E+00
     31.   6.   0.1497700000E+02   0.0000000000E+00   0.8055400000E+02   0.2084456776E+03   0.0000000000E+00   0.0000000000E+00   0.2168467646E+00
     32.   1.   0.1492372832E+02   0.0000000000E+00   0.8038826590E+02   0.2092450379E+03   0.0000000000E+00   0.0000000000E+00   0.2232572551E+00
     32.   2.   0.1492372832E+02   0.0000000000E+00   0.8038826590E+02   0.2113046058E+03   0.0000000000E+00   0.0000000000E+00   0.2228412895E+00
     32.   3.   0.1492372832E+02   0.0000000000E+00   0.8038826590E+02   0.2113715332E+03   0.0000000000E+00   0.0000000000E+00   0.2229681413E+00
     32.   4.   0.1492372832E+02   0.0000000000E+00   0.8038826590E+02   0.2113812332E+03   0.0000000000E+00   0.0000000000E+00   0.2229867238E+00
     32.   5.   0.1492372832E+02   0.0000000000E+00   0.8038826590E+02   0.2113839305E+03   0.0000000000E+00   0.0000000000E+00   0.2229916063E+00
     32.   6.   0.1492372832E+02   0.0000000000E+00   0.8038826590E+02   0.2113850552E+03   0.0000000000E+00   0.0000000000E+00   0.2229933793E+00
     33.   1.   0.1485884615E+02   0.0000000000E+00   0.8021923077E+02   0.2097184305E+03   0.0000000000E+00   0.0000000000E+00   0.2300303280E+00
     33.   2.   0.1485884615E+02   0.0000000000E+00   0.8021923077E+02   0.2144981637E+03   0.0000000000E+00   0.0000000000E+00   0.2296004424E+00
     33.   3.   0.1485884615E+02   0.0000000000E+00   0.8021923077E+02   0.2145663657E+03   0.0000000000E+00   0.0000000000E+00   0.2297313924E+00
     33.   4.   0.1485884615E+02   0.0000000000E+00   0.8021923077E+02   0.2145762356E+03   0.0000000000E+00   0.0000000000E+00   0.2297505645E+00
     33.   5.   0.1485884615E+02   0.0000000000E+00   0.8021923077E+02   0.2145789712E+03   0.0000000000E+00   0.0000000000E+00   0.2297555850E+00
     33.   6.   0.1485884615E+02   0.0000000000E+00   0.8021923077E+02   0.2145801053E+03   0.0000000000E+00   0.0000000000E+00   0.2297573942E+00
     34.   1.   0.1478140449E+02   0.0000000000E+00   0.8004775281E+02   0.2093720170E+03   0.0000000000E+00   0.0000000000E+00   0.2374911174E+00
     34.   2.   0.1478140449E+02   0.0000000000E+00   0.8004775281E+02   0.2179624859E+03   0.0000000000E+00   0.0000000000E+00   0.2370457229E+00
     34.   3.   0.1478140449E+02   0.0000000000E+00   0.8004775281E+02   0.2180320651E+03   0.0000000000E+00   0.0000000000E+00   0.2371812336E+00
     34.   4.   0.1478140449E+02   0.0000000000E+00   0.8004775281E+02   0.2180421189E+03   0.0000000000E+00   0.0000000000E+00   0.2372010612E+00
     34.   5.   0.1478140449E+02   0.0000000000E+00   0.8004775281E+02   0.2180448944E+03   0.0000000000E+00   0.0000000000E+00   0.2372062331E+00
     34.   6.   0.1478140449E+02   0.0000000000E+00   0.8004775281E+02   0.2180460371E+03   0.0000000000E+00   0.0000000000E+00   0.2372080808E+00
     35.   1.   0.1469049223E+02   0.0000000000E+00   0.7987487047E+02   0.2103576557E+03   0.0000000000E+00   0.0000000000E+00   0.2457188336E+00
     35.   2.   0.1469049223E+02   0.0000000000E+00   0.7987487047E+02   0.2217154205E+03   0.0000000000E+00   0.0000000000E+00   0.2452561393E+00
     35.   3.   0.1469049223E+02   0.0000000000E+00   0.7987487047E+02   0.2217864811E+03   0.0000000000E+00   0.0000000000E+00   0.2453967305E+00
     35.   4.   0.1469049223E+02   0.0000000000E+00   0.7987487047E+02   0.2217967334E+03   0.0000000000E+00   0.0000000000E+00   0.2454172876E+00
     35.   5.   0.1469049223E+02   0.0000000000E+00   0.7987487047E+02   0.2217995501E+03   0.0000000000E+00   0.0000000000E+00   0.2454226263E+00
     35.   6.   0.1469049223E+02   0.0000000000E+00   0.7987487047E+02   0.2218007006E+03   0.0000000000E+00   0.0000000000E+00   0.2454245150E+00
     36.   1.   0.1458526846E+02   0.0000000000E+00   0.7970181208E+02   0.2124885230E+03   0.0000000000E+00   0.0000000000E+00   0.2548046637E+00
     36.   2.   0.1458526846E+02   0.0000000000E+00   0.7970181208E+02   0.2257847121E+03   0.0000000000E+00   0.0000000000E+00   0.2543226606E+00
     36.   3.   0.1458526846E+02   0.0000000000E+00   0.7970181208E+02   0.2258573630E+03   0.0000000000E+00   0.0000000000E+00   0.2544689217E+00
     36.   4.   0.1458526846E+02   0.0000000000E+00   0.7970181208E+02   0.2258678282E+03   0.0000000000E+00   0.0000000000E+00   0.2544902922E+00
     36.   5.   0.1458526846E+02   0.0000000000E+00   0.7970181208E+02   0.2258706878E+03   0.0000000000E+00   0.0000000000E+00   0.2544958150E+00
     36.   6.   0.1458526846E+02   0.0000000000E+00   0.7970181208E+02   0.2258718447E+03   0.0000000000E+00   0.0000000000E+00   0.2544977478E+00
     37.   1.   0.1446500000E+02   0.0000000000E+00   0.7953000000E+02   0.2153009371E+03   0.0000000000E+00   0.0000000000E+00   0.2648544020E+00
     37.   2.   0.1446500000E+02   0.0000000000E+00   0.7953000000E+02   0.2302014333E+03   0.0000000000E+00   0.0000000000E+00   0.2643507928E+00
     37.   3.   0.1446500000E+02   0.0000000000E+00   0.7953000000E+02   0.2302757833E+03   0.0000000000E+00   0.0000000000E+00   0.2645033954E+00
     37.   4.   0.1446500000E+02   0.0000000000E+00   0.7953000000E+02   0.2302864771E+03   0.0000000000E+00   0.0000000000E+00   0.2645256752E+00
     37.   5.   0.1446500000E+02   0.0000000000E+00   0.7953000000E+02   0.2302893806E+03   0.0000000000E+00   0.0000000000E+00   0.2645314019E+00
     37.   6.   0.1446500000E+02   0.0000000000E+00   0.7953000000E+02   0.2302905426E+03   0.0000000000E+00   0.0000000000E+00   0.2645333822E+00
     38.   1.   0.1432910330E+02   0.0000000000E+00   0.7936104735E+02   0.2186381776E+03   0.0000000000E+00   0.0000000000E+00   0.2759911340E+00
     38.   2.   0.1432910330E+02   0.0000000000E+00   0.7936104735E+02   0.2349992772E+03   0.0000000000E+00   0.0000000000E+00   0.2754632980E+00
     38.   3.   0.1432910330E+02   0.0000000000E+00   0.7936104735E+02   0.2350754381E+03   0.0000000000E+00   0.0000000000E+00   0.2756230095E+00
     38.   4.   0.1432910330E+02   0.0000000000E+00   0.7936104735E+02   0.2350863765E+03   0.0000000000E+00   0.0000000000E+00   0.2756463089E+00
     38.   5.   0.1432910330E+02   0.0000000000E+00   0.7936104735E+02   0.2350893248E+03   0.0000000000E+00   0.0000000000E+00   0.2756522621E+00
     38.   6.   0.1432910330E+02   0.0000000000E+00   0.7936104735E+02   0.2350904901E+03   0.0000000000E+00   0.0000000000E+00   0.2756542940E+00
     39.   1.   0.1417718935E+02   0.0000000000E+00   0.7919674556E+02   0.2224744803E+03   0.0000000000E+00   0.0000000000E+00   0.2883596501E+00
     39.   2.   0.1417718935E+02   0.0000000000E+00   0.7919674556E+02   0.2402161953E+03   0.0000000000E+00   0.0000000000E+00   0.2878046177E+00
     39.   3.   0.1417718935E+02   0.0000000000E+00   0.7919674556E+02   0.2402942806E+03   0.0000000000E+00   0.0000000000E+00   0.2879723181E+00
     39.   4.   0.1417718935E+02   0.0000000000E+00   0.7919674556E+02   0.2403054803E+03   0.0000000000E+00   0.0000000000E+00   0.2879967631E+00
     39.   5.   0.1417718935E+02   0.0000000000E+00   0.7919674556E+02   0.2403084741E+03   0.0000000000E+00   0.0000000000E+00   0.2880029696E+00
     39.   6.   0.1417718935E+02   0.0000000000E+00   0.7919674556E+02   0.2403096407E+03   0.0000000000E+00   0.0000000000E+00   0.2880050587E+00
     40.   1.   0.1400910959E+02   0.0000000000E+00   0.7903904110E+02   0.2268293886E+03   0.0000000000E+00   0.0000000000E+00   0.3021356154E+00
     40.   2.   0.1400910959E+02   0.0000000000E+00   0.7903904110E+02   0.2458971987E+03   0.0000000000E+00   0.0000000000E+00   0.3015499538E+00
     40.   3.   0.1400910959E+02   0.0000000000E+00   0.7903904110E+02   0.2459773292E+03   0.0000000000E+00   0.0000000000E+00   0.3017266630E+00
     40.   4.   0.1400910959E+02   0.0000000000E+00   0.7903904110E+02   0.2459888077E+03   0.0000000000E+00   0.0000000000E+00   0.3017524021E+00
     40.   5.   0.1400910959E+02   0.0000000000E+00   0.7903904110E+02   0.2459918475E+03   0.0000000000E+00   0.0000000000E+00   0.3017588927E+00
     40.   6.   0.1400910959E+02   0.0000000000E+00   0.7903904110E+02   0.2459930134E+03   0.0000000000E+00   0.0000000000E+00   0.3017610458E+00
     41.   1.   0.1382500000E+02   0.0000000000E+00   0.7889000000E+02   0.2317570016E+03   0.0000000000E+00   0.0000000000E+00   0.3175396693E+00
     41.   2.   0.1382500000E+02   0.0000000000E+00   0.7889000000E+02   0.2520982280E+03   0.0000000000E+00   0.0000000000E+00   0.3169193756E+00
     41.   3.   0.1382500000E+02   0.0000000000E+00   0.7889000000E+02   0.2521805339E+03   0.0000000000E+00   0.0000000000E+00   0.3171062849E+00
     41.   4.   0.1382500000E+02   0.0000000000E+00   0.7889000000E+02   0.2521923101E+03   0.0000000000E+00   0.0000000000E+00   0.3171334909E+00
     41.   5.   0.1382500000E+02   0.0000000000E+00   0.7889000000E+02   0.2521953965E+03   0.0000000000E+00   0.0000000000E+00   0.3171403036E+00
     41.   6.   0.1382500000E+02   0.0000000000E+00   0.7889000000E+02   0.2521965594E+03   0.0000000000E+00   0.0000000000E+00   0.3171425298E+00
     42.   1.   0.1362532000E+02   0.0000000000E+00   0.7875176000E+02   0.2373653764E+03   0.0000000000E+00   0.0000000000E+00   0.3348589499E+00
     42.   2.   0.1362532000E+02   0.0000000000E+00   0.7875176000E+02   0.2588918233E+03   0.0000000000E+00   0.0000000000E+00   0.3341992950E+00
     42.   3.   0.1362532000E+02   0.0000000000E+00   0.7875176000E+02   0.2589764523E+03   0.0000000000E+00   0.0000000000E+00   0.3343978186E+00
     42.   4.   0.1362532000E+02   0.0000000000E+00   0.7875176000E+02   0.2589885470E+03   0.0000000000E+00   0.0000000000E+00   0.3344266992E+00
     42.   5.   0.1362532000E+02   0.0000000000E+00   0.7875176000E+02   0.2589916803E+03   0.0000000000E+00   0.0000000000E+00   0.3344338795E+00
     42.   6.   0.1362532000E+02   0.0000000000E+00   0.7875176000E+02   0.2589928377E+03   0.0000000000E+00   0.0000000000E+00   0.3344361910E+00
     43.   1.   0.1341088235E+02   0.0000000000E+00   0.7862647059E+02   0.2437586445E+03   0.0000000000E+00   0.0000000000E+00   0.3544830050E+00
     43.   2.   0.1341088235E+02   0.0000000000E+00   0.7862647059E+02   0.2663793436E+03   0.0000000000E+00   0.0000000000E+00   0.3537783124E+00
     43.   3.   0.1341088235E+02   0.0000000000E+00   0.7862647059E+02   0.2664664700E+03   0.0000000000E+00   0.0000000000E+00   0.3539901578E+00
     43.   4.   0.1341088235E+02   0.0000000000E+00   0.7862647059E+02   0.2664789087E+03   0.0000000000E+00   0.0000000000E+00   0.3540209649E+00
     43.   5.   0.1341088235E+02   0.0000000000E+00   0.7862647059E+02   0.2664820912E+03   0.0000000000E+00   0.0000000000E+00   0.3540285699E+00
     43.   6.   0.1341088235E+02   0.0000000000E+00   0.7862647059E+02   0.2664832418E+03   0.0000000000E+00   0.0000000000E+00   0.3540309824E+00
     44.   1.   0.1318287022E+02   0.0000000000E+00   0.7851622296E+02   0.2506911534E+03   0.0000000000E+00   0.0000000000E+00   0.3769663620E+00
     44.   2.   0.1318287022E+02   0.0000000000E+00   0.7851622296E+02   0.2747161681E+03   0.0000000000E+00   0.0000000000E+00   0.3762096422E+00
     44.   3.   0.1318287022E+02   0.0000000000E+00   0.7851622296E+02   0.2748060318E+03   0.0000000000E+00   0.0000000000E+00   0.3764369381E+00
     44.   4.   0.1318287022E+02   0.0000000000E+00   0.7851622296E+02   0.2748188438E+03   0.0000000000E+00   0.0000000000E+00   0.3764699880E+00
     44.   5.   0.1318287022E+02   0.0000000000E+00   0.7851622296E+02   0.2748220705E+03   0.0000000000E+00   0.0000000000E+00   0.3764780903E+00
     44.   6.   0.1318287022E+02   0.0000000000E+00   0.7851622296E+02   0.2748232081E+03   0.0000000000E+00   0.0000000000E+00   0.3764806290E+00
     45.   1.   0.1294283784E+02   0.0000000000E+00   0.7842297297E+02   0.2580600860E+03   0.0000000000E+00   0.0000000000E+00   0.4031384200E+00
     45.   2.   0.1294283784E+02   0.0000000000E+00   0.7842297297E+02   0.2841236452E+03   0.0000000000E+00   0.0000000000E+00   0.4023207115E+00
     45.   3.   0.1294283784E+02   0.0000000000E+00   0.7842297297E+02   0.2842166167E+03   0.0000000000E+00   0.0000000000E+00   0.4025661389E+00
     45.   4.   0.1294283784E+02   0.0000000000E+00   0.7842297297E+02   0.2842298947E+03   0.0000000000E+00   0.0000000000E+00   0.4026018369E+00
     45.   5.   0.1294283784E+02   0.0000000000E+00   0.7842297297E+02   0.2842331874E+03   0.0000000000E+00   0.0000000000E+00   0.4026105355E+00
     45.   6.   0.1294283784E+02   0.0000000000E+00   0.7842297297E+02   0.2842343170E+03   0.0000000000E+00   0.0000000000E+00   0.4026132155E+00
     46.   1.   0.1269269231E+02   0.0000000000E+00   0.7834846154E+02   0.2667703809E+03   0.0000000000E+00   0.0000000000E+00   0.4342992950E+00
     46.   2.   0.1269269231E+02   0.0000000000E+00   0.7834846154E+02   0.2949238428E+03   0.0000000000E+00   0.0000000000E+00   0.4334083318E+00
     46.   3.   0.1269269231E+02   0.0000000000E+00   0.7834846154E+02   0.2950210394E+03   0.0000000000E+00   0.0000000000E+00   0.4336757240E+00
     46.   4.   0.1269269231E+02   0.0000000000E+00   0.7834846154E+02   0.2950351426E+03   0.0000000000E+00   0.0000000000E+00   0.4337146217E+00
     46.   5.   0.1269269231E+02   0.0000000000E+00   0.7834846154E+02   0.2950385587E+03   0.0000000000E+00   0.0000000000E+00   0.4337240872E+00
     46.   6.   0.1269269231E+02   0.0000000000E+00   0.7834846154E+02   0.2950396136E+03   0.0000000000E+00   0.0000000000E+00   0.4337270713E+00
     47.   1.   0.1243465517E+02   0.0000000000E+00   0.7829413793E+02   0.2776009779E+03   0.0000000000E+00   0.0000000000E+00   0.4725143055E+00
     47.   2.   0.1243465517E+02   0.0000000000E+00   0.7829413793E+02   0.3076249827E+03   0.0000000000E+00   0.0000000000E+00   0.4715343581E+00
     47.   3.   0.1243465517E+02   0.0000000000E+00   0.7829413793E+02   0.3077298933E+03   0.0000000000E+00   0.0000000000E+00   0.4718279444E+00
     47.   4.   0.1243465517E+02   0.0000000000E+00   0.7829413793E+02   0.3077475226E+03   0.0000000000E+00   0.0000000000E+00   0.4718709053E+00
     47.   5.   0.1243465517E+02   0.0000000000E+00   0.7829413793E+02   0.3077529331E+03   0.0000000000E+00   0.0000000000E+00   0.4718812430E+00
     47.   6.   0.1243465517E+02   0.0000000000E+00   0.7829413793E+02   0.3077548272E+03   0.0000000000E+00   0.0000000000E+00   0.4718840469E+00
     48.   1.   0.1217120451E+02   0.0000000000E+00   0.7826109185E+02   0.2904188924E+03   0.0000000000E+00   0.0000000000E+00   0.5197590807E+00
     48.   2.   0.1217120451E+02   0.0000000000E+00   0.7826109185E+02   0.3217101167E+03   0.0000000000E+00   0.0000000000E+00   0.5186404845E+00
     48.   3.   0.1217120451E+02   0.0000000000E+00   0.7826109185E+02   0.3214294507E+03   0.0000000000E+00   0.0000000000E+00   0.5188655997E+00
     48.   4.   0.1217120451E+02   0.0000000000E+00   0.7826109185E+02   0.3210549059E+03   0.0000000000E+00   0.0000000000E+00   0.5188192880E+00
     48.   5.   0.1217120451E+02   0.0000000000E+00   0.7826109185E+02   0.3206443933E+03   0.0000000000E+00   0.0000000000E+00   0.5188022269E+00
     48.   6.   0.1217120451E+02   0.0000000000E+00   0.7826109185E+02   0.3201938992E+03   0.0000000000E+00   0.0000000000E+00   0.5188309268E+00
     49.   1.   0.1190500000E+02   0.0000000000E+00   0.7825000000E+02   0.2796489863E+03   0.0000000000E+00   0.0000000000E+00   0.5410029877E+00
     49.   2.   0.1190500000E+02   0.0000000000E+00   0.7825000000E+02   0.3282072631E+03   0.0000000000E+00   0.0000000000E+00   0.5399400098E+00
     49.   3.   0.1190500000E+02   0.0000000000E+00   0.7825000000E+02   0.3275712944E+03   0.0000000000E+00   0.0000000000E+00   0.5404720260E+00
     49.   4.   0.1190500000E+02   0.0000000000E+00   0.7825000000E+02   0.3268149480E+03   0.0000000000E+00   0.0000000000E+00   0.5407025631E+00
     49.   5.   0.1190500000E+02   0.0000000000E+00   0.7825000000E+02   0.3259941078E+03   0.0000000000E+00   0.0000000000E+00   0.5407778888E+00
     49.   6.   0.1190500000E+02   0.0000000000E+00   0.7825000000E+02   0.3250931334E+03   0.0000000000E+00   0.0000000000E+00   0.5407395446E+00
