# digitalmodel weldolet_crotch CINT table
# units: length=mm force=N stress=MPa K=MPa*sqrt(mm) J=N/mm
# mesh_level     0.
# front_nodes      25.
# contours   6.
# columns: node contour x y z K1 K2 K3 J
      1.   1.   0.1190500000E+02   0.0000000000E+00   0.8465000000E+02   0.1695708656E+03   0.0000000000E+00   0.0000000000E+00   0.2238356857E+00
      1.   2.   0.1190500000E+02   0.0000000000E+00   0.8465000000E+02   0.2102137635E+03   0.0000000000E+00   0.0000000000E+00   0.2234015175E+00
      1.   3.   0.1190500000E+02   0.0000000000E+00   0.8465000000E+02   0.2103383202E+03   0.0000000000E+00   0.0000000000E+00   0.2236315305E+00
      1.   4.   0.1190500000E+02   0.0000000000E+00   0.8465000000E+02   0.2103840461E+03   0.0000000000E+00   0.0000000000E+00   0.2237463848E+00
      1.   5.   0.1190500000E+02   0.0000000000E+00   0.8465000000E+02   0.2104163269E+03   0.0000000000E+00   0.0000000000E+00   0.2238016611E+00
      1.   6.   0.1190500000E+02   0.0000000000E+00   0.8465000000E+02   0.2104404354E+03   0.0000000000E+00   0.0000000000E+00   0.2238078931E+00
      2.   1.   0.1243465517E+02   0.0000000000E+00   0.8460586207E+02   0.1751112658E+03   0.0000000000E+00   0.0000000000E+00   0.2059177008E+00
      2.   2.   0.1243465517E+02   0.0000000000E+00   0.8460586207E+02   0.2020479270E+03   0.0000000000E+00   0.0000000000E+00   0.2054699123E+00
      2.   3.   0.1243465517E+02   0.0000000000E+00   0.8460586207E+02   0.2031849474E+03   0.0000000000E+00   0.0000000000E+00   0.2055474085E+00
      2.   4.   0.1243465517E+02   0.0000000000E+00   0.8460586207E+02   0.2032076507E+03   0.0000000000E+00   0.0000000000E+00   0.2055174541E+00
      2.   5.   0.1243465517E+02   0.0000000000E+00   0.8460586207E+02   0.2032235920E+03   0.0000000000E+00   0.0000000000E+00   0.2054985357E+00
      2.   6.   0.1243465517E+02   0.0000000000E+00   0.8460586207E+02   0.2032366202E+03   0.0000000000E+00   0.0000000000E+00   0.2054997359E+00
      3.   1.   0.1294283784E+02   0.0000000000E+00   0.8447702703E+02   0.1653087503E+03   0.0000000000E+00   0.0000000000E+00   0.1827750394E+00
      3.   2.   0.1294283784E+02   0.0000000000E+00   0.8447702703E+02   0.1905162596E+03   0.0000000000E+00   0.0000000000E+00   0.1823997039E+00
      3.   3.   0.1294283784E+02   0.0000000000E+00   0.8447702703E+02   0.1915117720E+03   0.0000000000E+00   0.0000000000E+00   0.1825091944E+00
      3.   4.   0.1294283784E+02   0.0000000000E+00   0.8447702703E+02   0.1915244986E+03   0.0000000000E+00   0.0000000000E+00   0.1825255703E+00
      3.   5.   0.1294283784E+02   0.0000000000E+00   0.8447702703E+02   0.1915294001E+03   0.0000000000E+00   0.0000000000E+00   0.1825299625E+00
      3.   6.   0.1294283784E+02   0.0000000000E+00   0.8447702703E+02   0.1915314154E+03   0.0000000000E+00   0.0000000000E+00   0.1825313495E+00
      4.   1.   0.1341088235E+02   0.0000000000E+00   0.8427352941E+02   0.1596170307E+03   0.0000000000E+00   0.0000000000E+00   0.1692922103E+00
      4.   2.   0.1341088235E+02   0.0000000000E+00   0.8427352941E+02   0.1834759549E+03   0.0000000000E+00   0.0000000000E+00   0.1689525640E+00
      4.   3.   0.1341088235E+02   0.0000000000E+00   0.8427352941E+02   0.1842981655E+03   0.0000000000E+00   0.0000000000E+00   0.1690523505E+00
      4.   4.   0.1341088235E+02   0.0000000000E+00   0.8427352941E+02   0.1843068904E+03   0.0000000000E+00   0.0000000000E+00   0.1690671798E+00
      4.   5.   0.1341088235E+02   0.0000000000E+00   0.8427352941E+02   0.1843093197E+03   0.0000000000E+00   0.0000000000E+00   0.1690711991E+00
      4.   6.   0.1341088235E+02   0.0000000000E+00   0.8427352941E+02   0.1843102507E+03   0.0000000000E+00   0.0000000000E+00   0.1690727001E+00
      5.   1.   0.1382500000E+02   0.0000000000E+00   0.8401000000E+02   0.1569162383E+03   0.0000000000E+00   0.0000000000E+00   0.1620891926E+00
      5.   2.   0.1382500000E+02   0.0000000000E+00   0.8401000000E+02   0.1799583479E+03   0.0000000000E+00   0.0000000000E+00   0.1617711114E+00
      5.   3.   0.1382500000E+02   0.0000000000E+00   0.8401000000E+02   0.1802927428E+03   0.0000000000E+00   0.0000000000E+00   0.1618651606E+00
      5.   4.   0.1382500000E+02   0.0000000000E+00   0.8401000000E+02   0.1803010822E+03   0.0000000000E+00   0.0000000000E+00   0.1618791574E+00
      5.   5.   0.1382500000E+02   0.0000000000E+00   0.8401000000E+02   0.1803034996E+03   0.0000000000E+00   0.0000000000E+00   0.1618829823E+00
      5.   6.   0.1382500000E+02   0.0000000000E+00   0.8401000000E+02   0.1803045894E+03   0.0000000000E+00   0.0000000000E+00   0.1618844019E+00
      6.   1.   0.1417718935E+02   0.0000000000E+00   0.8370325444E+02   0.1564951784E+03   0.0000000000E+00   0.0000000000E+00   0.1592241978E+00
      6.   2.   0.1417718935E+02   0.0000000000E+00   0.8370325444E+02   0.1786000957E+03   0.0000000000E+00   0.0000000000E+00   0.1589179353E+00
      6.   3.   0.1417718935E+02   0.0000000000E+00   0.8370325444E+02   0.1786581431E+03   0.0000000000E+00   0.0000000000E+00   0.1590092296E+00
      6.   4.   0.1417718935E+02   0.0000000000E+00   0.8370325444E+02   0.1786665180E+03   0.0000000000E+00   0.0000000000E+00   0.1590228371E+00
      6.   5.   0.1417718935E+02   0.0000000000E+00   0.8370325444E+02   0.1786689943E+03   0.0000000000E+00   0.0000000000E+00   0.1590266042E+00
      6.   6.   0.1417718935E+02   0.0000000000E+00   0.8370325444E+02   0.1786701491E+03   0.0000000000E+00   0.0000000000E+00   0.1590280468E+00
      7.   1.   0.1446500000E+02   0.0000000000E+00   0.8337000000E+02   0.1578707391E+03   0.0000000000E+00   0.0000000000E+00   0.1594621262E+00
      7.   2.   0.1446500000E+02   0.0000000000E+00   0.8337000000E+02   0.1786918609E+03   0.0000000000E+00   0.0000000000E+00   0.1591608521E+00
      7.   3.   0.1446500000E+02   0.0000000000E+00   0.8337000000E+02   0.1787877895E+03   0.0000000000E+00   0.0000000000E+00   0.1592514461E+00
      7.   4.   0.1446500000E+02   0.0000000000E+00   0.8337000000E+02   0.1787962648E+03   0.0000000000E+00   0.0000000000E+00   0.1592649677E+00
      7.   5.   0.1446500000E+02   0.0000000000E+00   0.8337000000E+02   0.1787988080E+03   0.0000000000E+00   0.0000000000E+00   0.1592687474E+00
      7.   6.   0.1446500000E+02   0.0000000000E+00   0.8337000000E+02   0.1788000243E+03   0.0000000000E+00   0.0000000000E+00   0.1592702207E+00
      8.   1.   0.1469049223E+02   0.0000000000E+00   0.8302512953E+02   0.1607181774E+03   0.0000000000E+00   0.0000000000E+00   0.1619327781E+00
      8.   2.   0.1469049223E+02   0.0000000000E+00   0.8302512953E+02   0.1800889731E+03   0.0000000000E+00   0.0000000000E+00   0.1616315485E+00
      8.   3.   0.1469049223E+02   0.0000000000E+00   0.8302512953E+02   0.1801556405E+03   0.0000000000E+00   0.0000000000E+00   0.1617229172E+00
      8.   4.   0.1469049223E+02   0.0000000000E+00   0.8302512953E+02   0.1801642084E+03   0.0000000000E+00   0.0000000000E+00   0.1617365668E+00
      8.   5.   0.1469049223E+02   0.0000000000E+00   0.8302512953E+02   0.1801668027E+03   0.0000000000E+00   0.0000000000E+00   0.1617404073E+00
      8.   6.   0.1469049223E+02   0.0000000000E+00   0.8302512953E+02   0.1801680647E+03   0.0000000000E+00   0.0000000000E+00   0.1617419233E+00
      9.   1.   0.1485884615E+02   0.0000000000E+00   0.8268076923E+02   0.1652347752E+03   0.0000000000E+00   0.0000000000E+00   0.1659852029E+00
      9.   2.   0.1485884615E+02   0.0000000000E+00   0.8268076923E+02   0.1822873134E+03   0.0000000000E+00   0.0000000000E+00   0.1656804645E+00
      9.   3.   0.1485884615E+02   0.0000000000E+00   0.8268076923E+02   0.1823470477E+03   0.0000000000E+00   0.0000000000E+00   0.1657736591E+00
      9.   4.   0.1485884615E+02   0.0000000000E+00   0.8268076923E+02   0.1823557076E+03   0.0000000000E+00   0.0000000000E+00   0.1657875879E+00
      9.   5.   0.1485884615E+02   0.0000000000E+00   0.8268076923E+02   0.1823583475E+03   0.0000000000E+00   0.0000000000E+00   0.1657915219E+00
      9.   6.   0.1485884615E+02   0.0000000000E+00   0.8268076923E+02   0.1823596482E+03   0.0000000000E+00   0.0000000000E+00   0.1657930849E+00
     10.   1.   0.1497700000E+02   0.0000000000E+00   0.8234600000E+02   0.1700758110E+03   0.0000000000E+00   0.0000000000E+00   0.1711295101E+00
     10.   2.   0.1497700000E+02   0.0000000000E+00   0.8234600000E+02   0.1850436396E+03   0.0000000000E+00   0.0000000000E+00   0.1708187103E+00
     10.   3.   0.1497700000E+02   0.0000000000E+00   0.8234600000E+02   0.1851026620E+03   0.0000000000E+00   0.0000000000E+00   0.1709144704E+00
     10.   4.   0.1497700000E+02   0.0000000000E+00   0.8234600000E+02   0.1851114148E+03   0.0000000000E+00   0.0000000000E+00   0.1709287844E+00
     10.   5.   0.1497700000E+02   0.0000000000E+00   0.8234600000E+02   0.1851140953E+03   0.0000000000E+00   0.0000000000E+00   0.1709328340E+00
     10.   6.   0.1497700000E+02   0.0000000000E+00   0.8234600000E+02   0.1851154278E+03   0.0000000000E+00   0.0000000000E+00   0.1709344474E+00
     11.   1.   0.1505254098E+02   0.0000000000E+00   0.8202704918E+02   0.1748241573E+03   0.0000000000E+00   0.0000000000E+00   0.1770026690E+00
     11.   2.   0.1505254098E+02   0.0000000000E+00   0.8202704918E+02   0.1881949797E+03   0.0000000000E+00   0.0000000000E+00   0.1766839831E+00
     11.   3.   0.1505254098E+02   0.0000000000E+00   0.8202704918E+02   0.1882544869E+03   0.0000000000E+00   0.0000000000E+00   0.1767828247E+00
     11.   4.   0.1505254098E+02   0.0000000000E+00   0.8202704918E+02   0.1882633391E+03   0.0000000000E+00   0.0000000000E+00   0.1767975975E+00
     11.   5.   0.1505254098E+02   0.0000000000E+00   0.8202704918E+02   0.1882660574E+03   0.0000000000E+00   0.0000000000E+00   0.1768017773E+00
     11.   6.   0.1505254098E+02   0.0000000000E+00   0.8202704918E+02   0.1882674166E+03   0.0000000000E+00   0.0000000000E+00   0.1768034421E+00
     12.   1.   0.1509292453E+02   0.0000000000E+00   0.8172773585E+02   0.1804807224E+03   0.0000000000E+00   0.0000000000E+00   0.1833374252E+00
     12.   2.   0.1509292453E+02   0.0000000000E+00   0.8172773585E+02   0.1915327752E+03   0.0000000000E+00   0.0000000000E+00   0.1830095593E+00
     12.   3.   0.1509292453E+02   0.0000000000E+00   0.8172773585E+02   0.1915929564E+03   0.0000000000E+00   0.0000000000E+00   0.1831118267E+00
     12.   4.   0.1509292453E+02   0.0000000000E+00   0.8172773585E+02   0.1916019167E+03   0.0000000000E+00   0.0000000000E+00   0.1831271072E+00
     12.   5.   0.1509292453E+02   0.0000000000E+00   0.8172773585E+02   0.1916046736E+03   0.0000000000E+00   0.0000000000E+00   0.1831314270E+00
     12.   6.   0.1509292453E+02   0.0000000000E+00   0.8172773585E+02   0.1916060568E+03   0.0000000000E+00   0.0000000000E+00   0.1831331455E+00
     13.   1.   0.1510500000E+02   0.0000000000E+00   0.8145000000E+02   0.1868426738E+03   0.0000000000E+00   0.0000000000E+00   0.1900880014E+00
     13.   2.   0.1510500000E+02   0.0000000000E+00   0.8145000000E+02   0.1950226573E+03   0.0000000000E+00   0.0000000000E+00   0.1897494301E+00
     13.   3.   0.1510500000E+02   0.0000000000E+00   0.8145000000E+02   0.1950837044E+03   0.0000000000E+00   0.0000000000E+00   0.1898552869E+00
     13.   4.   0.1510500000E+02   0.0000000000E+00   0.8145000000E+02   0.1950928077E+03   0.0000000000E+00   0.0000000000E+00   0.1898710896E+00
     13.   5.   0.1510500000E+02   0.0000000000E+00   0.8145000000E+02   0.1950956174E+03   0.0000000000E+00   0.0000000000E+00   0.1898755253E+00
     13.   6.   0.1510500000E+02   0.0000000000E+00   0.8145000000E+02   0.1950970313E+03   0.0000000000E+00   0.0000000000E+00   0.1898772605E+00
     14.   1.   0.1509292453E+02   0.0000000000E+00   0.8117226415E+02   0.1873619314E+03   0.0000000000E+00   0.0000000000E+00   0.1975948304E+00
     14.   2.   0.1509292453E+02   0.0000000000E+00   0.8117226415E+02   0.1988610168E+03   0.0000000000E+00   0.0000000000E+00   0.1972413460E+00
     14.   3.   0.1509292453E+02   0.0000000000E+00   0.8117226415E+02   0.1989235029E+03   0.0000000000E+00   0.0000000000E+00   0.1973515651E+00
     14.   4.   0.1509292453E+02   0.0000000000E+00   0.8117226415E+02   0.1989328053E+03   0.0000000000E+00   0.0000000000E+00   0.1973680171E+00
     14.   5.   0.1509292453E+02   0.0000000000E+00   0.8117226415E+02   0.1989356664E+03   0.0000000000E+00   0.0000000000E+00   0.1973726446E+00
     14.   6.   0.1509292453E+02   0.0000000000E+00   0.8117226415E+02   0.1989371014E+03   0.0000000000E+00   0.0000000000E+00   0.1973744670E+00
     15.   1.   0.1505254098E+02   0.0000000000E+00   0.8087295082E+02   0.1888306913E+03   0.0000000000E+00   0.0000000000E+00   0.2064734046E+00
     15.   2.   0.1505254098E+02   0.0000000000E+00   0.8087295082E+02   0.2033045832E+03   0.0000000000E+00   0.0000000000E+00   0.2061013791E+00
     15.   3.   0.1505254098E+02   0.0000000000E+00   0.8087295082E+02   0.2033688657E+03   0.0000000000E+00   0.0000000000E+00   0.2062166924E+00
     15.   4.   0.1505254098E+02   0.0000000000E+00   0.8087295082E+02   0.2033784255E+03   0.0000000000E+00   0.0000000000E+00   0.2062338905E+00
     15.   5.   0.1505254098E+02   0.0000000000E+00   0.8087295082E+02   0.2033813584E+03   0.0000000000E+00   0.0000000000E+00   0.2062387089E+00
     15.   6.   0.1505254098E+02   0.0000000000E+00   0.8087295082E+02   0.2033828246E+03   0.0000000000E+00   0.0000000000E+00   0.2062405913E+00
     16.   1.   0.1497700000E+02   0.0000000000E+00   0.8055400000E+02   0.1916351173E+03   0.0000000000E+00   0.0000000000E+00   0.2171785467E+00
     16.   2.   0.1497700000E+02   0.0000000000E+00   0.8055400000E+02   0.2085364132E+03   0.0000000000E+00   0.0000000000E+00   0.2167836376E+00
     16.   3.   0.1497700000E+02   0.0000000000E+00   0.8055400000E+02   0.2086029220E+03   0.0000000000E+00   0.0000000000E+00   0.2169052019E+00
     16.   4.   0.1497700000E+02   0.0000000000E+00   0.8055400000E+02   0.2086127799E+03   0.0000000000E+00   0.0000000000E+00   0.2169233145E+00
     16.   5.   0.1497700000E+02   0.0000000000E+00   0.8055400000E+02   0.2086157947E+03   0.0000000000E+00   0.0000000000E+00   0.2169283629E+00
     16.   6.   0.1497700000E+02   0.0000000000E+00   0.8055400000E+02   0.2086172935E+03   0.0000000000E+00   0.0000000000E+00   0.2169303156E+00
     17.   1.   0.1485884615E+02   0.0000000000E+00   0.8021923077E+02   0.1945687695E+03   0.0000000000E+00   0.0000000000E+00   0.2301210164E+00
     17.   2.   0.1485884615E+02   0.0000000000E+00   0.8021923077E+02   0.2147451577E+03   0.0000000000E+00   0.0000000000E+00   0.2296978144E+00
     17.   3.   0.1485884615E+02   0.0000000000E+00   0.8021923077E+02   0.2148155415E+03   0.0000000000E+00   0.0000000000E+00   0.2298270839E+00
     17.   4.   0.1485884615E+02   0.0000000000E+00   0.8021923077E+02   0.2148257335E+03   0.0000000000E+00   0.0000000000E+00   0.2298463212E+00
     17.   5.   0.1485884615E+02   0.0000000000E+00   0.8021923077E+02   0.2148288357E+03   0.0000000000E+00   0.0000000000E+00   0.2298516478E+00
     17.   6.   0.1485884615E+02   0.0000000000E+00   0.8021923077E+02   0.2148303654E+03   0.0000000000E+00   0.0000000000E+00   0.2298536824E+00
     18.   1.   0.1469049223E+02   0.0000000000E+00   0.7987487047E+02   0.1980845224E+03   0.0000000000E+00   0.0000000000E+00   0.2458257864E+00
     18.   2.   0.1469049223E+02   0.0000000000E+00   0.7987487047E+02   0.2220559845E+03   0.0000000000E+00   0.0000000000E+00   0.2453674963E+00
     18.   3.   0.1469049223E+02   0.0000000000E+00   0.7987487047E+02   0.2221383299E+03   0.0000000000E+00   0.0000000000E+00   0.2455063063E+00
     18.   4.   0.1469049223E+02   0.0000000000E+00   0.7987487047E+02   0.2221488800E+03   0.0000000000E+00   0.0000000000E+00   0.2455269347E+00
     18.   5.   0.1469049223E+02   0.0000000000E+00   0.7987487047E+02   0.2221520705E+03   0.0000000000E+00   0.0000000000E+00   0.2455326003E+00
     18.   6.   0.1469049223E+02   0.0000000000E+00   0.7987487047E+02   0.2221536263E+03   0.0000000000E+00   0.0000000000E+00   0.2455347330E+00
     19.   1.   0.1446500000E+02   0.0000000000E+00   0.7953000000E+02   0.2036105661E+03   0.0000000000E+00   0.0000000000E+00   0.2649805919E+00
     19.   2.   0.1446500000E+02   0.0000000000E+00   0.7953000000E+02   0.2305817711E+03   0.0000000000E+00   0.0000000000E+00   0.2644786264E+00
     19.   3.   0.1446500000E+02   0.0000000000E+00   0.7953000000E+02   0.2307057937E+03   0.0000000000E+00   0.0000000000E+00   0.2646293290E+00
     19.   4.   0.1446500000E+02   0.0000000000E+00   0.7953000000E+02   0.2307167118E+03   0.0000000000E+00   0.0000000000E+00   0.2646516916E+00
     19.   5.   0.1446500000E+02   0.0000000000E+00   0.7953000000E+02   0.2307199877E+03   0.0000000000E+00   0.0000000000E+00   0.2646577761E+00
     19.   6.   0.1446500000E+02   0.0000000000E+00   0.7953000000E+02   0.2307215641E+03   0.0000000000E+00   0.0000000000E+00   0.2646600275E+00
     20.   1.   0.1417718935E+02   0.0000000000E+00   0.7919674556E+02   0.2108089411E+03   0.0000000000E+00   0.0000000000E+00   0.2885119276E+00
     20.   2.   0.1417718935E+02   0.0000000000E+00   0.7919674556E+02   0.2407294088E+03   0.0000000000E+00   0.0000000000E+00   0.2879552887E+00
     20.   3.   0.1417718935E+02   0.0000000000E+00   0.7919674556E+02   0.2408018754E+03   0.0000000000E+00   0.0000000000E+00   0.2881209551E+00
     20.   4.   0.1417718935E+02   0.0000000000E+00   0.7919674556E+02   0.2408131420E+03   0.0000000000E+00   0.0000000000E+00   0.2881455040E+00
     20.   5.   0.1417718935E+02   0.0000000000E+00   0.7919674556E+02   0.2408164797E+03   0.0000000000E+00   0.0000000000E+00   0.2881521159E+00
     20.   6.   0.1417718935E+02   0.0000000000E+00   0.7919674556E+02   0.2408180563E+03   0.0000000000E+00   0.0000000000E+00   0.2881545240E+00
     21.   1.   0.1382500000E+02   0.0000000000E+00   0.7889000000E+02   0.2199029244E+03   0.0000000000E+00   0.0000000000E+00   0.3177415440E+00
     21.   2.   0.1382500000E+02   0.0000000000E+00   0.7889000000E+02   0.2523190649E+03   0.0000000000E+00   0.0000000000E+00   0.3171159048E+00
     21.   3.   0.1382500000E+02   0.0000000000E+00   0.7889000000E+02   0.2528116307E+03   0.0000000000E+00   0.0000000000E+00   0.3173006019E+00
     21.   4.   0.1382500000E+02   0.0000000000E+00   0.7889000000E+02   0.2528233094E+03   0.0000000000E+00   0.0000000000E+00   0.3173279466E+00
     21.   5.   0.1382500000E+02   0.0000000000E+00   0.7889000000E+02   0.2528267137E+03   0.0000000000E+00   0.0000000000E+00   0.3173352407E+00
     21.   6.   0.1382500000E+02   0.0000000000E+00   0.7889000000E+02   0.2528282868E+03   0.0000000000E+00   0.0000000000E+00   0.3173378453E+00
     22.   1.   0.1341088235E+02   0.0000000000E+00   0.7862647059E+02   0.2313373586E+03   0.0000000000E+00   0.0000000000E+00   0.3548101118E+00
     22.   2.   0.1341088235E+02   0.0000000000E+00   0.7862647059E+02   0.2660669384E+03   0.0000000000E+00   0.0000000000E+00   0.3540957434E+00
     22.   3.   0.1341088235E+02   0.0000000000E+00   0.7862647059E+02   0.2672802859E+03   0.0000000000E+00   0.0000000000E+00   0.3543053860E+00
     22.   4.   0.1341088235E+02   0.0000000000E+00   0.7862647059E+02   0.2672929755E+03   0.0000000000E+00   0.0000000000E+00   0.3543364232E+00
     22.   5.   0.1341088235E+02   0.0000000000E+00   0.7862647059E+02   0.2672965442E+03   0.0000000000E+00   0.0000000000E+00   0.3543446843E+00
     22.   6.   0.1341088235E+02   0.0000000000E+00   0.7862647059E+02   0.2672979648E+03   0.0000000000E+00   0.0000000000E+00   0.3543477426E+00
     23.   1.   0.1294283784E+02   0.0000000000E+00   0.7842297297E+02   0.2460146921E+03   0.0000000000E+00   0.0000000000E+00   0.4038112339E+00
     23.   2.   0.1294283784E+02   0.0000000000E+00   0.7842297297E+02   0.2836977578E+03   0.0000000000E+00   0.0000000000E+00   0.4029790043E+00
     23.   3.   0.1294283784E+02   0.0000000000E+00   0.7842297297E+02   0.2852122587E+03   0.0000000000E+00   0.0000000000E+00   0.4032214822E+00
     23.   4.   0.1294283784E+02   0.0000000000E+00   0.7842297297E+02   0.2852313997E+03   0.0000000000E+00   0.0000000000E+00   0.4032576534E+00
     23.   5.   0.1294283784E+02   0.0000000000E+00   0.7842297297E+02   0.2852388802E+03   0.0000000000E+00   0.0000000000E+00   0.4032671018E+00
     23.   6.   0.1294283784E+02   0.0000000000E+00   0.7842297297E+02   0.2852420481E+03   0.0000000000E+00   0.0000000000E+00   0.4032699563E+00
     24.   1.   0.1243465517E+02   0.0000000000E+00   0.7829413793E+02   0.2654798295E+03   0.0000000000E+00   0.0000000000E+00   0.4739721275E+00
     24.   2.   0.1243465517E+02   0.0000000000E+00   0.7829413793E+02   0.3060428072E+03   0.0000000000E+00   0.0000000000E+00   0.4729407030E+00
     24.   3.   0.1243465517E+02   0.0000000000E+00   0.7829413793E+02   0.3072834321E+03   0.0000000000E+00   0.0000000000E+00   0.4731215124E+00
     24.   4.   0.1243465517E+02   0.0000000000E+00   0.7829413793E+02   0.3067804548E+03   0.0000000000E+00   0.0000000000E+00   0.4730559191E+00
     24.   5.   0.1243465517E+02   0.0000000000E+00   0.7829413793E+02   0.3062420348E+03   0.0000000000E+00   0.0000000000E+00   0.4730186881E+00
     24.   6.   0.1243465517E+02   0.0000000000E+00   0.7829413793E+02   0.3056615673E+03   0.0000000000E+00   0.0000000000E+00   0.4730291325E+00
     25.   1.   0.1190500000E+02   0.0000000000E+00   0.7825000000E+02   0.2591516106E+03   0.0000000000E+00   0.0000000000E+00   0.5295635105E+00
     25.   2.   0.1190500000E+02   0.0000000000E+00   0.7825000000E+02   0.3200303158E+03   0.0000000000E+00   0.0000000000E+00   0.5285270047E+00
     25.   3.   0.1190500000E+02   0.0000000000E+00   0.7825000000E+02   0.3191102357E+03   0.0000000000E+00   0.0000000000E+00   0.5290612200E+00
     25.   4.   0.1190500000E+02   0.0000000000E+00   0.7825000000E+02   0.3180849327E+03   0.0000000000E+00   0.0000000000E+00   0.5293205010E+00
     25.   5.   0.1190500000E+02   0.0000000000E+00   0.7825000000E+02   0.3169971519E+03   0.0000000000E+00   0.0000000000E+00   0.5294368264E+00
     25.   6.   0.1190500000E+02   0.0000000000E+00   0.7825000000E+02   0.3158268887E+03   0.0000000000E+00   0.0000000000E+00   0.5294379524E+00
