# digitalmodel weldolet_crack fusion-face paths (uncracked)
# units: length=mm force=N stress=MPa
# stresses in CS 11 (cylindrical about the run-pipe axis): SRR normal to the fusion face
# columns: path theta_deg s x y z SRR SHH SAA SRH SRA
  1.    0.000   0.0000000000E+00   0.1190500000E+02   0.0000000000E+00   0.8415000000E+02   0.1458588266E+02   0.8985863876E+02  -0.4741063356E+01   0.8950630482E-09  -0.2834181581E-01
  1.    0.000   0.6687500000E-01   0.1197187500E+02   0.0000000000E+00   0.8415000000E+02   0.1445543207E+02   0.8888981053E+02  -0.4208776706E+01   0.8600897652E-09  -0.3747073966E+00
  1.    0.000   0.1337500000E+00   0.1203875000E+02   0.0000000000E+00   0.8415000000E+02   0.1432498148E+02   0.8792098229E+02  -0.3676490050E+01   0.8251498537E-09  -0.7210729808E+00
  1.    0.000   0.2006250000E+00   0.1210562500E+02   0.0000000000E+00   0.8415000000E+02   0.1419453089E+02   0.8695215404E+02  -0.3144203390E+01   0.7902328399E-09  -0.1067438568E+01
  1.    0.000   0.2675000000E+00   0.1217250000E+02   0.0000000000E+00   0.8415000000E+02   0.1406408029E+02   0.8598332577E+02  -0.2611916724E+01   0.7553272811E-09  -0.1413804159E+01
  1.    0.000   0.3343750000E+00   0.1223937500E+02   0.0000000000E+00   0.8415000000E+02   0.1393362970E+02   0.8501449750E+02  -0.2079630053E+01   0.7204207193E-09  -0.1760169753E+01
  1.    0.000   0.4012500000E+00   0.1230625000E+02   0.0000000000E+00   0.8415000000E+02   0.1380317910E+02   0.8404566922E+02  -0.1547343377E+01   0.6854998399E-09  -0.2106535351E+01
  1.    0.000   0.4681250000E+00   0.1237312500E+02   0.0000000000E+00   0.8415000000E+02   0.1367272850E+02   0.8307684093E+02  -0.1015056696E+01   0.6505503942E-09  -0.2452900951E+01
  1.    0.000   0.5350000000E+00   0.1244000000E+02   0.0000000000E+00   0.8415000000E+02   0.1352530778E+02   0.8212034210E+02  -0.4853307465E+00   0.6144647557E-09  -0.2789524403E+01
  1.    0.000   0.6018750000E+00   0.1250687500E+02   0.0000000000E+00   0.8415000000E+02   0.1323275996E+02   0.8126928386E+02   0.2249598434E-01   0.5670509747E-09  -0.3042833742E+01
  1.    0.000   0.6687500000E+00   0.1257375000E+02   0.0000000000E+00   0.8415000000E+02   0.1294021214E+02   0.8041822562E+02   0.5303227152E+00   0.5196627464E-09  -0.3296143080E+01
  1.    0.000   0.7356250000E+00   0.1264062500E+02   0.0000000000E+00   0.8415000000E+02   0.1264766432E+02   0.7956716737E+02   0.1038149446E+01   0.4722875295E-09  -0.3549452419E+01
  1.    0.000   0.8025000000E+00   0.1270750000E+02   0.0000000000E+00   0.8415000000E+02   0.1235511650E+02   0.7871610913E+02   0.1545976177E+01   0.4249125388E-09  -0.3802761758E+01
  1.    0.000   0.8693750000E+00   0.1277437500E+02   0.0000000000E+00   0.8415000000E+02   0.1206256868E+02   0.7786505089E+02   0.2053802908E+01   0.3775248467E-09  -0.4056071097E+01
  1.    0.000   0.9362500000E+00   0.1284125000E+02   0.0000000000E+00   0.8415000000E+02   0.1177002086E+02   0.7701399265E+02   0.2561629639E+01   0.3301112167E-09  -0.4309380436E+01
  1.    0.000   0.1003125000E+01   0.1290812500E+02   0.0000000000E+00   0.8415000000E+02   0.1143661712E+02   0.7622836449E+02   0.3021454022E+01   0.3094191817E-09  -0.4488997845E+01
  1.    0.000   0.1070000000E+01   0.1297500000E+02   0.0000000000E+00   0.8415000000E+02   0.1109407100E+02   0.7545737767E+02   0.3470536880E+01   0.2946068276E-09  -0.4652125152E+01
  1.    0.000   0.1136875000E+01   0.1304187500E+02   0.0000000000E+00   0.8415000000E+02   0.1075152489E+02   0.7468639085E+02   0.3919619739E+01   0.2798026399E-09  -0.4815252458E+01
  1.    0.000   0.1203750000E+01   0.1310875000E+02   0.0000000000E+00   0.8415000000E+02   0.1040897877E+02   0.7391540403E+02   0.4368702597E+01   0.2649944717E-09  -0.4978379764E+01
  1.    0.000   0.1270625000E+01   0.1317562500E+02   0.0000000000E+00   0.8415000000E+02   0.1006643266E+02   0.7314441721E+02   0.4817785456E+01   0.2501704829E-09  -0.5141507070E+01
  1.    0.000   0.1337500000E+01   0.1324250000E+02   0.0000000000E+00   0.8415000000E+02   0.9722494568E+01   0.7242295933E+02   0.5224401092E+01   0.1705332182E-09  -0.5259468137E+01
  1.    0.000   0.1404375000E+01   0.1330937500E+02   0.0000000000E+00   0.8415000000E+02   0.9378229886E+01   0.7171312169E+02   0.5621053282E+01   0.7564722628E-10  -0.5366832517E+01
  1.    0.000   0.1471250000E+01   0.1337625000E+02   0.0000000000E+00   0.8415000000E+02   0.9033965190E+01   0.7100328401E+02   0.6017705486E+01  -0.1923687687E-10  -0.5474196900E+01
  1.    0.000   0.1538125000E+01   0.1344312500E+02   0.0000000000E+00   0.8415000000E+02   0.8689700482E+01   0.7029344631E+02   0.6414357706E+01  -0.1141300587E-09  -0.5581561287E+01
  1.    0.000   0.1605000000E+01   0.1351000000E+02   0.0000000000E+00   0.8415000000E+02   0.8356655853E+01   0.6962341143E+02   0.6772142687E+01   0.1080698251E-10  -0.5663492192E+01
  1.    0.000   0.1671875000E+01   0.1357687500E+02   0.0000000000E+00   0.8415000000E+02   0.8026033725E+01   0.6896197031E+02   0.7121535896E+01   0.1831915545E-09  -0.5739931781E+01
  1.    0.000   0.1738750000E+01   0.1364375000E+02   0.0000000000E+00   0.8415000000E+02   0.7695411576E+01   0.6830052915E+02   0.7470929126E+01   0.3555761371E-09  -0.5816371375E+01
  1.    0.000   0.1805625000E+01   0.1371062500E+02   0.0000000000E+00   0.8415000000E+02   0.7366094580E+01   0.6765795510E+02   0.7802082240E+01   0.4888859971E-09  -0.5877684086E+01
  1.    0.000   0.1872500000E+01   0.1377750000E+02   0.0000000000E+00   0.8415000000E+02   0.7037339448E+01   0.6702350324E+02   0.8125383100E+01   0.6053744511E-09  -0.5932484777E+01
  1.    0.000   0.1939375000E+01   0.1384437500E+02   0.0000000000E+00   0.8415000000E+02   0.6712647819E+01   0.6639692781E+02   0.8441610365E+01   0.4264189661E-09  -0.5983700365E+01
  1.    0.000   0.2006250000E+01   0.1391125000E+02   0.0000000000E+00   0.8415000000E+02   0.6395281989E+01   0.6578455225E+02   0.8745085110E+01  -0.2851746939E-09  -0.6028452593E+01
  1.    0.000   0.2073125000E+01   0.1397812500E+02   0.0000000000E+00   0.8415000000E+02   0.6080988245E+01   0.6518115363E+02   0.9039550489E+01  -0.7282319926E-09  -0.6068544006E+01
  1.    0.000   0.2140000000E+01   0.1404500000E+02   0.0000000000E+00   0.8415000000E+02   0.5770319571E+01   0.6458713011E+02   0.9325362607E+01  -0.1046919919E-08  -0.6104191784E+01
  1.    0.000   0.2206875000E+01   0.1411187500E+02   0.0000000000E+00   0.8415000000E+02   0.5464772114E+01   0.6400425547E+02   0.9602270414E+01  -0.7626875424E-09  -0.6135440069E+01
  1.    0.000   0.2273750000E+01   0.1417875000E+02   0.0000000000E+00   0.8415000000E+02   0.5163524298E+01   0.6343108155E+02   0.9871192502E+01  -0.9576173132E-08  -0.6162961307E+01
  1.    0.000   0.2340625000E+01   0.1424562500E+02   0.0000000000E+00   0.8415000000E+02   0.4866573315E+01   0.6286728065E+02   0.1013188050E+02   0.3197444931E-07  -0.6186686583E+01
  1.    0.000   0.2407500000E+01   0.1431250000E+02   0.0000000000E+00   0.8415000000E+02   0.4575724837E+01   0.6231641080E+02   0.1038579694E+02   0.3496051327E-08  -0.6207338974E+01
  1.    0.000   0.2474375000E+01   0.1437937500E+02   0.0000000000E+00   0.8415000000E+02   0.4289238278E+01   0.6177398702E+02   0.1063170852E+02  -0.1378023020E-08  -0.6224565531E+01
  1.    0.000   0.2541250000E+01   0.1444625000E+02   0.0000000000E+00   0.8415000000E+02   0.4008003267E+01   0.6124182194E+02   0.1087041487E+02   0.1369981555E-08  -0.6238706259E+01
  1.    0.000   0.2608125000E+01   0.1451312500E+02   0.0000000000E+00   0.8415000000E+02   0.3731680729E+01   0.6071936018E+02   0.1110252471E+02   0.1880523947E-09  -0.6250066932E+01
  1.    0.000   0.2675000000E+01   0.1458000000E+02   0.0000000000E+00   0.8415000000E+02   0.3459463355E+01   0.6020490767E+02   0.1132929583E+02  -0.2877211739E-09  -0.6259218524E+01
  1.    0.000   0.2741875000E+01   0.1464687500E+02   0.0000000000E+00   0.8415000000E+02   0.3194842837E+01   0.5970385350E+02   0.1154856502E+02   0.7912707609E-10  -0.6265293066E+01
  1.    0.000   0.2808750000E+01   0.1471375000E+02   0.0000000000E+00   0.8415000000E+02   0.2933362474E+01   0.5920960266E+02   0.1176364301E+02   0.2734167239E-09  -0.6269506049E+01
  1.    0.000   0.2875625000E+01   0.1478062500E+02   0.0000000000E+00   0.8415000000E+02   0.2677396139E+01   0.5872729832E+02   0.1197136131E+02   0.1646941668E-09  -0.6270450144E+01
  1.    0.000   0.2942500000E+01   0.1484750000E+02   0.0000000000E+00   0.8415000000E+02   0.2421800529E+01   0.5824552575E+02   0.1217875642E+02   0.5887840491E-10  -0.6271303991E+01
  1.    0.000   0.3009375000E+01   0.1491437500E+02   0.0000000000E+00   0.8415000000E+02   0.2183859856E+01   0.5778907767E+02   0.1237076071E+02   0.9149170490E-10  -0.6267860041E+01
  1.    0.000   0.3076250000E+01   0.1498125000E+02   0.0000000000E+00   0.8415000000E+02   0.1945919197E+01   0.5733262961E+02   0.1256276498E+02   0.1241050029E-09  -0.6264416091E+01
  1.    0.000   0.3143125000E+01   0.1504812500E+02   0.0000000000E+00   0.8415000000E+02   0.1707978554E+01   0.5687618157E+02   0.1275476924E+02   0.1567182989E-09  -0.6260972142E+01
  1.    0.000   0.3210000000E+01   0.1511500000E+02   0.0000000000E+00   0.8415000000E+02   0.1481184780E+01   0.5644198228E+02   0.1293644718E+02   0.8855191701E-10  -0.6250035327E+01
  1.    0.000   0.3276875000E+01   0.1518187500E+02   0.0000000000E+00   0.8415000000E+02   0.1255668258E+01   0.5601033232E+02   0.1311694189E+02   0.8835239593E-11  -0.6238239956E+01
  1.    0.000   0.3343750000E+01   0.1524875000E+02   0.0000000000E+00   0.8415000000E+02   0.1030151745E+01   0.5557868239E+02   0.1329743659E+02  -0.7088098769E-10  -0.6226444585E+01
  1.    0.000   0.3410625000E+01   0.1531562500E+02   0.0000000000E+00   0.8415000000E+02   0.8046352411E+00   0.5514703247E+02   0.1347793128E+02  -0.1506026170E-09  -0.6214649215E+01
  1.    0.000   0.3477500000E+01   0.1538250000E+02   0.0000000000E+00   0.8415000000E+02   0.5976348854E+00   0.5474470423E+02   0.1364208710E+02  -0.1313637197E-09  -0.6196121319E+01
  1.    0.000   0.3544375000E+01   0.1544937500E+02   0.0000000000E+00   0.8415000000E+02   0.3924734629E+00   0.5434528808E+02   0.1380462023E+02  -0.1023123241E-09  -0.6176924782E+01
  1.    0.000   0.3611250000E+01   0.1551625000E+02   0.0000000000E+00   0.8415000000E+02   0.1873120404E+00   0.5394587192E+02   0.1396715336E+02  -0.7325771312E-10  -0.6157728245E+01
  1.    0.000   0.3678125000E+01   0.1558312500E+02   0.0000000000E+00   0.8415000000E+02  -0.1784938213E-01   0.5354645577E+02   0.1412968649E+02  -0.4420545897E-10  -0.6138531708E+01
  1.    0.000   0.3745000000E+01   0.1565000000E+02   0.0000000000E+00   0.8415000000E+02  -0.2230108046E+00   0.5314703961E+02   0.1429221962E+02  -0.1516113508E-10  -0.6119335172E+01
  1.    0.000   0.3811875000E+01   0.1571687500E+02   0.0000000000E+00   0.8415000000E+02  -0.4004967298E+00   0.5278305966E+02   0.1443968710E+02   0.3066474267E-10  -0.6092120883E+01
  1.    0.000   0.3878750000E+01   0.1578375000E+02   0.0000000000E+00   0.8415000000E+02  -0.5749496032E+00   0.5242296328E+02   0.1458550349E+02   0.7829520646E-10  -0.6064027902E+01
  1.    0.000   0.3945625000E+01   0.1585062500E+02   0.0000000000E+00   0.8415000000E+02  -0.7494024739E+00   0.5206286691E+02   0.1473131987E+02   0.1259321038E-09  -0.6035934922E+01
  1.    0.000   0.4012500000E+01   0.1591750000E+02   0.0000000000E+00   0.8415000000E+02  -0.9238553420E+00   0.5170277054E+02   0.1487713625E+02   0.1735701722E-09  -0.6007841942E+01
  1.    0.000   0.4079375000E+01   0.1598437500E+02   0.0000000000E+00   0.8415000000E+02  -0.1098308207E+01   0.5134267418E+02   0.1502295263E+02   0.2212040893E-09  -0.5979748963E+01
  1.    0.000   0.4146250000E+01   0.1605125000E+02   0.0000000000E+00   0.8415000000E+02  -0.1272761070E+01   0.5098257782E+02   0.1516876901E+02   0.2688285759E-09  -0.5951655984E+01
  1.    0.000   0.4213125000E+01   0.1611812500E+02   0.0000000000E+00   0.8415000000E+02  -0.1422929721E+01   0.5065022460E+02   0.1530445402E+02   0.2806839975E-09  -0.5919535966E+01
  1.    0.000   0.4280000000E+01   0.1618500000E+02   0.0000000000E+00   0.8415000000E+02  -0.1557608312E+01   0.5033556777E+02   0.1543367658E+02   0.2696135809E-09  -0.5884847239E+01
  1.    0.000   0.4346875000E+01   0.1625187500E+02   0.0000000000E+00   0.8415000000E+02  -0.1692286902E+01   0.5002091093E+02   0.1556289914E+02   0.2585546647E-09  -0.5850158511E+01
  1.    0.000   0.4413750000E+01   0.1631875000E+02   0.0000000000E+00   0.8415000000E+02  -0.1826965493E+01   0.4970625409E+02   0.1569212170E+02   0.2475023764E-09  -0.5815469784E+01
  1.    0.000   0.4480625000E+01   0.1638562500E+02   0.0000000000E+00   0.8415000000E+02  -0.1961644083E+01   0.4939159726E+02   0.1582134426E+02   0.2364516817E-09  -0.5780781057E+01
  1.    0.000   0.4547500000E+01   0.1645250000E+02   0.0000000000E+00   0.8415000000E+02  -0.2096322673E+01   0.4907694042E+02   0.1595056682E+02   0.2253974193E-09  -0.5746092330E+01
  1.    0.000   0.4614375000E+01   0.1651937500E+02   0.0000000000E+00   0.8415000000E+02  -0.2231001264E+01   0.4876228358E+02   0.1607978938E+02   0.2143342915E-09  -0.5711403602E+01
  1.    0.000   0.4681250000E+01   0.1658625000E+02   0.0000000000E+00   0.8415000000E+02  -0.2365679854E+01   0.4844762675E+02   0.1620901195E+02   0.2032567738E-09  -0.5676714875E+01
  1.    0.000   0.4748125000E+01   0.1665312500E+02   0.0000000000E+00   0.8415000000E+02  -0.2447951082E+01   0.4817366035E+02   0.1632396492E+02   0.2076922482E-09  -0.5638521268E+01
  1.    0.000   0.4815000000E+01   0.1672000000E+02   0.0000000000E+00   0.8415000000E+02  -0.2508747227E+01   0.4791636778E+02   0.1643307060E+02   0.2182887341E-09  -0.5598891457E+01
  1.    0.000   0.4881875000E+01   0.1678687500E+02   0.0000000000E+00   0.8415000000E+02  -0.2569543372E+01   0.4765907520E+02   0.1654217629E+02   0.2289007508E-09  -0.5559261647E+01
  1.    0.000   0.4948750000E+01   0.1685375000E+02   0.0000000000E+00   0.8415000000E+02  -0.2630339518E+01   0.4740178262E+02   0.1665128198E+02   0.2395237874E-09  -0.5519631837E+01
  1.    0.000   0.5015625000E+01   0.1692062500E+02   0.0000000000E+00   0.8415000000E+02  -0.2691135663E+01   0.4714449004E+02   0.1676038767E+02   0.2501530647E-09  -0.5480002027E+01
  1.    0.000   0.5082500000E+01   0.1698750000E+02   0.0000000000E+00   0.8415000000E+02  -0.2751931808E+01   0.4688719746E+02   0.1686949335E+02   0.2607834711E-09  -0.5440372217E+01
  1.    0.000   0.5149375000E+01   0.1705437500E+02   0.0000000000E+00   0.8415000000E+02  -0.2812727953E+01   0.4662990488E+02   0.1697859904E+02   0.2714097613E-09  -0.5400742407E+01
  1.    0.000   0.5216250000E+01   0.1712125000E+02   0.0000000000E+00   0.8415000000E+02  -0.2873524098E+01   0.4637261230E+02   0.1708770473E+02   0.2820263007E-09  -0.5361112597E+01
  1.    0.000   0.5283125000E+01   0.1718812500E+02   0.0000000000E+00   0.8415000000E+02  -0.2934320243E+01   0.4611531972E+02   0.1719681042E+02   0.2926273192E-09  -0.5321482787E+01
  1.    0.000   0.5350000000E+01   0.1725500000E+02   0.0000000000E+00   0.8415000000E+02  -0.2995116388E+01   0.4585802714E+02   0.1730591610E+02   0.3032067207E-09  -0.5281852977E+01
  1.    0.000   0.5416875000E+01   0.1732187500E+02   0.0000000000E+00   0.8415000000E+02  -0.3005083726E+01   0.4564986188E+02   0.1741088148E+02   0.3139798335E-09  -0.5278914846E+01
  1.    0.000   0.5483750000E+01   0.1738875000E+02   0.0000000000E+00   0.8415000000E+02  -0.3001150691E+01   0.4545513168E+02   0.1751471459E+02   0.3244255973E-09  -0.5286010947E+01
  1.    0.000   0.5550625000E+01   0.1745562500E+02   0.0000000000E+00   0.8415000000E+02  -0.2997217656E+01   0.4526040147E+02   0.1761854770E+02   0.3348918899E-09  -0.5293107047E+01
  1.    0.000   0.5617500000E+01   0.1752250000E+02   0.0000000000E+00   0.8415000000E+02  -0.2993284621E+01   0.4506567127E+02   0.1772238081E+02   0.3453752061E-09  -0.5300203148E+01
  1.    0.000   0.5684375000E+01   0.1758937500E+02   0.0000000000E+00   0.8415000000E+02  -0.2989351586E+01   0.4487094107E+02   0.1782621392E+02   0.3558713815E-09  -0.5307299248E+01
  1.    0.000   0.5751250000E+01   0.1765625000E+02   0.0000000000E+00   0.8415000000E+02  -0.2985418552E+01   0.4467621087E+02   0.1793004703E+02   0.3663755672E-09  -0.5314395349E+01
  1.    0.000   0.5818125000E+01   0.1772312500E+02   0.0000000000E+00   0.8415000000E+02  -0.2981485517E+01   0.4448148066E+02   0.1803388014E+02   0.3768822444E-09  -0.5321491449E+01
  1.    0.000   0.5885000000E+01   0.1779000000E+02   0.0000000000E+00   0.8415000000E+02  -0.2977552482E+01   0.4428675046E+02   0.1813771325E+02   0.3873851893E-09  -0.5328587550E+01
  1.    0.000   0.5951875000E+01   0.1785687500E+02   0.0000000000E+00   0.8415000000E+02  -0.2973619447E+01   0.4409202026E+02   0.1824154636E+02   0.3978775556E-09  -0.5335683650E+01
  1.    0.000   0.6018750000E+01   0.1792375000E+02   0.0000000000E+00   0.8415000000E+02  -0.2969686412E+01   0.4389729006E+02   0.1834537947E+02   0.4083518916E-09  -0.5342779751E+01
  1.    0.000   0.6085625000E+01   0.1799062500E+02   0.0000000000E+00   0.8415000000E+02  -0.2965753378E+01   0.4370255985E+02   0.1844921257E+02   0.4188001847E-09  -0.5349875851E+01
  1.    0.000   0.6152500000E+01   0.1805750000E+02   0.0000000000E+00   0.8415000000E+02  -0.2961820343E+01   0.4350782965E+02   0.1855304568E+02   0.4292137194E-09  -0.5356971952E+01
  1.    0.000   0.6219375000E+01   0.1812437500E+02   0.0000000000E+00   0.8415000000E+02  -0.2911848369E+01   0.4333721787E+02   0.1863943775E+02   0.4519004126E-09  -0.5364448991E+01
  1.    0.000   0.6286250000E+01   0.1819125000E+02   0.0000000000E+00   0.8415000000E+02  -0.2764230173E+01   0.4321776004E+02   0.1868883828E+02   0.4982237282E-09  -0.5372733980E+01
  1.    0.000   0.6353125000E+01   0.1825812500E+02   0.0000000000E+00   0.8415000000E+02  -0.2616611976E+01   0.4309830221E+02   0.1873823880E+02   0.5445828732E-09  -0.5381018969E+01
  1.    0.000   0.6420000000E+01   0.1832500000E+02   0.0000000000E+00   0.8415000000E+02  -0.2468993778E+01   0.4297884438E+02   0.1878763932E+02   0.5909741989E-09  -0.5389303958E+01
  1.    0.000   0.6486875000E+01   0.1839187500E+02   0.0000000000E+00   0.8415000000E+02  -0.2321375581E+01   0.4285938654E+02   0.1883703984E+02   0.6373933881E-09  -0.5397588947E+01
  1.    0.000   0.6553750000E+01   0.1845875000E+02   0.0000000000E+00   0.8415000000E+02  -0.2173757382E+01   0.4273992871E+02   0.1888644036E+02   0.6838354117E-09  -0.5405873936E+01
  1.    0.000   0.6620625000E+01   0.1852562500E+02   0.0000000000E+00   0.8415000000E+02  -0.2026139184E+01   0.4262047087E+02   0.1893584088E+02   0.7302945412E-09  -0.5414158925E+01
  1.    0.000   0.6687500000E+01   0.1859250000E+02   0.0000000000E+00   0.8415000000E+02  -0.1878520985E+01   0.4250101304E+02   0.1898524141E+02   0.7767643277E-09  -0.5422443914E+01
  1.    0.000   0.6754375000E+01   0.1865937500E+02   0.0000000000E+00   0.8415000000E+02  -0.1730902786E+01   0.4238155521E+02   0.1903464193E+02   0.8232376790E-09  -0.5430728903E+01
  1.    0.000   0.6821250000E+01   0.1872625000E+02   0.0000000000E+00   0.8415000000E+02  -0.1583284587E+01   0.4226209737E+02   0.1908404245E+02   0.8697069118E-09  -0.5439013893E+01
  1.    0.000   0.6888125000E+01   0.1879312500E+02   0.0000000000E+00   0.8415000000E+02  -0.1435666387E+01   0.4214263954E+02   0.1913344297E+02   0.9161635557E-09  -0.5447298882E+01
  1.    0.000   0.6955000000E+01   0.1886000000E+02   0.0000000000E+00   0.8415000000E+02  -0.1288048187E+01   0.4202318170E+02   0.1918284350E+02   0.9625986816E-09  -0.5455583871E+01
  1.    0.000   0.7021875000E+01   0.1892687500E+02   0.0000000000E+00   0.8415000000E+02  -0.1140429986E+01   0.4190372386E+02   0.1923224402E+02   0.1009002633E-08  -0.5463868860E+01
  1.    0.000   0.7088750000E+01   0.1899375000E+02   0.0000000000E+00   0.8415000000E+02  -0.9928117850E+00   0.4178426603E+02   0.1928164454E+02   0.1055365180E-08  -0.5472153850E+01
  1.    0.000   0.7155625000E+01   0.1906062500E+02   0.0000000000E+00   0.8415000000E+02  -0.8451935837E+00   0.4166480819E+02   0.1933104507E+02   0.1101675695E-08  -0.5480438839E+01
  1.    0.000   0.7222500000E+01   0.1912750000E+02   0.0000000000E+00   0.8415000000E+02  -0.6975753820E+00   0.4154535035E+02   0.1938044559E+02   0.1147922619E-08  -0.5488723828E+01
  1.    0.000   0.7289375000E+01   0.1919437500E+02   0.0000000000E+00   0.8415000000E+02  -0.9802487764E-01   0.4199605730E+02   0.2060125379E+02   0.1220283660E-08  -0.5946620649E+01
  1.    0.000   0.7356250000E+01   0.1926125000E+02   0.0000000000E+00   0.8415000000E+02   0.7298684952E+00   0.4273484513E+02   0.2241392628E+02   0.1302917678E-08  -0.6631687898E+01
  1.    0.000   0.7423125000E+01   0.1932812500E+02   0.0000000000E+00   0.8415000000E+02   0.1557761869E+01   0.4347363297E+02   0.2422659878E+02   0.1385576737E-08  -0.7316755149E+01
  1.    0.000   0.7490000000E+01   0.1939500000E+02   0.0000000000E+00   0.8415000000E+02   0.2385655245E+01   0.4421242081E+02   0.2603927128E+02   0.1468268537E-08  -0.8001822401E+01
  1.    0.000   0.7556875000E+01   0.1946187500E+02   0.0000000000E+00   0.8415000000E+02   0.3213548621E+01   0.4495120865E+02   0.2785194378E+02   0.1550997637E-08  -0.8686889653E+01
  1.    0.000   0.7623750000E+01   0.1952875000E+02   0.0000000000E+00   0.8415000000E+02   0.4041441999E+01   0.4568999649E+02   0.2966461628E+02   0.1633765550E-08  -0.9371956907E+01
  1.    0.000   0.7690625000E+01   0.1959562500E+02   0.0000000000E+00   0.8415000000E+02   0.4869335378E+01   0.4642878433E+02   0.3147728878E+02   0.1716570741E-08  -0.1005702416E+02
  1.    0.000   0.7757500000E+01   0.1966250000E+02   0.0000000000E+00   0.8415000000E+02   0.5697228759E+01   0.4716757217E+02   0.3328996129E+02   0.1799408733E-08  -0.1074209142E+02
  1.    0.000   0.7824375000E+01   0.1972937500E+02   0.0000000000E+00   0.8415000000E+02   0.6525122141E+01   0.4790636002E+02   0.3510263380E+02   0.1882272020E-08  -0.1142715868E+02
  1.    0.000   0.7891250000E+01   0.1979625000E+02   0.0000000000E+00   0.8415000000E+02   0.7353015524E+01   0.4864514786E+02   0.3691530632E+02   0.1965150319E-08  -0.1211222593E+02
  1.    0.000   0.7958125000E+01   0.1986312500E+02   0.0000000000E+00   0.8415000000E+02   0.8180908908E+01   0.4938393571E+02   0.3872797883E+02   0.2048030405E-08  -0.1279729319E+02
  1.    0.000   0.8025000000E+01   0.1993000000E+02   0.0000000000E+00   0.8415000000E+02   0.9008802294E+01   0.5012272356E+02   0.4054065135E+02   0.2130896302E-08  -0.1348236045E+02
  1.    0.000   0.8091875000E+01   0.1999687500E+02   0.0000000000E+00   0.8415000000E+02   0.9836695681E+01   0.5086151141E+02   0.4235332387E+02   0.2213729431E-08  -0.1416742771E+02
  1.    0.000   0.8158750000E+01   0.2006375000E+02   0.0000000000E+00   0.8415000000E+02   0.1066458907E+02   0.5160029926E+02   0.4416599640E+02   0.2296508504E-08  -0.1485249498E+02
  1.    0.000   0.8225625000E+01   0.2013062500E+02   0.0000000000E+00   0.8415000000E+02   0.1149248246E+02   0.5233908711E+02   0.4597866893E+02   0.2379209360E-08  -0.1553756224E+02
  1.    0.000   0.8292500000E+01   0.2019750000E+02   0.0000000000E+00   0.8415000000E+02   0.1232037585E+02   0.5307787496E+02   0.4779134146E+02   0.2461805588E-08  -0.1622262950E+02
  1.    0.000   0.8359375000E+01   0.2026437500E+02   0.0000000000E+00   0.8415000000E+02   0.1314826924E+02   0.5381666281E+02   0.4960401399E+02   0.2544268211E-08  -0.1690769677E+02
  1.    0.000   0.8426250000E+01   0.2033125000E+02   0.0000000000E+00   0.8415000000E+02   0.1397616263E+02   0.5455545067E+02   0.5141668653E+02   0.2626565733E-08  -0.1759276404E+02
  1.    0.000   0.8493125000E+01   0.2039812500E+02   0.0000000000E+00   0.8415000000E+02   0.1480405603E+02   0.5529423852E+02   0.5322935906E+02   0.2708664401E-08  -0.1827783130E+02
  1.    0.000   0.8560000000E+01   0.2046500000E+02   0.0000000000E+00   0.8415000000E+02   0.1563194942E+02   0.5603302638E+02   0.5504203161E+02   0.2790527815E-08  -0.1896289857E+02
  2.   45.000   0.0000000000E+00   0.8418106230E+01   0.8418106230E+01   0.8372788059E+02   0.3921141518E+01   0.2436067747E+02   0.2340287113E+02   0.3243517217E+01   0.2293168662E+01
  2.   45.000   0.6705153188E-01   0.8465393996E+01   0.8465393996E+01   0.8372301826E+02   0.3910203369E+01   0.2485074137E+02   0.2304010857E+02   0.3358657689E+01   0.1948202764E+01
  2.   45.000   0.1341030638E+00   0.8512681762E+01   0.8512681762E+01   0.8371815593E+02   0.3899436171E+01   0.2534074321E+02   0.2267727538E+02   0.3473808259E+01   0.1603260278E+01
  2.   45.000   0.2011545956E+00   0.8559969529E+01   0.8559969529E+01   0.8371329360E+02   0.3888829544E+01   0.2583068273E+02   0.2231437505E+02   0.3588977200E+01   0.1258331725E+01
  2.   45.000   0.2682061275E+00   0.8607257295E+01   0.8607257295E+01   0.8370843127E+02   0.3878373106E+01   0.2632055963E+02   0.2195141109E+02   0.3704172785E+01   0.9134076272E+00
  2.   45.000   0.3352576594E+00   0.8654545061E+01   0.8654545061E+01   0.8370356894E+02   0.3868056482E+01   0.2681037364E+02   0.2158838699E+02   0.3819403284E+01   0.5684785094E+00
  2.   45.000   0.4023091913E+00   0.8701832827E+01   0.8701832827E+01   0.8369870661E+02   0.3857869295E+01   0.2730012447E+02   0.2122530626E+02   0.3934676964E+01   0.2235348978E+00
  2.   45.000   0.4693607231E+00   0.8749120594E+01   0.8749120594E+01   0.8369384428E+02   0.3847801174E+01   0.2778981185E+02   0.2086217240E+02   0.4050002093E+01  -0.1214326784E+00
  2.   45.000   0.5364122550E+00   0.8796408360E+01   0.8796408360E+01   0.8368898195E+02   0.3824665044E+01   0.2827011527E+02   0.2051144968E+02   0.4158791065E+01  -0.4568813149E+00
  2.   45.000   0.6034798054E+00   0.8843696126E+01   0.8843696126E+01   0.8368390350E+02   0.3687966017E+01   0.2867115688E+02   0.2026767905E+02   0.4210858490E+01  -0.7105214003E+00
  2.   45.000   0.6705473558E+00   0.8890983892E+01   0.8890983892E+01   0.8367882505E+02   0.3551417784E+01   0.2907213658E+02   0.2002384686E+02   0.4262967758E+01  -0.9641713416E+00
  2.   45.000   0.7376149062E+00   0.8938271659E+01   0.8938271659E+01   0.8367374660E+02   0.3415005459E+01   0.2947305351E+02   0.1977995673E+02   0.4315121236E+01  -0.1217835725E+01
  2.   45.000   0.8046824566E+00   0.8985559425E+01   0.8985559425E+01   0.8366866815E+02   0.3278714156E+01   0.2987390677E+02   0.1953601228E+02   0.4367321288E+01  -0.1471519135E+01
  2.   45.000   0.8717500070E+00   0.9032847191E+01   0.9032847191E+01   0.8366358971E+02   0.3142528995E+01   0.3027469548E+02   0.1929201711E+02   0.4419570279E+01  -0.1725226156E+01
  2.   45.000   0.9388175574E+00   0.9080134957E+01   0.9080134957E+01   0.8365851126E+02   0.3006435099E+01   0.3067541874E+02   0.1904797484E+02   0.4471870573E+01  -0.1978961370E+01
  2.   45.000   0.1005885108E+01   0.9127422724E+01   0.9127422724E+01   0.8365343281E+02   0.2839654328E+01   0.3101680616E+02   0.1885336513E+02   0.4487433714E+01  -0.2175415646E+01
  2.   45.000   0.1072952658E+01   0.9174710490E+01   0.9174710490E+01   0.8364835436E+02   0.2666054171E+01   0.3134485853E+02   0.1866978357E+02   0.4494813695E+01  -0.2359075582E+01
  2.   45.000   0.1140036943E+01   0.9221998255E+01   0.9221998255E+01   0.8364305948E+02   0.2491843466E+01   0.3167338138E+02   0.1848653004E+02   0.4501841782E+01  -0.2542540456E+01
  2.   45.000   0.1207121227E+01   0.9269286020E+01   0.9269286020E+01   0.8363776460E+02   0.2317742511E+01   0.3200184242E+02   0.1830322614E+02   0.4508921345E+01  -0.2726030746E+01
  2.   45.000   0.1274205511E+01   0.9316573785E+01   0.9316573785E+01   0.8363246971E+02   0.2143737802E+01   0.3233023839E+02   0.1811987397E+02   0.4516051665E+01  -0.2909547925E+01
  2.   45.000   0.1341289796E+01   0.9363861550E+01   0.9363861550E+01   0.8362717483E+02   0.1966853828E+01   0.3261842053E+02   0.1796806615E+02   0.4503997392E+01  -0.3056167531E+01
  2.   45.000   0.1408374080E+01   0.9411149315E+01   0.9411149315E+01   0.8362187995E+02   0.1789345133E+01   0.3289711201E+02   0.1782362572E+02   0.4487479516E+01  -0.3194153254E+01
  2.   45.000   0.1475458365E+01   0.9458437080E+01   0.9458437080E+01   0.8361658507E+02   0.1611896124E+01   0.3317572737E+02   0.1767914286E+02   0.4471009341E+01  -0.3332168813E+01
  2.   45.000   0.1542542649E+01   0.9505724845E+01   0.9505724845E+01   0.8361129018E+02   0.1434496369E+01   0.3345426235E+02   0.1753461932E+02   0.4454585406E+01  -0.3470214501E+01
  2.   45.000   0.1609626934E+01   0.9553012610E+01   0.9553012610E+01   0.8360599530E+02   0.1263377236E+01   0.3370140096E+02   0.1741144825E+02   0.4429438265E+01  -0.3584737358E+01
  2.   45.000   0.1676728677E+01   0.9600300376E+01   0.9600300376E+01   0.8360048365E+02   0.1093197250E+01   0.3394232882E+02   0.1729318482E+02   0.4402068415E+01  -0.3693972255E+01
  2.   45.000   0.1743830420E+01   0.9647588143E+01   0.9647588143E+01   0.8359497201E+02   0.9230802635E+00   0.3418319912E+02   0.1717486801E+02   0.4374750382E+01  -0.3803246260E+01
  2.   45.000   0.1810932163E+01   0.9694875909E+01   0.9694875909E+01   0.8358946036E+02   0.7527888009E+00   0.3440861353E+02   0.1706773490E+02   0.4342382588E+01  -0.3898615011E+01
  2.   45.000   0.1878033906E+01   0.9742163675E+01   0.9742163675E+01   0.8358394871E+02   0.5824556293E+00   0.3462732240E+02   0.1696539651E+02   0.4307866292E+01  -0.3988010473E+01
  2.   45.000   0.1945135649E+01   0.9789451441E+01   0.9789451441E+01   0.8357843707E+02   0.4148552079E+00   0.3484044888E+02   0.1686751210E+02   0.4272849703E+01  -0.4073301757E+01
  2.   45.000   0.2012237392E+01   0.9836739207E+01   0.9836739207E+01   0.8357292542E+02   0.2521333536E+00   0.3504356980E+02   0.1677769452E+02   0.4236892417E+01  -0.4151167864E+01
  2.   45.000   0.2079339135E+01   0.9884026974E+01   0.9884026974E+01   0.8356741378E+02   0.9135712405E-01   0.3523957211E+02   0.1669256491E+02   0.4200068618E+01  -0.4223712514E+01
  2.   45.000   0.2146440878E+01   0.9931314740E+01   0.9931314740E+01   0.8356190213E+02  -0.6705871342E-01   0.3542869656E+02   0.1661243151E+02   0.4162585347E+01  -0.4291023273E+01
  2.   45.000   0.2213560802E+01   0.9978602506E+01   0.9978602506E+01   0.8355617338E+02  -0.2223646038E+00   0.3561149579E+02   0.1653863776E+02   0.4124519714E+01  -0.4352576712E+01
  2.   45.000   0.2280680727E+01   0.1002589027E+02   0.1002589027E+02   0.8355044462E+02  -0.3746536443E+00   0.3578803196E+02   0.1646993155E+02   0.4086370800E+01  -0.4409278074E+01
  2.   45.000   0.2347800652E+01   0.1007317804E+02   0.1007317804E+02   0.8354471587E+02  -0.5233786972E+00   0.3595843917E+02   0.1640682677E+02   0.4048115133E+01  -0.4460982325E+01
  2.   45.000   0.2414920576E+01   0.1012046581E+02   0.1012046581E+02   0.8353898712E+02  -0.6684480779E+00   0.3612261489E+02   0.1634930193E+02   0.4010685250E+01  -0.4507828813E+01
  2.   45.000   0.2482040501E+01   0.1016775357E+02   0.1016775357E+02   0.8353325837E+02  -0.8099235409E+00   0.3628136471E+02   0.1629634373E+02   0.3973359257E+01  -0.4550247203E+01
  2.   45.000   0.2549160426E+01   0.1021504134E+02   0.1021504134E+02   0.8352752961E+02  -0.9473691744E+00   0.3643465987E+02   0.1624848576E+02   0.3936632765E+01  -0.4588175104E+01
  2.   45.000   0.2616280350E+01   0.1026232910E+02   0.1026232910E+02   0.8352180086E+02  -0.1080994137E+01   0.3658296872E+02   0.1620538118E+02   0.3900620775E+01  -0.4621946644E+01
  2.   45.000   0.2683400275E+01   0.1030961687E+02   0.1030961687E+02   0.8351607211E+02  -0.1211371098E+01   0.3672724781E+02   0.1616613224E+02   0.3865291565E+01  -0.4652360089E+01
  2.   45.000   0.2750539110E+01   0.1035690464E+02   0.1035690464E+02   0.8351012589E+02  -0.1335766438E+01   0.3686665719E+02   0.1613391084E+02   0.3830998597E+01  -0.4677628493E+01
  2.   45.000   0.2817677945E+01   0.1040419240E+02   0.1040419240E+02   0.8350417967E+02  -0.1457680652E+01   0.3700295215E+02   0.1610480908E+02   0.3797474496E+01  -0.4700001832E+01
  2.   45.000   0.2884816780E+01   0.1045148017E+02   0.1045148017E+02   0.8349823346E+02  -0.1575256392E+01   0.3713383345E+02   0.1608121798E+02   0.3765276017E+01  -0.4717271048E+01
  2.   45.000   0.2951955615E+01   0.1049876794E+02   0.1049876794E+02   0.8349228724E+02  -0.1692489296E+01   0.3726439150E+02   0.1605781860E+02   0.3733191132E+01  -0.4734398209E+01
  2.   45.000   0.3019094450E+01   0.1054605570E+02   0.1054605570E+02   0.8348634102E+02  -0.1794443627E+01   0.3738459832E+02   0.1604552960E+02   0.3704725631E+01  -0.4743539017E+01
  2.   45.000   0.3086233285E+01   0.1059334347E+02   0.1059334347E+02   0.8348039481E+02  -0.1896373935E+01   0.3750466954E+02   0.1603319485E+02   0.3676303251E+01  -0.4752707393E+01
  2.   45.000   0.3153372120E+01   0.1064063123E+02   0.1064063123E+02   0.8347444859E+02  -0.1998281762E+01   0.3762460018E+02   0.1602081368E+02   0.3647924476E+01  -0.4761903584E+01
  2.   45.000   0.3220510955E+01   0.1068791900E+02   0.1068791900E+02   0.8346850237E+02  -0.2089014179E+01   0.3773689194E+02   0.1602008648E+02   0.3623739543E+01  -0.4760462829E+01
  2.   45.000   0.3287669434E+01   0.1073520677E+02   0.1073520677E+02   0.8346233832E+02  -0.2178607414E+01   0.3784918921E+02   0.1602100962E+02   0.3599749782E+01  -0.4757613700E+01
  2.   45.000   0.3354827912E+01   0.1078249453E+02   0.1078249453E+02   0.8345617426E+02  -0.2268177469E+01   0.3796137287E+02   0.1602188925E+02   0.3575800181E+01  -0.4754792078E+01
  2.   45.000   0.3421986391E+01   0.1082978230E+02   0.1082978230E+02   0.8345001021E+02  -0.2357726314E+01   0.3807343691E+02   0.1602272491E+02   0.3551890702E+01  -0.4751997450E+01
  2.   45.000   0.3489144869E+01   0.1087707006E+02   0.1087707006E+02   0.8344384616E+02  -0.2428927192E+01   0.3817563883E+02   0.1603622969E+02   0.3536209359E+01  -0.4737968719E+01
  2.   45.000   0.3556303348E+01   0.1092435783E+02   0.1092435783E+02   0.8343768210E+02  -0.2498290314E+01   0.3827674210E+02   0.1605095214E+02   0.3521381465E+01  -0.4722847656E+01
  2.   45.000   0.3623461826E+01   0.1097164560E+02   0.1097164560E+02   0.8343151805E+02  -0.2567637489E+01   0.3837770771E+02   0.1606562893E+02   0.3506594316E+01  -0.4707752173E+01
  2.   45.000   0.3690620305E+01   0.1101893336E+02   0.1101893336E+02   0.8342535399E+02  -0.2636970205E+01   0.3847852973E+02   0.1608025937E+02   0.3491848411E+01  -0.4692681840E+01
  2.   45.000   0.3757778783E+01   0.1106622113E+02   0.1106622113E+02   0.8341918994E+02  -0.2706289946E+01   0.3857920219E+02   0.1609484276E+02   0.3477144250E+01  -0.4677636224E+01
  2.   45.000   0.3824957641E+01   0.1111350889E+02   0.1111350889E+02   0.8341280766E+02  -0.2748407282E+01   0.3867430326E+02   0.1612401408E+02   0.3473956986E+01  -0.4651020291E+01
  2.   45.000   0.3892136498E+01   0.1116079666E+02   0.1116079666E+02   0.8340642539E+02  -0.2787516747E+01   0.3876855701E+02   0.1615470426E+02   0.3472103111E+01  -0.4623181968E+01
  2.   45.000   0.3959315356E+01   0.1120808442E+02   0.1120808442E+02   0.8340004311E+02  -0.2826611132E+01   0.3886267505E+02   0.1618534903E+02   0.3470289728E+01  -0.4595369369E+01
  2.   45.000   0.4026494213E+01   0.1125537219E+02   0.1125537219E+02   0.8339366083E+02  -0.2865689949E+01   0.3895665123E+02   0.1621594759E+02   0.3468517536E+01  -0.4567582110E+01
  2.   45.000   0.4093673071E+01   0.1130265995E+02   0.1130265995E+02   0.8338727856E+02  -0.2904752707E+01   0.3905047940E+02   0.1624649914E+02   0.3466787234E+01  -0.4539819808E+01
  2.   45.000   0.4160851928E+01   0.1134994772E+02   0.1134994772E+02   0.8338089628E+02  -0.2943798918E+01   0.3914415341E+02   0.1627700290E+02   0.3465099520E+01  -0.4512082081E+01
  2.   45.000   0.4228030785E+01   0.1139723548E+02   0.1139723548E+02   0.8337451401E+02  -0.2960254807E+01   0.3923697379E+02   0.1631729609E+02   0.3478647633E+01  -0.4477528409E+01
  2.   45.000   0.4295209643E+01   0.1144452325E+02   0.1144452325E+02   0.8336813173E+02  -0.2962297279E+01   0.3932918450E+02   0.1636381402E+02   0.3501933438E+01  -0.4438635153E+01
  2.   45.000   0.4362409625E+01   0.1149181102E+02   0.1149181102E+02   0.8336153083E+02  -0.2964451144E+01   0.3942249128E+02   0.1641067102E+02   0.3524913474E+01  -0.4399571276E+01
  2.   45.000   0.4429609607E+01   0.1153909878E+02   0.1153909878E+02   0.8335492993E+02  -0.2966587376E+01   0.3951565231E+02   0.1645748191E+02   0.3547933514E+01  -0.4360532730E+01
  2.   45.000   0.4496809589E+01   0.1158638655E+02   0.1158638655E+02   0.8334832903E+02  -0.2968707001E+01   0.3960866104E+02   0.1650424526E+02   0.3570995781E+01  -0.4321518949E+01
  2.   45.000   0.4564009571E+01   0.1163367431E+02   0.1163367431E+02   0.8334172813E+02  -0.2970811045E+01   0.3970151091E+02   0.1655095968E+02   0.3594102497E+01  -0.4282529369E+01
  2.   45.000   0.4631209552E+01   0.1168096208E+02   0.1168096208E+02   0.8333512722E+02  -0.2972900533E+01   0.3979419535E+02   0.1659762375E+02   0.3617255885E+01  -0.4243563427E+01
  2.   45.000   0.4698409534E+01   0.1172824985E+02   0.1172824985E+02   0.8332852632E+02  -0.2974976490E+01   0.3988670782E+02   0.1664423606E+02   0.3640458165E+01  -0.4204620558E+01
  2.   45.000   0.4765609516E+01   0.1177553761E+02   0.1177553761E+02   0.8332192542E+02  -0.2932534503E+01   0.3998571544E+02   0.1670267043E+02   0.3685706236E+01  -0.4161920319E+01
  2.   45.000   0.4832809498E+01   0.1182282538E+02   0.1182282538E+02   0.8331532452E+02  -0.2871823038E+01   0.4008727043E+02   0.1676591633E+02   0.3740016875E+01  -0.4117693899E+01
  2.   45.000   0.4900031349E+01   0.1187011315E+02   0.1187011315E+02   0.8330850458E+02  -0.2811245797E+01   0.4019004987E+02   0.1682952815E+02   0.3793987014E+01  -0.4073305637E+01
  2.   45.000   0.4967253201E+01   0.1191740091E+02   0.1191740091E+02   0.8330168464E+02  -0.2750665113E+01   0.4029266676E+02   0.1689308996E+02   0.3848005209E+01  -0.4028940855E+01
  2.   45.000   0.5034475052E+01   0.1196468868E+02   0.1196468868E+02   0.8329486470E+02  -0.2690071532E+01   0.4039511358E+02   0.1695660037E+02   0.3902071838E+01  -0.3984599348E+01
  2.   45.000   0.5101696903E+01   0.1201197644E+02   0.1201197644E+02   0.8328804476E+02  -0.2629455603E+01   0.4049738281E+02   0.1702005799E+02   0.3956187283E+01  -0.3940280915E+01
  2.   45.000   0.5168918754E+01   0.1205926421E+02   0.1205926421E+02   0.8328122481E+02  -0.2568807878E+01   0.4059946693E+02   0.1708346144E+02   0.4010351923E+01  -0.3895985353E+01
  2.   45.000   0.5236140605E+01   0.1210655198E+02   0.1210655198E+02   0.8327440487E+02  -0.2508118912E+01   0.4070135841E+02   0.1714680934E+02   0.4064566137E+01  -0.3851712460E+01
  2.   45.000   0.5303362456E+01   0.1215383974E+02   0.1215383974E+02   0.8326758493E+02  -0.2447379264E+01   0.4080304975E+02   0.1721010029E+02   0.4118830306E+01  -0.3807462032E+01
  2.   45.000   0.5370584307E+01   0.1220112751E+02   0.1220112751E+02   0.8326076499E+02  -0.2386579495E+01   0.4090453343E+02   0.1727333292E+02   0.4173144808E+01  -0.3763233868E+01
  2.   45.000   0.5437828779E+01   0.1224841528E+02   0.1224841528E+02   0.8325372558E+02  -0.2298664473E+01   0.4104082623E+02   0.1735321551E+02   0.4302272602E+01  -0.3730582546E+01
  2.   45.000   0.5505073251E+01   0.1229570304E+02   0.1229570304E+02   0.8324668617E+02  -0.2203189052E+01   0.4118608958E+02   0.1743749940E+02   0.4451978090E+01  -0.3701155069E+01
  2.   45.000   0.5572317723E+01   0.1234299081E+02   0.1234299081E+02   0.8323964676E+02  -0.2107659915E+01   0.4133116637E+02   0.1752173260E+02   0.4601720141E+01  -0.3671746205E+01
  2.   45.000   0.5639562195E+01   0.1239027858E+02   0.1239027858E+02   0.8323260734E+02  -0.2012088633E+01   0.4147604350E+02   0.1760590754E+02   0.4751516790E+01  -0.3642361427E+01
  2.   45.000   0.5706806666E+01   0.1243756634E+02   0.1243756634E+02   0.8322556793E+02  -0.1916486772E+01   0.4162070790E+02   0.1769001665E+02   0.4901386064E+01  -0.3613006205E+01
  2.   45.000   0.5774051138E+01   0.1248485411E+02   0.1248485411E+02   0.8321852852E+02  -0.1820865894E+01   0.4176514650E+02   0.1777405239E+02   0.5051345985E+01  -0.3583686008E+01
  2.   45.000   0.5841295610E+01   0.1253214187E+02   0.1253214187E+02   0.8321148911E+02  -0.1725237557E+01   0.4190934621E+02   0.1785800719E+02   0.5201414566E+01  -0.3554406302E+01
  2.   45.000   0.5908540082E+01   0.1257942964E+02   0.1257942964E+02   0.8320444970E+02  -0.1629613315E+01   0.4205329397E+02   0.1794187350E+02   0.5351609816E+01  -0.3525172551E+01
  2.   45.000   0.5975807931E+01   0.1262671741E+02   0.1262671741E+02   0.8319719037E+02  -0.1534095325E+01   0.4219885358E+02   0.1802627132E+02   0.5501128264E+01  -0.3495680778E+01
  2.   45.000   0.6043075780E+01   0.1267400517E+02   0.1267400517E+02   0.8318993104E+02  -0.1438542884E+01   0.4234420484E+02   0.1811060584E+02   0.5650713304E+01  -0.3466216731E+01
  2.   45.000   0.6110343629E+01   0.1272129294E+02   0.1272129294E+02   0.8318267171E+02  -0.1342967551E+01   0.4248933468E+02   0.1819486952E+02   0.5800382950E+01  -0.3436785875E+01
  2.   45.000   0.6177611478E+01   0.1276858070E+02   0.1276858070E+02   0.8317541239E+02  -0.1247380880E+01   0.4263423002E+02   0.1827905479E+02   0.5950155211E+01  -0.3407393676E+01
  2.   45.000   0.6244879327E+01   0.1281586847E+02   0.1281586847E+02   0.8316815306E+02  -0.1115700345E+01   0.4277848212E+02   0.1836312163E+02   0.6106018192E+01  -0.3373013612E+01
  2.   45.000   0.6312147177E+01   0.1286315624E+02   0.1286315624E+02   0.8316089373E+02  -0.9074414401E+00   0.4292161624E+02   0.1844701852E+02   0.6274660876E+01  -0.3328005178E+01
  2.   45.000   0.6379415026E+01   0.1291044400E+02   0.1291044400E+02   0.8315363440E+02  -0.6991077089E+00   0.4306442857E+02   0.1853079434E+02   0.6443402816E+01  -0.3283037207E+01
  2.   45.000   0.6446682875E+01   0.1295773177E+02   0.1295773177E+02   0.8314637507E+02  -0.4906552546E+00   0.4320687935E+02   0.1861443041E+02   0.6612229362E+01  -0.3238106833E+01
  2.   45.000   0.6513974861E+01   0.1300501954E+02   0.1300501954E+02   0.8313889536E+02  -0.2825226994E+00   0.4335139566E+02   0.1869882630E+02   0.6780294249E+01  -0.3192880355E+01
  2.   45.000   0.6581266848E+01   0.1305230730E+02   0.1305230730E+02   0.8313141566E+02  -0.7441748639E-01   0.4349568267E+02   0.1878314461E+02   0.6948492494E+01  -0.3147701010E+01
  2.   45.000   0.6648558834E+01   0.1309959507E+02   0.1309959507E+02   0.8312393595E+02   0.1337042971E+00   0.4363970063E+02   0.1886736666E+02   0.7116809440E+01  -0.3102565929E+01
  2.   45.000   0.6715850821E+01   0.1314688283E+02   0.1314688283E+02   0.8311645625E+02   0.3418865481E+00   0.4378340978E+02   0.1895147375E+02   0.7285230437E+01  -0.3057472247E+01
  2.   45.000   0.6783142807E+01   0.1319417060E+02   0.1319417060E+02   0.8310897654E+02   0.5501731475E+00   0.4392677040E+02   0.1903544719E+02   0.7453740836E+01  -0.3012417101E+01
  2.   45.000   0.6850434794E+01   0.1324145836E+02   0.1324145836E+02   0.8310149683E+02   0.7586079604E+00   0.4406974278E+02   0.1911926832E+02   0.7622325997E+01  -0.2967397626E+01
  2.   45.000   0.6917726780E+01   0.1328874613E+02   0.1328874613E+02   0.8309401713E+02   0.9672348356E+00   0.4421228722E+02   0.1920291847E+02   0.7790971282E+01  -0.2922410960E+01
  2.   45.000   0.6985018767E+01   0.1333603389E+02   0.1333603389E+02   0.8308653742E+02   0.1176097606E+01   0.4435436403E+02   0.1928637898E+02   0.7959662060E+01  -0.2877454241E+01
  2.   45.000   0.7052335661E+01   0.1338332166E+02   0.1338332166E+02   0.8307883686E+02   0.1383819876E+01   0.4449925374E+02   0.1937095022E+02   0.8127862950E+01  -0.2832254202E+01
  2.   45.000   0.7119652556E+01   0.1343060942E+02   0.1343060942E+02   0.8307113630E+02   0.1591631683E+01   0.4464380832E+02   0.1945539412E+02   0.8296158187E+01  -0.2787093666E+01
  2.   45.000   0.7186969451E+01   0.1347789719E+02   0.1347789719E+02   0.8306343574E+02   0.1799576876E+01   0.4478798808E+02   0.1953969202E+02   0.8464533134E+01  -0.2741969769E+01
  2.   45.000   0.7254286346E+01   0.1352518495E+02   0.1352518495E+02   0.8305573517E+02   0.2007699288E+01   0.4493175334E+02   0.1962382526E+02   0.8632973161E+01  -0.2696879650E+01
  2.   45.000   0.7321603240E+01   0.1357247272E+02   0.1357247272E+02   0.8304803461E+02   0.2665085261E+01   0.4655595621E+02   0.2039640877E+02   0.9256549589E+01  -0.2926078498E+01
  2.   45.000   0.7388920135E+01   0.1361976049E+02   0.1361976049E+02   0.8304033405E+02   0.3549628974E+01   0.4892822318E+02   0.2151692941E+02   0.1011029911E+02  -0.3293961576E+01
  2.   45.000   0.7456237030E+01   0.1366704825E+02   0.1366704825E+02   0.8303263349E+02   0.4434503240E+01   0.5130069516E+02   0.2263768673E+02   0.1096452674E+02  -0.3662062598E+01
  2.   45.000   0.7523553924E+01   0.1371433602E+02   0.1371433602E+02   0.8302493293E+02   0.5319762964E+01   0.5367372598E+02   0.2375890550E+02   0.1181946044E+02  -0.4030481019E+01
  2.   45.000   0.7590896499E+01   0.1376162379E+02   0.1376162379E+02   0.8301701102E+02   0.6202966586E+01   0.5604695572E+02   0.2487950690E+02   0.1267210499E+02  -0.4397835375E+01
  2.   45.000   0.7658239073E+01   0.1380891155E+02   0.1380891155E+02   0.8300908911E+02   0.7086373124E+01   0.5841956796E+02   0.2599982252E+02   0.1352469774E+02  -0.4765176487E+01
  2.   45.000   0.7725581647E+01   0.1385619932E+02   0.1385619932E+02   0.8300116720E+02   0.7970037506E+01   0.6079191668E+02   0.2712007721E+02   0.1437746673E+02  -0.5132603847E+01
  2.   45.000   0.7792924222E+01   0.1390348709E+02   0.1390348709E+02   0.8299324530E+02   0.8854014640E+01   0.6316435570E+02   0.2824049572E+02   0.1523063992E+02  -0.5500216908E+01
  2.   45.000   0.7860266796E+01   0.1395077485E+02   0.1395077485E+02   0.8298532339E+02   0.9738359410E+01   0.6553723872E+02   0.2936130272E+02   0.1608444520E+02  -0.5868115088E+01
  2.   45.000   0.7927609370E+01   0.1399806262E+02   0.1399806262E+02   0.8297740148E+02   0.1062312668E+02   0.6791091930E+02   0.3048272281E+02   0.1693911035E+02  -0.6236397762E+01
  2.   45.000   0.7994951945E+01   0.1404535038E+02   0.1404535038E+02   0.8296947957E+02   0.1150837129E+02   0.7028575086E+02   0.3160498049E+02   0.1779486306E+02  -0.6605164269E+01
  2.   45.000   0.8062294519E+01   0.1409263815E+02   0.1409263815E+02   0.8296155766E+02   0.1239414807E+02   0.7266208668E+02   0.3272830016E+02   0.1865193094E+02  -0.6974513909E+01
  2.   45.000   0.8129663551E+01   0.1413992592E+02   0.1413992592E+02   0.8295341390E+02   0.1327683863E+02   0.7503201816E+02   0.3384680601E+02   0.1950244911E+02  -0.7340940540E+01
  2.   45.000   0.8197032584E+01   0.1418721368E+02   0.1418721368E+02   0.8294527014E+02   0.1415987843E+02   0.7740227508E+02   0.3496562506E+02   0.2035352297E+02  -0.7707618966E+01
  2.   45.000   0.8264401616E+01   0.1423450145E+02   0.1423450145E+02   0.8293712638E+02   0.1504332232E+02   0.7977321086E+02   0.3608498179E+02   0.2120538024E+02  -0.8074648526E+01
  2.   45.000   0.8331770648E+01   0.1428178921E+02   0.1428178921E+02   0.8292898261E+02   0.1592722510E+02   0.8214517880E+02   0.3720510063E+02   0.2205824852E+02  -0.8442128520E+01
  2.   45.000   0.8399139681E+01   0.1432907698E+02   0.1432907698E+02   0.8292083885E+02   0.1681164159E+02   0.8451853203E+02   0.3832620588E+02   0.2291235531E+02  -0.8810158205E+01
  2.   45.000   0.8466508713E+01   0.1437636475E+02   0.1437636475E+02   0.8291269509E+02   0.1769662655E+02   0.8689362356E+02   0.3944852180E+02   0.2376792806E+02  -0.9178836802E+01
  2.   45.000   0.8533877745E+01   0.1442365251E+02   0.1442365251E+02   0.8290455133E+02   0.1858223474E+02   0.8927080626E+02   0.4057227251E+02   0.2462519409E+02  -0.9548263490E+01
  2.   45.000   0.8601246778E+01   0.1447094028E+02   0.1447094028E+02   0.8289640757E+02   0.1946852088E+02   0.9165043282E+02   0.4169768206E+02   0.2548438063E+02  -0.9918537405E+01
  3.   90.000   0.0000000000E+00   0.0000000000E+00   0.1190500000E+02   0.8330362222E+02  -0.7716941391E+01  -0.4880055632E+01   0.1043001509E+02  -0.3409709258E+00   0.1469585045E-07
  3.   90.000   0.6758583931E-01   0.0000000000E+00   0.1197187500E+02   0.8329384572E+02  -0.7556888688E+01  -0.4592670554E+01   0.1096097490E+02   0.6848292717E-01   0.1462035215E-07
  3.   90.000   0.1351716786E+00   0.0000000000E+00   0.1203875000E+02   0.8328406921E+02  -0.7396494011E+01  -0.4305298910E+01   0.1149197480E+02   0.4779434827E+00   0.1454468336E-07
  3.   90.000   0.2027575179E+00   0.0000000000E+00   0.1210562500E+02   0.8327429270E+02  -0.7235784819E+01  -0.4017929941E+01   0.1202300650E+02   0.8874334242E+00   0.1446883680E-07
  3.   90.000   0.2703433572E+00   0.0000000000E+00   0.1217250000E+02   0.8326451620E+02  -0.7074788561E+01  -0.3730552897E+01   0.1255406174E+02   0.1296975425E+01   0.1439281367E-07
  3.   90.000   0.3379291965E+00   0.0000000000E+00   0.1223937500E+02   0.8325473969E+02  -0.6913532673E+01  -0.3443157031E+01   0.1308513227E+02   0.1706592146E+01   0.1431662337E-07
  3.   90.000   0.4055150359E+00   0.0000000000E+00   0.1230625000E+02   0.8324496319E+02  -0.6752044580E+01  -0.3155731602E+01   0.1361620983E+02   0.2116306239E+01   0.1424028343E-07
  3.   90.000   0.4731008752E+00   0.0000000000E+00   0.1237312500E+02   0.8323518668E+02  -0.6590351694E+01  -0.2868265873E+01   0.1414728616E+02   0.2526140345E+01   0.1416381917E-07
  3.   90.000   0.5406867145E+00   0.0000000000E+00   0.1244000000E+02   0.8322541018E+02  -0.6440201965E+01  -0.2573628347E+01   0.1466703626E+02   0.2920680847E+01   0.1408437551E-07
  3.   90.000   0.6083375272E+00   0.0000000000E+00   0.1250687500E+02   0.8321519417E+02  -0.6391846082E+01  -0.2218323917E+01   0.1508997573E+02   0.3182493285E+01   0.1397990613E-07
  3.   90.000   0.6759883399E+00   0.0000000000E+00   0.1257375000E+02   0.8320497816E+02  -0.6343216780E+01  -0.1863000459E+01   0.1551293244E+02   0.3444394460E+01   0.1387540592E-07
  3.   90.000   0.7436391526E+00   0.0000000000E+00   0.1264062500E+02   0.8319476215E+02  -0.6294343981E+01  -0.1507649506E+01   0.1593589862E+02   0.3706393959E+01   0.1377081513E-07
  3.   90.000   0.8112899653E+00   0.0000000000E+00   0.1270750000E+02   0.8318454614E+02  -0.6245257600E+01  -0.1152262592E+01   0.1635886652E+02   0.3968501362E+01   0.1366607942E-07
  3.   90.000   0.8789407780E+00   0.0000000000E+00   0.1277437500E+02   0.8317433014E+02  -0.6195987532E+01  -0.7968312588E+00   0.1678182839E+02   0.4230726245E+01   0.1356114971E-07
  3.   90.000   0.9465915907E+00   0.0000000000E+00   0.1284125000E+02   0.8316411413E+02  -0.6146563663E+01  -0.4413470500E+00   0.1720477647E+02   0.4493078178E+01   0.1345598202E-07
  3.   90.000   0.1014242403E+01   0.0000000000E+00   0.1290812500E+02   0.8315389812E+02  -0.6128098107E+01  -0.7783803134E-01   0.1757750100E+02   0.4678303380E+01   0.1339154471E-07
  3.   90.000   0.1081893216E+01   0.0000000000E+00   0.1297500000E+02   0.8314368211E+02  -0.6116484838E+01   0.2875093384E+00   0.1793896394E+02   0.4846372327E+01   0.1333627593E-07
  3.   90.000   0.1149611997E+01   0.0000000000E+00   0.1304187500E+02   0.8313302530E+02  -0.6105897745E+01   0.6524932529E+00   0.1830053871E+02   0.5013554785E+01   0.1328214427E-07
  3.   90.000   0.1217330777E+01   0.0000000000E+00   0.1310875000E+02   0.8312236849E+02  -0.6095120936E+01   0.1017525639E+01   0.1866210930E+02   0.5180858496E+01   0.1322767260E-07
  3.   90.000   0.1285049557E+01   0.0000000000E+00   0.1317562500E+02   0.8311171168E+02  -0.6084180241E+01   0.1382608575E+01   0.1902366862E+02   0.5348286713E+01   0.1317297296E-07
  3.   90.000   0.1352768338E+01   0.0000000000E+00   0.1324250000E+02   0.8310105487E+02  -0.6080988292E+01   0.1747094907E+01   0.1935573842E+02   0.5469248852E+01   0.1309762291E-07
  3.   90.000   0.1420487118E+01   0.0000000000E+00   0.1330937500E+02   0.8309039806E+02  -0.6079532616E+01   0.2111482699E+01   0.1968086884E+02   0.5579409732E+01   0.1301741281E-07
  3.   90.000   0.1488205899E+01   0.0000000000E+00   0.1337625000E+02   0.8307974125E+02  -0.6077983233E+01   0.2475923087E+01   0.2000596855E+02   0.5689701543E+01   0.1293712115E-07
  3.   90.000   0.1555924679E+01   0.0000000000E+00   0.1344312500E+02   0.8306908444E+02  -0.6076360359E+01   0.2840414768E+01   0.2033103191E+02   0.5800124736E+01   0.1285672884E-07
  3.   90.000   0.1623643460E+01   0.0000000000E+00   0.1351000000E+02   0.8305842763E+02  -0.6073723205E+01   0.3199713842E+01   0.2063574717E+02   0.5882076458E+01   0.1292509400E-07
  3.   90.000   0.1691433229E+01   0.0000000000E+00   0.1357687500E+02   0.8304732866E+02  -0.6071503858E+01   0.3557552026E+01   0.2093632329E+02   0.5956944966E+01   0.1302594784E-07
  3.   90.000   0.1759222998E+01   0.0000000000E+00   0.1364375000E+02   0.8303622969E+02  -0.6069164559E+01   0.3915498291E+01   0.2123690943E+02   0.6031960467E+01   0.1312649987E-07
  3.   90.000   0.1827012767E+01   0.0000000000E+00   0.1371062500E+02   0.8302513072E+02  -0.6068243684E+01   0.4272514582E+01   0.2152733332E+02   0.6091217945E+01   0.1320549170E-07
  3.   90.000   0.1894802536E+01   0.0000000000E+00   0.1377750000E+02   0.8301403175E+02  -0.6067887219E+01   0.4629143087E+01   0.2181335132E+02   0.6143760175E+01   0.1327502655E-07
  3.   90.000   0.1962592305E+01   0.0000000000E+00   0.1384437500E+02   0.8300293277E+02  -0.6065669645E+01   0.4985040114E+01   0.2209636287E+02   0.6192044487E+01   0.1319472724E-07
  3.   90.000   0.2030382074E+01   0.0000000000E+00   0.1391125000E+02   0.8299183380E+02  -0.6060179271E+01   0.5339559329E+01   0.2237396605E+02   0.6232541410E+01   0.1284446301E-07
  3.   90.000   0.2098171843E+01   0.0000000000E+00   0.1397812500E+02   0.8298073483E+02  -0.6053431563E+01   0.5692534988E+01   0.2264751753E+02   0.6267501627E+01   0.1231063478E-07
  3.   90.000   0.2165961612E+01   0.0000000000E+00   0.1404500000E+02   0.8296963586E+02  -0.6045127491E+01   0.6044135639E+01   0.2291714676E+02   0.6297151387E+01   0.1275931964E-07
  3.   90.000   0.2233825418E+01   0.0000000000E+00   0.1411187500E+02   0.8295809331E+02  -0.6034812151E+01   0.6394544430E+01   0.2318330636E+02   0.6320537605E+01   0.1516271277E-07
  3.   90.000   0.2301689224E+01   0.0000000000E+00   0.1417875000E+02   0.8294655076E+02  -0.6022243200E+01   0.6743645671E+01   0.2344595241E+02   0.6339496325E+01   0.8729213096E-08
  3.   90.000   0.2369553030E+01   0.0000000000E+00   0.1424562500E+02   0.8293500820E+02  -0.6006377579E+01   0.7092439933E+01   0.2370571736E+02   0.6353943230E+01   0.3590559537E-08
  3.   90.000   0.2437416835E+01   0.0000000000E+00   0.1431250000E+02   0.8292346565E+02  -0.5988860370E+01   0.7437466462E+01   0.2396041395E+02   0.6364635427E+01   0.1102736046E-07
  3.   90.000   0.2505280641E+01   0.0000000000E+00   0.1437937500E+02   0.8291192310E+02  -0.5967767630E+01   0.7782326997E+01   0.2421313691E+02   0.6371831447E+01   0.8463884599E-08
  3.   90.000   0.2573144447E+01   0.0000000000E+00   0.1444625000E+02   0.8290038054E+02  -0.5943288619E+01   0.8125714434E+01   0.2446294700E+02   0.6375837516E+01   0.1032588236E-07
  3.   90.000   0.2641008253E+01   0.0000000000E+00   0.1451312500E+02   0.8288883799E+02  -0.5915578407E+01   0.8467655331E+01   0.2471006955E+02   0.6377133456E+01   0.1005874177E-07
  3.   90.000   0.2708872059E+01   0.0000000000E+00   0.1458000000E+02   0.8287729544E+02  -0.5885082888E+01   0.8808336040E+01   0.2495503151E+02   0.6376419316E+01   0.1073620171E-07
  3.   90.000   0.2776812979E+01   0.0000000000E+00   0.1464687500E+02   0.8286530782E+02  -0.5849597373E+01   0.9147001919E+01   0.2519718433E+02   0.6372140356E+01   0.1018039290E-07
  3.   90.000   0.2844753899E+01   0.0000000000E+00   0.1471375000E+02   0.8285332021E+02  -0.5812051081E+01   0.9484648192E+01   0.2543753629E+02   0.6366556921E+01   0.1000649853E-07
  3.   90.000   0.2912694818E+01   0.0000000000E+00   0.1478062500E+02   0.8284133259E+02  -0.5770920805E+01   0.9820440733E+01   0.2567472987E+02   0.6358596777E+01   0.1049998866E-07
  3.   90.000   0.2980635738E+01   0.0000000000E+00   0.1484750000E+02   0.8282934497E+02  -0.5729472475E+01   0.1015612563E+02   0.2591178889E+02   0.6350708629E+01   0.1097865577E-07
  3.   90.000   0.3048576658E+01   0.0000000000E+00   0.1491437500E+02   0.8281735735E+02  -0.5674219450E+01   0.1048611374E+02   0.2614435907E+02   0.6340502160E+01   0.1076270937E-07
  3.   90.000   0.3116517578E+01   0.0000000000E+00   0.1498125000E+02   0.8280536974E+02  -0.5618947942E+01   0.1081605103E+02   0.2637685791E+02   0.6330427528E+01   0.1054661127E-07
  3.   90.000   0.3184458498E+01   0.0000000000E+00   0.1504812500E+02   0.8279338212E+02  -0.5563659085E+01   0.1114592914E+02   0.2660928504E+02   0.6320485218E+01   0.1033023187E-07
  3.   90.000   0.3252399418E+01   0.0000000000E+00   0.1511500000E+02   0.8278139450E+02  -0.5496585593E+01   0.1147442217E+02   0.2683871471E+02   0.6309607190E+01   0.1030410926E-07
  3.   90.000   0.3320420560E+01   0.0000000000E+00   0.1518187500E+02   0.8276896027E+02  -0.5428326812E+01   0.1180288829E+02   0.2706815336E+02   0.6297726245E+01   0.1030006603E-07
  3.   90.000   0.3388441702E+01   0.0000000000E+00   0.1524875000E+02   0.8275652604E+02  -0.5360043857E+01   0.1213135592E+02   0.2729754187E+02   0.6285972802E+01   0.1029591706E-07
  3.   90.000   0.3456462844E+01   0.0000000000E+00   0.1531562500E+02   0.8274409180E+02  -0.5291737272E+01   0.1245981334E+02   0.2752688069E+02   0.6274345916E+01   0.1029171318E-07
  3.   90.000   0.3524483986E+01   0.0000000000E+00   0.1538250000E+02   0.8273165757E+02  -0.5205161739E+01   0.1278417942E+02   0.2775317944E+02   0.6266732380E+01   0.1015664741E-07
  3.   90.000   0.3592505128E+01   0.0000000000E+00   0.1544937500E+02   0.8271922334E+02  -0.5116750944E+01   0.1310810727E+02   0.2797913240E+02   0.6259630143E+01   0.1000861559E-07
  3.   90.000   0.3660526270E+01   0.0000000000E+00   0.1551625000E+02   0.8270678911E+02  -0.5028315706E+01   0.1343198808E+02   0.2820503749E+02   0.6252653028E+01   0.9860571223E-08
  3.   90.000   0.3728547412E+01   0.0000000000E+00   0.1558312500E+02   0.8269435487E+02  -0.4939854727E+01   0.1375580885E+02   0.2843089565E+02   0.6245800969E+01   0.9712513562E-08
  3.   90.000   0.3796568554E+01   0.0000000000E+00   0.1565000000E+02   0.8268192064E+02  -0.4851366711E+01   0.1407955663E+02   0.2865670780E+02   0.6239073900E+01   0.9564441913E-08
  3.   90.000   0.3864673058E+01   0.0000000000E+00   0.1571687500E+02   0.8266903818E+02  -0.4738565338E+01   0.1440085505E+02   0.2888188596E+02   0.6243135614E+01   0.9460885949E-08
  3.   90.000   0.3932777562E+01   0.0000000000E+00   0.1578375000E+02   0.8265615572E+02  -0.4623066477E+01   0.1472181921E+02   0.2910690683E+02   0.6248599357E+01   0.9362288999E-08
  3.   90.000   0.4000882066E+01   0.0000000000E+00   0.1585062500E+02   0.8264327326E+02  -0.4507547500E+01   0.1504274206E+02   0.2933187850E+02   0.6254187704E+01   0.9263688401E-08
  3.   90.000   0.4068986569E+01   0.0000000000E+00   0.1591750000E+02   0.8263039080E+02  -0.4392001447E+01   0.1536360840E+02   0.2955680319E+02   0.6259901828E+01   0.9165067225E-08
  3.   90.000   0.4137091073E+01   0.0000000000E+00   0.1598437500E+02   0.8261750833E+02  -0.4276421359E+01   0.1568440304E+02   0.2978168313E+02   0.6265742898E+01   0.9066408422E-08
  3.   90.000   0.4205195577E+01   0.0000000000E+00   0.1605125000E+02   0.8260462587E+02  -0.4160800282E+01   0.1600511080E+02   0.3000652056E+02   0.6271712084E+01   0.8967694663E-08
  3.   90.000   0.4273300081E+01   0.0000000000E+00   0.1611812500E+02   0.8259174341E+02  -0.4028984958E+01   0.1632898405E+02   0.3023197006E+02   0.6296060397E+01   0.8819461931E-08
  3.   90.000   0.4341404584E+01   0.0000000000E+00   0.1618500000E+02   0.8257886095E+02  -0.3886823436E+01   0.1665482249E+02   0.3045779514E+02   0.6332187665E+01   0.8639806171E-08
  3.   90.000   0.4409595623E+01   0.0000000000E+00   0.1625187500E+02   0.8256552858E+02  -0.3744949697E+01   0.1698130898E+02   0.3068391792E+02   0.6367399066E+01   0.8460585354E-08
  3.   90.000   0.4477786662E+01   0.0000000000E+00   0.1631875000E+02   0.8255219621E+02  -0.3603039317E+01   0.1730772955E+02   0.3090999650E+02   0.6402733108E+01   0.8281288933E-08
  3.   90.000   0.4545977700E+01   0.0000000000E+00   0.1638562500E+02   0.8253886384E+02  -0.3461089581E+01   0.1763406814E+02   0.3113603183E+02   0.6438194812E+01   0.8101925053E-08
  3.   90.000   0.4614168739E+01   0.0000000000E+00   0.1645250000E+02   0.8252553146E+02  -0.3319097776E+01   0.1796030867E+02   0.3136202491E+02   0.6473789194E+01   0.7922501538E-08
  3.   90.000   0.4682359777E+01   0.0000000000E+00   0.1651937500E+02   0.8251219909E+02  -0.3177061192E+01   0.1828643510E+02   0.3158797671E+02   0.6509521266E+01   0.7743025917E-08
  3.   90.000   0.4750550816E+01   0.0000000000E+00   0.1658625000E+02   0.8249886672E+02  -0.3034977118E+01   0.1861243138E+02   0.3181388821E+02   0.6545396037E+01   0.7563505568E-08
  3.   90.000   0.4818741855E+01   0.0000000000E+00   0.1665312500E+02   0.8248553435E+02  -0.2864651825E+01   0.1895012707E+02   0.3204551943E+02   0.6610044790E+01   0.7410331510E-08
  3.   90.000   0.4886932893E+01   0.0000000000E+00   0.1672000000E+02   0.8247220198E+02  -0.2682671682E+01   0.1929249849E+02   0.3227948247E+02   0.6686573809E+01   0.7268127358E-08
  3.   90.000   0.4955213674E+01   0.0000000000E+00   0.1678687500E+02   0.8245841795E+02  -0.2501131114E+01   0.1963585192E+02   0.3251370515E+02   0.6762096192E+01   0.7126476099E-08
  3.   90.000   0.5023494455E+01   0.0000000000E+00   0.1685375000E+02   0.8244463393E+02  -0.2319573945E+01   0.1997910464E+02   0.3274788028E+02   0.6837756986E+01   0.6984778438E-08
  3.   90.000   0.5091775235E+01   0.0000000000E+00   0.1692062500E+02   0.8243084990E+02  -0.2137972366E+01   0.2032223274E+02   0.3298201411E+02   0.6913559591E+01   0.6843010595E-08
  3.   90.000   0.5160056016E+01   0.0000000000E+00   0.1698750000E+02   0.8241706588E+02  -0.1956298583E+01   0.2066521230E+02   0.3321611287E+02   0.6989507404E+01   0.6701148590E-08
  3.   90.000   0.5228336797E+01   0.0000000000E+00   0.1705437500E+02   0.8240328185E+02  -0.1774524823E+01   0.2100801942E+02   0.3345018277E+02   0.7065603817E+01   0.6559168007E-08
  3.   90.000   0.5296617577E+01   0.0000000000E+00   0.1712125000E+02   0.8238949782E+02  -0.1592623330E+01   0.2135063023E+02   0.3368423004E+02   0.7141852223E+01   0.6417044321E-08
  3.   90.000   0.5364898358E+01   0.0000000000E+00   0.1718812500E+02   0.8237571380E+02  -0.1410566369E+01   0.2169302086E+02   0.3391826091E+02   0.7218256008E+01   0.6274752607E-08
  3.   90.000   0.5433179138E+01   0.0000000000E+00   0.1725500000E+02   0.8236192977E+02  -0.1228326224E+01   0.2203516747E+02   0.3415228157E+02   0.7294818558E+01   0.6132267772E-08
  3.   90.000   0.5501552906E+01   0.0000000000E+00   0.1732187500E+02   0.8234769227E+02  -0.1050466106E+01   0.2243496314E+02   0.3439505733E+02   0.7452972762E+01   0.5932146665E-08
  3.   90.000   0.5569926673E+01   0.0000000000E+00   0.1738875000E+02   0.8233345477E+02  -0.8733580074E+00   0.2284997546E+02   0.3464018661E+02   0.7633813810E+01   0.5716197217E-08
  3.   90.000   0.5638300441E+01   0.0000000000E+00   0.1745562500E+02   0.8231921727E+02  -0.6960852863E+00   0.2326480257E+02   0.3488530579E+02   0.7814772629E+01   0.5500050218E-08
  3.   90.000   0.5706674208E+01   0.0000000000E+00   0.1752250000E+02   0.8230497977E+02  -0.5186817355E+00   0.2367941473E+02   0.3513040111E+02   0.7995898708E+01   0.5283717466E-08
  3.   90.000   0.5775047975E+01   0.0000000000E+00   0.1758937500E+02   0.8229074226E+02  -0.3411811250E+00   0.2409378225E+02   0.3537545882E+02   0.8177241503E+01   0.5067210409E-08
  3.   90.000   0.5843421743E+01   0.0000000000E+00   0.1765625000E+02   0.8227650476E+02  -0.1636172017E+00   0.2450787544E+02   0.3562046516E+02   0.8358850431E+01   0.4850540196E-08
  3.   90.000   0.5911795510E+01   0.0000000000E+00   0.1772312500E+02   0.8226226726E+02   0.1397631067E-01   0.2492166466E+02   0.3586540642E+02   0.8540774877E+01   0.4633717676E-08
  3.   90.000   0.5980169278E+01   0.0000000000E+00   0.1779000000E+02   0.8224802976E+02   0.1915657118E+00   0.2533512026E+02   0.3611026885E+02   0.8723064189E+01   0.4416753447E-08
  3.   90.000   0.6048639313E+01   0.0000000000E+00   0.1785687500E+02   0.8223333690E+02   0.3687900004E+00   0.2575056693E+02   0.3635552310E+02   0.8903373895E+01   0.4200873563E-08
  3.   90.000   0.6117109349E+01   0.0000000000E+00   0.1792375000E+02   0.8221864404E+02   0.5461226974E+00   0.2616577893E+02   0.3660074435E+02   0.9083883701E+01   0.3984843539E-08
  3.   90.000   0.6185579384E+01   0.0000000000E+00   0.1799062500E+02   0.8220395118E+02   0.7235300790E+00   0.2658072661E+02   0.3684591888E+02   0.9264642990E+01   0.3768673049E-08
  3.   90.000   0.6254049420E+01   0.0000000000E+00   0.1805750000E+02   0.8218925832E+02   0.9009784447E+00   0.2699538033E+02   0.3709103296E+02   0.9445701110E+01   0.3552371567E-08
  3.   90.000   0.6322519455E+01   0.0000000000E+00   0.1812437500E+02   0.8217456546E+02   0.1108571132E+01   0.2739947814E+02   0.3733840006E+02   0.9624210139E+01   0.3344178613E-08
  3.   90.000   0.6390989491E+01   0.0000000000E+00   0.1819125000E+02   0.8215987260E+02   0.1380150973E+01   0.2778143879E+02   0.3759061851E+02   0.9796918947E+01   0.3154948491E-08
  3.   90.000   0.6459459526E+01   0.0000000000E+00   0.1825812500E+02   0.8214517974E+02   0.1651925355E+01   0.2816279817E+02   0.3784274486E+02   0.9969930240E+01   0.2965535693E-08
  3.   90.000   0.6527929561E+01   0.0000000000E+00   0.1832500000E+02   0.8213048688E+02   0.1924004701E+01   0.2854340427E+02   0.3809477106E+02   0.1014321020E+02   0.2775943202E-08
  3.   90.000   0.6596499187E+01   0.0000000000E+00   0.1839187500E+02   0.8211533670E+02   0.2195232758E+01   0.2892750996E+02   0.3834740327E+02   0.1031422358E+02   0.2587375221E-08
  3.   90.000   0.6665068812E+01   0.0000000000E+00   0.1845875000E+02   0.8210018652E+02   0.2466399035E+01   0.2931136720E+02   0.3859996204E+02   0.1048561795E+02   0.2398647801E-08
  3.   90.000   0.6733638438E+01   0.0000000000E+00   0.1852562500E+02   0.8208503634E+02   0.2737614036E+01   0.2969482390E+02   0.3885243932E+02   0.1065735949E+02   0.2209762703E-08
  3.   90.000   0.6802208063E+01   0.0000000000E+00   0.1859250000E+02   0.8206988617E+02   0.3008988181E+01   0.3007772805E+02   0.3910482708E+02   0.1082941434E+02   0.2020721320E-08
  3.   90.000   0.6870777689E+01   0.0000000000E+00   0.1865937500E+02   0.8205473599E+02   0.3280631808E+01   0.3045992777E+02   0.3935711728E+02   0.1100174873E+02   0.1831524652E-08
  3.   90.000   0.6939347314E+01   0.0000000000E+00   0.1872625000E+02   0.8203958581E+02   0.3552655174E+01   0.3084127130E+02   0.3960930190E+02   0.1117432887E+02   0.1642173296E-08
  3.   90.000   0.7007916940E+01   0.0000000000E+00   0.1879312500E+02   0.8202443563E+02   0.3825168451E+01   0.3122160697E+02   0.3986137292E+02   0.1134712100E+02   0.1452667549E-08
  3.   90.000   0.7076486565E+01   0.0000000000E+00   0.1886000000E+02   0.8200928545E+02   0.4098281727E+01   0.3160078326E+02   0.4011332232E+02   0.1152009141E+02   0.1263007272E-08
  3.   90.000   0.7145159144E+01   0.0000000000E+00   0.1892687500E+02   0.8199367592E+02   0.4368476092E+01   0.3198631705E+02   0.4036603100E+02   0.1169141581E+02   0.1074461397E-08
  3.   90.000   0.7213831722E+01   0.0000000000E+00   0.1899375000E+02   0.8197806639E+02   0.4638902211E+01   0.3237119834E+02   0.4061864486E+02   0.1186303130E+02   0.8857752933E-09
  3.   90.000   0.7282504300E+01   0.0000000000E+00   0.1906062500E+02   0.8196245687E+02   0.4909670258E+01   0.3275527548E+02   0.4087115589E+02   0.1203490412E+02   0.6969477290E-09
  3.   90.000   0.7351176878E+01   0.0000000000E+00   0.1912750000E+02   0.8194684734E+02   0.5180890321E+01   0.3313839692E+02   0.4112355608E+02   0.1220700055E+02   0.5079772620E-09
  3.   90.000   0.7419849456E+01   0.0000000000E+00   0.1919437500E+02   0.8193123781E+02   0.5907588689E+01   0.3557987418E+02   0.4211338690E+02   0.1297137579E+02   0.2613867520E-09
  3.   90.000   0.7488522034E+01   0.0000000000E+00   0.1926125000E+02   0.8191562828E+02   0.6864811521E+01   0.3906173151E+02   0.4347607435E+02   0.1403557385E+02  -0.1358516880E-10
  3.   90.000   0.7557194612E+01   0.0000000000E+00   0.1932812500E+02   0.8190001876E+02   0.7822816076E+01   0.4254464600E+02   0.4483938139E+02   0.1510105322E+02  -0.2889856615E-09
  3.   90.000   0.7625867190E+01   0.0000000000E+00   0.1939500000E+02   0.8188440923E+02   0.8781709370E+01   0.4602978688E+02   0.4620370274E+02   0.1616839674E+02  -0.5649542209E-09
  3.   90.000   0.7694646126E+01   0.0000000000E+00   0.1946187500E+02   0.8186833825E+02   0.9735640278E+01   0.4951287845E+02   0.4756550111E+02   0.1722946023E+02  -0.8386270547E-09
  3.   90.000   0.7763425062E+01   0.0000000000E+00   0.1952875000E+02   0.8185226727E+02   0.1069010513E+02   0.5299432016E+02   0.4892700516E+02   0.1829045564E+02  -0.1112415243E-08
  3.   90.000   0.7832203998E+01   0.0000000000E+00   0.1959562500E+02   0.8183619629E+02   0.1164521104E+02   0.5647528212E+02   0.5028860992E+02   0.1935196626E+02  -0.1386455497E-08
  3.   90.000   0.7900982935E+01   0.0000000000E+00   0.1966250000E+02   0.8182012531E+02   0.1260106501E+02   0.5995693356E+02   0.5165071013E+02   0.2041457490E+02  -0.1660883500E-08
  3.   90.000   0.7969761871E+01   0.0000000000E+00   0.1972937500E+02   0.8180405432E+02   0.1355777398E+02   0.6344044277E+02   0.5301370022E+02   0.2147886394E+02  -0.1935833883E-08
  3.   90.000   0.8038540807E+01   0.0000000000E+00   0.1979625000E+02   0.8178798334E+02   0.1451544478E+02   0.6692697713E+02   0.5437797428E+02   0.2254541527E+02  -0.2211440301E-08
  3.   90.000   0.8107319743E+01   0.0000000000E+00   0.1986312500E+02   0.8177191236E+02   0.1547418418E+02   0.7041770307E+02   0.5574392611E+02   0.2361481032E+02  -0.2487835377E-08
  3.   90.000   0.8176098679E+01   0.0000000000E+00   0.1993000000E+02   0.8175584138E+02   0.1643409882E+02   0.7391378610E+02   0.5711194918E+02   0.2468763006E+02  -0.2765150760E-08
  3.   90.000   0.8244987424E+01   0.0000000000E+00   0.1999687500E+02   0.8173930676E+02   0.1738702736E+02   0.7738599028E+02   0.5847006967E+02   0.2574325997E+02  -0.3037577172E-08
  3.   90.000   0.8313876168E+01   0.0000000000E+00   0.2006375000E+02   0.8172277215E+02   0.1834077484E+02   0.8085965827E+02   0.5982894704E+02   0.2680037392E+02  -0.3310454807E-08
  3.   90.000   0.8382764913E+01   0.0000000000E+00   0.2013062500E+02   0.8170623753E+02   0.1929544803E+02   0.8433595652E+02   0.6118897507E+02   0.2785955332E+02  -0.3583912872E-08
  3.   90.000   0.8451653657E+01   0.0000000000E+00   0.2019750000E+02   0.8168970292E+02   0.2025115357E+02   0.8781605053E+02   0.6255054723E+02   0.2892137913E+02  -0.3858079746E-08
  3.   90.000   0.8520542402E+01   0.0000000000E+00   0.2026437500E+02   0.8167316831E+02   0.2120799805E+02   0.9130110484E+02   0.6391405668E+02   0.2998643183E+02  -0.4133082874E-08
  3.   90.000   0.8589431146E+01   0.0000000000E+00   0.2033125000E+02   0.8165663369E+02   0.2216608794E+02   0.9479228301E+02   0.6527989622E+02   0.3105529142E+02  -0.4409048765E-08
  3.   90.000   0.8658319891E+01   0.0000000000E+00   0.2039812500E+02   0.8164009908E+02   0.2312552963E+02   0.9829074765E+02   0.6664845836E+02   0.3212853738E+02  -0.4686103065E-08
  3.   90.000   0.8727208635E+01   0.0000000000E+00   0.2046500000E+02   0.8162356446E+02   0.2408642942E+02   0.1017976604E+03   0.6802013524E+02   0.3320674873E+02  -0.4964370414E-08
  4.    0.000   0.0000000000E+00   0.1190500000E+02   0.0000000000E+00   0.8230000000E+02   0.5989913571E+01   0.1085934711E+03  -0.4655556022E+01   0.4095578517E-09  -0.8284392560E-02
  4.    0.000   0.6687500000E-01   0.1197187500E+02   0.0000000000E+00   0.8230000000E+02   0.5951586569E+01   0.1075036699E+03  -0.4070724279E+01   0.4033413187E-09  -0.1263562537E+00
  4.    0.000   0.1337500000E+00   0.1203875000E+02   0.0000000000E+00   0.8230000000E+02   0.5913259567E+01   0.1064138686E+03  -0.3485892531E+01   0.3971467901E-09  -0.2444281160E+00
  4.    0.000   0.2006250000E+00   0.1210562500E+02   0.0000000000E+00   0.8230000000E+02   0.5874932565E+01   0.1053240674E+03  -0.2901060777E+01   0.3909657854E-09  -0.3624999794E+00
  4.    0.000   0.2675000000E+00   0.1217250000E+02   0.0000000000E+00   0.8230000000E+02   0.5836605562E+01   0.1042342662E+03  -0.2316229017E+01   0.3847908748E-09  -0.4805718439E+00
  4.    0.000   0.3343750000E+00   0.1223937500E+02   0.0000000000E+00   0.8230000000E+02   0.5798278559E+01   0.1031444649E+03  -0.1731397252E+01   0.3786156184E-09  -0.5986437096E+00
  4.    0.000   0.4012500000E+00   0.1230625000E+02   0.0000000000E+00   0.8230000000E+02   0.5759951556E+01   0.1020546637E+03  -0.1146565481E+01   0.3724346024E-09  -0.7167155764E+00
  4.    0.000   0.4681250000E+00   0.1237312500E+02   0.0000000000E+00   0.8230000000E+02   0.5721624552E+01   0.1009648624E+03  -0.5617337041E+00   0.3662433634E-09  -0.8347874443E+00
  4.    0.000   0.5350000000E+00   0.1244000000E+02   0.0000000000E+00   0.8230000000E+02   0.5677392978E+01   0.9989172714E+02   0.1512017999E-01   0.3579182371E-09  -0.9521696081E+00
  4.    0.000   0.6018750000E+00   0.1250687500E+02   0.0000000000E+00   0.8230000000E+02   0.5582665989E+01   0.9896111802E+02   0.5237477181E+00   0.3307377507E-09  -0.1063653468E+01
  4.    0.000   0.6687500000E+00   0.1257375000E+02   0.0000000000E+00   0.8230000000E+02   0.5487939000E+01   0.9803050891E+02   0.1032375256E+01   0.3035669922E-09  -0.1175137327E+01
  4.    0.000   0.7356250000E+00   0.1264062500E+02   0.0000000000E+00   0.8230000000E+02   0.5393212012E+01   0.9709989980E+02   0.1541002794E+01   0.2764008615E-09  -0.1286621187E+01
  4.    0.000   0.8025000000E+00   0.1270750000E+02   0.0000000000E+00   0.8230000000E+02   0.5298485023E+01   0.9616929068E+02   0.2049630332E+01   0.2492348598E-09  -0.1398105046E+01
  4.    0.000   0.8693750000E+00   0.1277437500E+02   0.0000000000E+00   0.8230000000E+02   0.5203758034E+01   0.9523868157E+02   0.2558257870E+01   0.2220651043E-09  -0.1509588906E+01
  4.    0.000   0.9362500000E+00   0.1284125000E+02   0.0000000000E+00   0.8230000000E+02   0.5109031046E+01   0.9430807246E+02   0.3066885409E+01   0.1948882591E-09  -0.1621072766E+01
  4.    0.000   0.1003125000E+01   0.1290812500E+02   0.0000000000E+00   0.8230000000E+02   0.4987308821E+01   0.9346207848E+02   0.3535596528E+01   0.1886921129E-09  -0.1720503109E+01
  4.    0.000   0.1070000000E+01   0.1297500000E+02   0.0000000000E+00   0.8230000000E+02   0.4859545850E+01   0.9263501890E+02   0.3995375517E+01   0.1871623641E-09  -0.1817236228E+01
  4.    0.000   0.1136875000E+01   0.1304187500E+02   0.0000000000E+00   0.8230000000E+02   0.4731782880E+01   0.9180795932E+02   0.4455154506E+01   0.1856349040E-09  -0.1913969347E+01
  4.    0.000   0.1203750000E+01   0.1310875000E+02   0.0000000000E+00   0.8230000000E+02   0.4604019909E+01   0.9098089973E+02   0.4914933496E+01   0.1841064316E-09  -0.2010702465E+01
  4.    0.000   0.1270625000E+01   0.1317562500E+02   0.0000000000E+00   0.8230000000E+02   0.4476256938E+01   0.9015384015E+02   0.5374712485E+01   0.1825740823E-09  -0.2107435584E+01
  4.    0.000   0.1337500000E+01   0.1324250000E+02   0.0000000000E+00   0.8230000000E+02   0.4334595698E+01   0.8938348473E+02   0.5806655385E+01   0.1660850744E-09  -0.2192149639E+01
  4.    0.000   0.1404375000E+01   0.1330937500E+02   0.0000000000E+00   0.8230000000E+02   0.4189673705E+01   0.8862643295E+02   0.6232067527E+01   0.1460764423E-09  -0.2274043840E+01
  4.    0.000   0.1471250000E+01   0.1337625000E+02   0.0000000000E+00   0.8230000000E+02   0.4044751708E+01   0.8786938114E+02   0.6657479685E+01   0.1260682825E-09  -0.2355938045E+01
  4.    0.000   0.1538125000E+01   0.1344312500E+02   0.0000000000E+00   0.8230000000E+02   0.3899829704E+01   0.8711232930E+02   0.7082891859E+01   0.1060580808E-09  -0.2437832252E+01
  4.    0.000   0.1605000000E+01   0.1351000000E+02   0.0000000000E+00   0.8230000000E+02   0.3744967263E+01   0.8640495406E+02   0.7482804649E+01   0.8664435756E-10  -0.2508333238E+01
  4.    0.000   0.1671875000E+01   0.1357687500E+02   0.0000000000E+00   0.8230000000E+02   0.3587958597E+01   0.8570830449E+02   0.7877211875E+01   0.6735456037E-10  -0.2576374321E+01
  4.    0.000   0.1738750000E+01   0.1364375000E+02   0.0000000000E+00   0.8230000000E+02   0.3430949937E+01   0.8501165494E+02   0.8271619086E+01   0.4806512359E-10  -0.2644415401E+01
  4.    0.000   0.1805625000E+01   0.1371062500E+02   0.0000000000E+00   0.8230000000E+02   0.3273941283E+01   0.8431500542E+02   0.8666026282E+01   0.2877397788E-10  -0.2712456479E+01
  4.    0.000   0.1872500000E+01   0.1377750000E+02   0.0000000000E+00   0.8230000000E+02   0.3111607265E+01   0.8366278792E+02   0.9036810972E+01   0.7956499015E-11  -0.2767945803E+01
  4.    0.000   0.1939375000E+01   0.1384437500E+02   0.0000000000E+00   0.8230000000E+02   0.2948220096E+01   0.8301935735E+02   0.9402924047E+01  -0.1316679783E-10  -0.2820952877E+01
  4.    0.000   0.2006250000E+01   0.1391125000E+02   0.0000000000E+00   0.8230000000E+02   0.2784832927E+01   0.8237592677E+02   0.9769037122E+01  -0.3428981576E-10  -0.2873959951E+01
  4.    0.000   0.2073125000E+01   0.1397812500E+02   0.0000000000E+00   0.8230000000E+02   0.2621445759E+01   0.8173249620E+02   0.1013515020E+02  -0.5541425743E-10  -0.2926967025E+01
  4.    0.000   0.2140000000E+01   0.1404500000E+02   0.0000000000E+00   0.8230000000E+02   0.2456303566E+01   0.8112969213E+02   0.1047862534E+02  -0.4765773688E-10  -0.2967872962E+01
  4.    0.000   0.2206875000E+01   0.1411187500E+02   0.0000000000E+00   0.8230000000E+02   0.2290845204E+01   0.8053420678E+02   0.1081802234E+02  -0.3470159249E-10  -0.3006598916E+01
  4.    0.000   0.2273750000E+01   0.1417875000E+02   0.0000000000E+00   0.8230000000E+02   0.2125386837E+01   0.7993872140E+02   0.1115741935E+02  -0.2174524092E-10  -0.3045324872E+01
  4.    0.000   0.2340625000E+01   0.1424562500E+02   0.0000000000E+00   0.8230000000E+02   0.1959928463E+01   0.7934323600E+02   0.1149681637E+02  -0.8790039394E-11  -0.3084050829E+01
  4.    0.000   0.2407500000E+01   0.1431250000E+02   0.0000000000E+00   0.8230000000E+02   0.1794990219E+01   0.7878567436E+02   0.1181513538E+02  -0.3327381342E-11  -0.3111156101E+01
  4.    0.000   0.2474375000E+01   0.1437937500E+02   0.0000000000E+00   0.8230000000E+02   0.1630136784E+01   0.7823429595E+02   0.1213001774E+02   0.9111455416E-12  -0.3136366694E+01
  4.    0.000   0.2541250000E+01   0.1444625000E+02   0.0000000000E+00   0.8230000000E+02   0.1465283355E+01   0.7768291756E+02   0.1244490009E+02   0.5149821226E-11  -0.3161577287E+01
  4.    0.000   0.2608125000E+01   0.1451312500E+02   0.0000000000E+00   0.8230000000E+02   0.1300429932E+01   0.7713153920E+02   0.1275978243E+02   0.9387587910E-11  -0.3186787879E+01
  4.    0.000   0.2675000000E+01   0.1458000000E+02   0.0000000000E+00   0.8230000000E+02   0.1138077998E+01   0.7661580470E+02   0.1305497057E+02   0.6009830282E-11  -0.3200570083E+01
  4.    0.000   0.2741875000E+01   0.1464687500E+02   0.0000000000E+00   0.8230000000E+02   0.9760923523E+00   0.7610528947E+02   0.1334727491E+02   0.1514993190E-11  -0.3212678844E+01
  4.    0.000   0.2808750000E+01   0.1471375000E+02   0.0000000000E+00   0.8230000000E+02   0.8141067069E+00   0.7559477425E+02   0.1363957926E+02  -0.2979734284E-11  -0.3224787605E+01
  4.    0.000   0.2875625000E+01   0.1478062500E+02   0.0000000000E+00   0.8230000000E+02   0.6521210614E+00   0.7508425902E+02   0.1393188361E+02  -0.7475165465E-11  -0.3236896366E+01
  4.    0.000   0.2942500000E+01   0.1484750000E+02   0.0000000000E+00   0.8230000000E+02   0.4973202640E+00   0.7460849288E+02   0.1420708389E+02  -0.1170196454E-10  -0.3238096840E+01
  4.    0.000   0.3009375000E+01   0.1491437500E+02   0.0000000000E+00   0.8230000000E+02   0.3434555149E+00   0.7413725389E+02   0.1448005584E+02  -0.1589522508E-10  -0.3237876165E+01
  4.    0.000   0.3076250000E+01   0.1498125000E+02   0.0000000000E+00   0.8230000000E+02   0.1895907600E+00   0.7366601489E+02   0.1475302780E+02  -0.2008841138E-10  -0.3237655490E+01
  4.    0.000   0.3143125000E+01   0.1504812500E+02   0.0000000000E+00   0.8230000000E+02   0.3572599922E-01   0.7319477586E+02   0.1502599977E+02  -0.2428211094E-10  -0.3237434814E+01
  4.    0.000   0.3210000000E+01   0.1511500000E+02   0.0000000000E+00   0.8230000000E+02  -0.1140003988E+00   0.7275420781E+02   0.1528226983E+02  -0.2298688065E-10  -0.3227235888E+01
  4.    0.000   0.3276875000E+01   0.1518187500E+02   0.0000000000E+00   0.8230000000E+02  -0.2632526036E+00   0.7231715415E+02   0.1553662613E+02  -0.2106375315E-10  -0.3215893621E+01
  4.    0.000   0.3343750000E+01   0.1524875000E+02   0.0000000000E+00   0.8230000000E+02  -0.4125048029E+00   0.7188010051E+02   0.1579098241E+02  -0.1914057772E-10  -0.3204551354E+01
  4.    0.000   0.3410625000E+01   0.1531562500E+02   0.0000000000E+00   0.8230000000E+02  -0.5617569966E+00   0.7144304688E+02   0.1604533869E+02  -0.1721775960E-10  -0.3193209087E+01
  4.    0.000   0.3477500000E+01   0.1538250000E+02   0.0000000000E+00   0.8230000000E+02  -0.6984366225E+00   0.7104010546E+02   0.1628363419E+02  -0.2976198222E-10  -0.3171457053E+01
  4.    0.000   0.3544375000E+01   0.1544937500E+02   0.0000000000E+00   0.8230000000E+02  -0.8338676026E+00   0.7064055189E+02   0.1652033461E+02  -0.4374402914E-10  -0.3148671172E+01
  4.    0.000   0.3611250000E+01   0.1551625000E+02   0.0000000000E+00   0.8230000000E+02  -0.9692985827E+00   0.7024099832E+02   0.1675703502E+02  -0.5772587348E-10  -0.3125885291E+01
  4.    0.000   0.3678125000E+01   0.1558312500E+02   0.0000000000E+00   0.8230000000E+02  -0.1104729563E+01   0.6984144476E+02   0.1699373544E+02  -0.7170782066E-10  -0.3103099409E+01
  4.    0.000   0.3745000000E+01   0.1565000000E+02   0.0000000000E+00   0.8230000000E+02  -0.1240160543E+01   0.6944189119E+02   0.1723043586E+02  -0.8569004848E-10  -0.3080313528E+01
  4.    0.000   0.3811875000E+01   0.1571687500E+02   0.0000000000E+00   0.8230000000E+02  -0.1359950859E+01   0.6908136426E+02   0.1744885440E+02  -0.7797009955E-10  -0.3045484662E+01
  4.    0.000   0.3878750000E+01   0.1578375000E+02   0.0000000000E+00   0.8230000000E+02  -0.1478027062E+01   0.6872511440E+02   0.1766526935E+02  -0.6787300415E-10  -0.3009335966E+01
  4.    0.000   0.3945625000E+01   0.1585062500E+02   0.0000000000E+00   0.8230000000E+02  -0.1596103263E+01   0.6836886454E+02   0.1788168431E+02  -0.5777567345E-10  -0.2973187270E+01
  4.    0.000   0.4012500000E+01   0.1591750000E+02   0.0000000000E+00   0.8230000000E+02  -0.1714179462E+01   0.6801261469E+02   0.1809809926E+02  -0.4767830447E-10  -0.2937038575E+01
  4.    0.000   0.4079375000E+01   0.1598437500E+02   0.0000000000E+00   0.8230000000E+02  -0.1832255660E+01   0.6765636484E+02   0.1831451420E+02  -0.3758099487E-10  -0.2900889881E+01
  4.    0.000   0.4146250000E+01   0.1605125000E+02   0.0000000000E+00   0.8230000000E+02  -0.1950331855E+01   0.6730011499E+02   0.1853092915E+02  -0.2748374285E-10  -0.2864741187E+01
  4.    0.000   0.4213125000E+01   0.1611812500E+02   0.0000000000E+00   0.8230000000E+02  -0.2052351210E+01   0.6697441408E+02   0.1873425653E+02  -0.2633632867E-10  -0.2819790875E+01
  4.    0.000   0.4280000000E+01   0.1618500000E+02   0.0000000000E+00   0.8230000000E+02  -0.2144128460E+01   0.6666819926E+02   0.1892923581E+02  -0.3089862658E-10  -0.2769226314E+01
  4.    0.000   0.4346875000E+01   0.1625187500E+02   0.0000000000E+00   0.8230000000E+02  -0.2235905710E+01   0.6636198445E+02   0.1912421508E+02  -0.3546079196E-10  -0.2718661752E+01
  4.    0.000   0.4413750000E+01   0.1631875000E+02   0.0000000000E+00   0.8230000000E+02  -0.2327682960E+01   0.6605576964E+02   0.1931919436E+02  -0.4002292134E-10  -0.2668097191E+01
  4.    0.000   0.4480625000E+01   0.1638562500E+02   0.0000000000E+00   0.8230000000E+02  -0.2419460210E+01   0.6574955483E+02   0.1951417364E+02  -0.4458504796E-10  -0.2617532630E+01
  4.    0.000   0.4547500000E+01   0.1645250000E+02   0.0000000000E+00   0.8230000000E+02  -0.2511237460E+01   0.6544334001E+02   0.1970915292E+02  -0.4914714324E-10  -0.2566968068E+01
  4.    0.000   0.4614375000E+01   0.1651937500E+02   0.0000000000E+00   0.8230000000E+02  -0.2603014710E+01   0.6513712520E+02   0.1990413220E+02  -0.5370911816E-10  -0.2516403507E+01
  4.    0.000   0.4681250000E+01   0.1658625000E+02   0.0000000000E+00   0.8230000000E+02  -0.2694791960E+01   0.6483091039E+02   0.2009911147E+02  -0.5827082336E-10  -0.2465838945E+01
  4.    0.000   0.4748125000E+01   0.1665312500E+02   0.0000000000E+00   0.8230000000E+02  -0.2757074278E+01   0.6456625785E+02   0.2027944256E+02  -0.5061685333E-10  -0.2404788149E+01
  4.    0.000   0.4815000000E+01   0.1672000000E+02   0.0000000000E+00   0.8230000000E+02  -0.2807270390E+01   0.6431863637E+02   0.2045377123E+02  -0.3795434163E-10  -0.2339440385E+01
  4.    0.000   0.4881875000E+01   0.1678687500E+02   0.0000000000E+00   0.8230000000E+02  -0.2857466502E+01   0.6407101490E+02   0.2062809989E+02  -0.2529202945E-10  -0.2274092621E+01
  4.    0.000   0.4948750000E+01   0.1685375000E+02   0.0000000000E+00   0.8230000000E+02  -0.2907662615E+01   0.6382339343E+02   0.2080242856E+02  -0.1262988302E-10  -0.2208744856E+01
  4.    0.000   0.5015625000E+01   0.1692062500E+02   0.0000000000E+00   0.8230000000E+02  -0.2957858727E+01   0.6357577196E+02   0.2097675722E+02   0.3215719294E-13  -0.2143397092E+01
  4.    0.000   0.5082500000E+01   0.1698750000E+02   0.0000000000E+00   0.8230000000E+02  -0.3008054839E+01   0.6332815048E+02   0.2115108589E+02   0.1269417734E-10  -0.2078049328E+01
  4.    0.000   0.5149375000E+01   0.1705437500E+02   0.0000000000E+00   0.8230000000E+02  -0.3058250951E+01   0.6308052901E+02   0.2132541455E+02   0.2535628590E-10  -0.2012701563E+01
  4.    0.000   0.5216250000E+01   0.1712125000E+02   0.0000000000E+00   0.8230000000E+02  -0.3108447064E+01   0.6283290754E+02   0.2149974322E+02   0.3801861843E-10  -0.1947353799E+01
  4.    0.000   0.5283125000E+01   0.1718812500E+02   0.0000000000E+00   0.8230000000E+02  -0.3158643176E+01   0.6258528607E+02   0.2167407188E+02   0.5068133193E-10  -0.1882006035E+01
  4.    0.000   0.5350000000E+01   0.1725500000E+02   0.0000000000E+00   0.8230000000E+02  -0.3208839288E+01   0.6233766459E+02   0.2184840055E+02   0.6334460855E-10  -0.1816658271E+01
  4.    0.000   0.5416875000E+01   0.1732187500E+02   0.0000000000E+00   0.8230000000E+02  -0.3212194646E+01   0.6214308147E+02   0.2200699813E+02   0.6965292893E-10  -0.1741689021E+01
  4.    0.000   0.5483750000E+01   0.1738875000E+02   0.0000000000E+00   0.8230000000E+02  -0.3202740261E+01   0.6196300298E+02   0.2216129366E+02   0.7423227952E-10  -0.1664088543E+01
  4.    0.000   0.5550625000E+01   0.1745562500E+02   0.0000000000E+00   0.8230000000E+02  -0.3193285876E+01   0.6178292448E+02   0.2231558919E+02   0.7881104836E-10  -0.1586488065E+01
  4.    0.000   0.5617500000E+01   0.1752250000E+02   0.0000000000E+00   0.8230000000E+02  -0.3183831491E+01   0.6160284599E+02   0.2246988472E+02   0.8338939059E-10  -0.1508887586E+01
  4.    0.000   0.5684375000E+01   0.1758937500E+02   0.0000000000E+00   0.8230000000E+02  -0.3174377106E+01   0.6142276749E+02   0.2262418025E+02   0.8796744673E-10  -0.1431287108E+01
  4.    0.000   0.5751250000E+01   0.1765625000E+02   0.0000000000E+00   0.8230000000E+02  -0.3164922721E+01   0.6124268900E+02   0.2277847579E+02   0.9254534377E-10  -0.1353686629E+01
  4.    0.000   0.5818125000E+01   0.1772312500E+02   0.0000000000E+00   0.8230000000E+02  -0.3155468336E+01   0.6106261050E+02   0.2293277132E+02   0.9712319541E-10  -0.1276086151E+01
  4.    0.000   0.5885000000E+01   0.1779000000E+02   0.0000000000E+00   0.8230000000E+02  -0.3146013952E+01   0.6088253201E+02   0.2308706685E+02   0.1017011030E-09  -0.1198485673E+01
  4.    0.000   0.5951875000E+01   0.1785687500E+02   0.0000000000E+00   0.8230000000E+02  -0.3136559567E+01   0.6070245351E+02   0.2324136238E+02   0.1062791545E-09  -0.1120885194E+01
  4.    0.000   0.6018750000E+01   0.1792375000E+02   0.0000000000E+00   0.8230000000E+02  -0.3127105182E+01   0.6052237502E+02   0.2339565791E+02   0.1108574250E-09  -0.1043284716E+01
  4.    0.000   0.6085625000E+01   0.1799062500E+02   0.0000000000E+00   0.8230000000E+02  -0.3117650797E+01   0.6034229652E+02   0.2354995345E+02   0.1154359764E-09  -0.9656842377E+00
  4.    0.000   0.6152500000E+01   0.1805750000E+02   0.0000000000E+00   0.8230000000E+02  -0.3108196412E+01   0.6016221803E+02   0.2370424898E+02   0.1200148596E-09  -0.8880837593E+00
  4.    0.000   0.6219375000E+01   0.1812437500E+02   0.0000000000E+00   0.8230000000E+02  -0.3062592387E+01   0.6000899790E+02   0.2384924688E+02   0.1231475143E-09  -0.8093675847E+00
  4.    0.000   0.6286250000E+01   0.1819125000E+02   0.0000000000E+00   0.8230000000E+02  -0.2940316835E+01   0.5991274297E+02   0.2397452500E+02   0.1232404144E-09  -0.7282850753E+00
  4.    0.000   0.6353125000E+01   0.1825812500E+02   0.0000000000E+00   0.8230000000E+02  -0.2818041282E+01   0.5981648805E+02   0.2409980312E+02   0.1233328284E-09  -0.6472025658E+00
  4.    0.000   0.6420000000E+01   0.1832500000E+02   0.0000000000E+00   0.8230000000E+02  -0.2695765729E+01   0.5972023312E+02   0.2422508124E+02   0.1234248342E-09  -0.5661200560E+00
  4.    0.000   0.6486875000E+01   0.1839187500E+02   0.0000000000E+00   0.8230000000E+02  -0.2573490176E+01   0.5962397819E+02   0.2435035936E+02   0.1235165084E-09  -0.4850375461E+00
  4.    0.000   0.6553750000E+01   0.1845875000E+02   0.0000000000E+00   0.8230000000E+02  -0.2451214622E+01   0.5952772327E+02   0.2447563749E+02   0.1236079266E-09  -0.4039550360E+00
  4.    0.000   0.6620625000E+01   0.1852562500E+02   0.0000000000E+00   0.8230000000E+02  -0.2328939068E+01   0.5943146834E+02   0.2460091561E+02   0.1236991634E-09  -0.3228725256E+00
  4.    0.000   0.6687500000E+01   0.1859250000E+02   0.0000000000E+00   0.8230000000E+02  -0.2206663514E+01   0.5933521341E+02   0.2472619373E+02   0.1237902929E-09  -0.2417900151E+00
  4.    0.000   0.6754375000E+01   0.1865937500E+02   0.0000000000E+00   0.8230000000E+02  -0.2084387959E+01   0.5923895848E+02   0.2485147185E+02   0.1238813879E-09  -0.1607075044E+00
  4.    0.000   0.6821250000E+01   0.1872625000E+02   0.0000000000E+00   0.8230000000E+02  -0.1962112404E+01   0.5914270356E+02   0.2497674997E+02   0.1239725196E-09  -0.7962499346E-01
  4.    0.000   0.6888125000E+01   0.1879312500E+02   0.0000000000E+00   0.8230000000E+02  -0.1839836849E+01   0.5904644863E+02   0.2510202810E+02   0.1240637596E-09   0.1457517666E-02
  4.    0.000   0.6955000000E+01   0.1886000000E+02   0.0000000000E+00   0.8230000000E+02  -0.1717561294E+01   0.5895019370E+02   0.2522730622E+02   0.1241551771E-09   0.8254002899E-01
  4.    0.000   0.7021875000E+01   0.1892687500E+02   0.0000000000E+00   0.8230000000E+02  -0.1595285738E+01   0.5885393877E+02   0.2535258434E+02   0.1242468411E-09   0.1636225405E+00
  4.    0.000   0.7088750000E+01   0.1899375000E+02   0.0000000000E+00   0.8230000000E+02  -0.1473010182E+01   0.5875768384E+02   0.2547786247E+02   0.1243388194E-09   0.2447050522E+00
  4.    0.000   0.7155625000E+01   0.1906062500E+02   0.0000000000E+00   0.8230000000E+02  -0.1350734626E+01   0.5866142892E+02   0.2560314059E+02   0.1244311775E-09   0.3257875641E+00
  4.    0.000   0.7222500000E+01   0.1912750000E+02   0.0000000000E+00   0.8230000000E+02  -0.1228459069E+01   0.5856517399E+02   0.2572841871E+02   0.1245239826E-09   0.4068700762E+00
  4.    0.000   0.7289375000E+01   0.1919437500E+02   0.0000000000E+00   0.8230000000E+02  -0.1058907994E+01   0.5851484033E+02   0.2582113070E+02   0.1231419403E-09   0.4101494286E+00
  4.    0.000   0.7356250000E+01   0.1926125000E+02   0.0000000000E+00   0.8230000000E+02  -0.8654705382E+00   0.5848770881E+02   0.2589738836E+02   0.1210362579E-09   0.3741180335E+00
  4.    0.000   0.7423125000E+01   0.1932812500E+02   0.0000000000E+00   0.8230000000E+02  -0.6720330817E+00   0.5846057729E+02   0.2597364602E+02   0.1189293140E-09   0.3380866383E+00
  4.    0.000   0.7490000000E+01   0.1939500000E+02   0.0000000000E+00   0.8230000000E+02  -0.4785956250E+00   0.5843344577E+02   0.2604990368E+02   0.1168214714E-09   0.3020552430E+00
  4.    0.000   0.7556875000E+01   0.1946187500E+02   0.0000000000E+00   0.8230000000E+02  -0.2851581679E+00   0.5840631425E+02   0.2612616134E+02   0.1147130325E-09   0.2660238477E+00
  4.    0.000   0.7623750000E+01   0.1952875000E+02   0.0000000000E+00   0.8230000000E+02  -0.9172071049E-01   0.5837918273E+02   0.2620241899E+02   0.1126042409E-09   0.2299924524E+00
  4.    0.000   0.7690625000E+01   0.1959562500E+02   0.0000000000E+00   0.8230000000E+02   0.1017167472E+00   0.5835205121E+02   0.2627867665E+02   0.1104952813E-09   0.1939610570E+00
  4.    0.000   0.7757500000E+01   0.1966250000E+02   0.0000000000E+00   0.8230000000E+02   0.2951542052E+00   0.5832491969E+02   0.2635493431E+02   0.1083862813E-09   0.1579296615E+00
  4.    0.000   0.7824375000E+01   0.1972937500E+02   0.0000000000E+00   0.8230000000E+02   0.4885916634E+00   0.5829778817E+02   0.2643119197E+02   0.1062773116E-09   0.1218982660E+00
  4.    0.000   0.7891250000E+01   0.1979625000E+02   0.0000000000E+00   0.8230000000E+02   0.6820291220E+00   0.5827065665E+02   0.2650744963E+02   0.1041683872E-09   0.8586687038E-01
  4.    0.000   0.7958125000E+01   0.1986312500E+02   0.0000000000E+00   0.8230000000E+02   0.8754665809E+00   0.5824352513E+02   0.2658370729E+02   0.1020594681E-09   0.4983547474E-01
  4.    0.000   0.8025000000E+01   0.1993000000E+02   0.0000000000E+00   0.8230000000E+02   0.1068904040E+01   0.5821639361E+02   0.2665996495E+02   0.9995046008E-10   0.1380407905E-01
  4.    0.000   0.8091875000E+01   0.1999687500E+02   0.0000000000E+00   0.8230000000E+02   0.1262341500E+01   0.5818926209E+02   0.2673622261E+02   0.9784121688E-10  -0.2222731670E-01
  4.    0.000   0.8158750000E+01   0.2006375000E+02   0.0000000000E+00   0.8230000000E+02   0.1455778959E+01   0.5816213057E+02   0.2681248027E+02   0.9573154005E-10  -0.5825871251E-01
  4.    0.000   0.8225625000E+01   0.2013062500E+02   0.0000000000E+00   0.8230000000E+02   0.1649216419E+01   0.5813499905E+02   0.2688873793E+02   0.9362117825E-10  -0.9429010837E-01
  4.    0.000   0.8292500000E+01   0.2019750000E+02   0.0000000000E+00   0.8230000000E+02   0.1842653880E+01   0.5810786753E+02   0.2696499559E+02   0.9150983216E-10  -0.1303215043E+00
  4.    0.000   0.8359375000E+01   0.2026437500E+02   0.0000000000E+00   0.8230000000E+02   0.2036091340E+01   0.5808073600E+02   0.2704125325E+02   0.8939715311E-10  -0.1663529003E+00
  4.    0.000   0.8426250000E+01   0.2033125000E+02   0.0000000000E+00   0.8230000000E+02   0.2229528801E+01   0.5805360448E+02   0.2711751091E+02   0.8728274380E-10  -0.2023842963E+00
  4.    0.000   0.8493125000E+01   0.2039812500E+02   0.0000000000E+00   0.8230000000E+02   0.2422966263E+01   0.5802647296E+02   0.2719376857E+02   0.8516616108E-10  -0.2384156924E+00
  4.    0.000   0.8560000000E+01   0.2046500000E+02   0.0000000000E+00   0.8230000000E+02   0.2616403724E+01   0.5799934144E+02   0.2727002623E+02   0.8304691299E-10  -0.2744470885E+00
