# digitalmodel weldolet_crack far-field hoop check (uncracked)
# units: length=mm force=N stress=MPa
# columns: node r SRR SHH SAA (CS 11)
   279798.   0.7704000000E+02  -0.4884337187E+01   0.5388597870E+02   0.2445950985E+02
   279804.   0.7792875000E+02  -0.4884337187E+01   0.5388597870E+02   0.2445950985E+02
   279799.   0.7881750000E+02  -0.3574486554E+01   0.5241155624E+02   0.2440798044E+02
   279808.   0.7970625000E+02  -0.3574486554E+01   0.5241155624E+02   0.2440798044E+02
   279805.   0.8059500000E+02  -0.2357050300E+01   0.5103015614E+02   0.2435660887E+02
   279812.   0.8128375000E+02  -0.2357050300E+01   0.5103015614E+02   0.2435660887E+02
   279809.   0.8197250000E+02  -0.1469563216E+01   0.5001892376E+02   0.2431780291E+02
   279816.   0.8266125000E+02  -0.1469563216E+01   0.5001892376E+02   0.2431780291E+02
   279813.   0.8335000000E+02  -0.6272481233E+00   0.4905597019E+02   0.2427995825E+02
   279820.   0.8348333333E+02  -0.6272481233E+00   0.4905597019E+02   0.2427995825E+02
   279817.   0.8361666667E+02  -0.4709354565E+00   0.4887541771E+02   0.2427237129E+02
   279824.   0.8375000000E+02  -0.4709354565E+00   0.4887541771E+02   0.2427237129E+02
   279821.   0.8388333333E+02  -0.3138873726E+00   0.4869587517E+02   0.2426530838E+02
   279828.   0.8401666667E+02  -0.3138873726E+00   0.4869587517E+02   0.2426530838E+02
   279825.   0.8415000000E+02  -0.1583841592E+00   0.4851799011E+02   0.2425828171E+02
