# digitalmodel weldolet_crack fusion-face paths (uncracked)
# units: length=mm force=N stress=MPa
# stresses in CS 11 (cylindrical about the run-pipe axis): SRR normal to the fusion face
# columns: path theta_deg s x y z SRR SHH SAA SRH SRA
  1.    0.000   0.0000000000E+00   0.1190500000E+02   0.0000000000E+00   0.8415000000E+02   0.1458710194E+02   0.8996165848E+02  -0.4825468063E+01   0.1201186000E-09  -0.4041857081E-01
  1.    0.000   0.6687500000E-01   0.1197187500E+02   0.0000000000E+00   0.8415000000E+02   0.1445638914E+02   0.8898876929E+02  -0.4290228720E+01   0.1059763843E-09  -0.3866240496E+00
  1.    0.000   0.1337500000E+00   0.1203875000E+02   0.0000000000E+00   0.8415000000E+02   0.1432567634E+02   0.8801588008E+02  -0.3754989372E+01   0.9288941146E-10  -0.7328295317E+00
  1.    0.000   0.2006250000E+00   0.1210562500E+02   0.0000000000E+00   0.8415000000E+02   0.1419496355E+02   0.8704299087E+02  -0.3219750019E+01   0.8051885558E-10  -0.1079035017E+01
  1.    0.000   0.2675000000E+00   0.1217250000E+02   0.0000000000E+00   0.8415000000E+02   0.1406425075E+02   0.8607010165E+02  -0.2684510661E+01   0.6849442482E-10  -0.1425240506E+01
  1.    0.000   0.3343750000E+00   0.1223937500E+02   0.0000000000E+00   0.8415000000E+02   0.1393353795E+02   0.8509721242E+02  -0.2149271297E+01   0.5641574488E-10  -0.1771445998E+01
  1.    0.000   0.4012500000E+00   0.1230625000E+02   0.0000000000E+00   0.8415000000E+02   0.1380282514E+02   0.8412432318E+02  -0.1614031929E+01   0.4385339646E-10  -0.2117651493E+01
  1.    0.000   0.4681250000E+00   0.1237312500E+02   0.0000000000E+00   0.8415000000E+02   0.1367211234E+02   0.8315143393E+02  -0.1078792555E+01   0.3035046204E-10  -0.2463856992E+01
  1.    0.000   0.5350000000E+00   0.1244000000E+02   0.0000000000E+00   0.8415000000E+02   0.1352437937E+02   0.8219090627E+02  -0.5462821145E+00   0.2129036108E-10  -0.2800324217E+01
  1.    0.000   0.6018750000E+00   0.1250687500E+02   0.0000000000E+00   0.8415000000E+02   0.1323109133E+02   0.8133609403E+02  -0.3710933304E-01  -0.1946947660E-11  -0.3053510480E+01
  1.    0.000   0.6687500000E+00   0.1257375000E+02   0.0000000000E+00   0.8415000000E+02   0.1293780329E+02   0.8048128179E+02   0.4720634484E+00  -0.2438764031E-10  -0.3306696743E+01
  1.    0.000   0.7356250000E+00   0.1264062500E+02   0.0000000000E+00   0.8415000000E+02   0.1264451525E+02   0.7962646955E+02   0.9812362298E+00  -0.4643445109E-10  -0.3559883005E+01
  1.    0.000   0.8025000000E+00   0.1270750000E+02   0.0000000000E+00   0.8415000000E+02   0.1235122721E+02   0.7877165731E+02   0.1490409011E+01  -0.6849709213E-10  -0.3813069268E+01
  1.    0.000   0.8693750000E+00   0.1277437500E+02   0.0000000000E+00   0.8415000000E+02   0.1205793917E+02   0.7791684507E+02   0.1999581793E+01  -0.9099140059E-10  -0.4066255531E+01
  1.    0.000   0.9362500000E+00   0.1284125000E+02   0.0000000000E+00   0.8415000000E+02   0.1176465113E+02   0.7706203282E+02   0.2508754574E+01  -0.1143388260E-09  -0.4319441793E+01
  1.    0.000   0.1003125000E+01   0.1290812500E+02   0.0000000000E+00   0.8415000000E+02   0.1143064995E+02   0.7627318543E+02   0.2969978916E+01  -0.9714757485E-10  -0.4498926314E+01
  1.    0.000   0.1070000000E+01   0.1297500000E+02   0.0000000000E+00   0.8415000000E+02   0.1108753836E+02   0.7549909904E+02   0.3420473796E+01  -0.7415346062E-10  -0.4661918535E+01
  1.    0.000   0.1136875000E+01   0.1304187500E+02   0.0000000000E+00   0.8415000000E+02   0.1074442676E+02   0.7472501265E+02   0.3870968676E+01  -0.5092104326E-10  -0.4824910757E+01
  1.    0.000   0.1203750000E+01   0.1310875000E+02   0.0000000000E+00   0.8415000000E+02   0.1040131517E+02   0.7395092626E+02   0.4321463557E+01  -0.2783876104E-10  -0.4987902978E+01
  1.    0.000   0.1270625000E+01   0.1317562500E+02   0.0000000000E+00   0.8415000000E+02   0.1005820357E+02   0.7317683987E+02   0.4771958437E+01  -0.5284557722E-11  -0.5150895200E+01
  1.    0.000   0.1337500000E+01   0.1324250000E+02   0.0000000000E+00   0.8415000000E+02   0.9713723618E+01   0.7245259819E+02   0.5179871707E+01  -0.4425850881E-10  -0.5268719259E+01
  1.    0.000   0.1404375000E+01   0.1330937500E+02   0.0000000000E+00   0.8415000000E+02   0.9368922611E+01   0.7174005082E+02   0.5577794692E+01  -0.9907822005E-10  -0.5375946179E+01
  1.    0.000   0.1471250000E+01   0.1337625000E+02   0.0000000000E+00   0.8415000000E+02   0.9024121591E+01   0.7102750342E+02   0.5975717692E+01  -0.1538595560E-09  -0.5483173103E+01
  1.    0.000   0.1538125000E+01   0.1344312500E+02   0.0000000000E+00   0.8415000000E+02   0.8679320559E+01   0.7031495599E+02   0.6373640708E+01  -0.2089512910E-09  -0.5590400031E+01
  1.    0.000   0.1605000000E+01   0.1351000000E+02   0.0000000000E+00   0.8415000000E+02   0.8346013066E+01   0.6964251853E+02   0.6732729157E+01  -0.8100884151E-10  -0.5672149359E+01
  1.    0.000   0.1671875000E+01   0.1357687500E+02   0.0000000000E+00   0.8415000000E+02   0.8015187134E+01   0.6897874118E+02   0.7083432868E+01   0.8589886189E-10  -0.5748397842E+01
  1.    0.000   0.1738750000E+01   0.1364375000E+02   0.0000000000E+00   0.8415000000E+02   0.7684361203E+01   0.6831496382E+02   0.7434136579E+01   0.2528065653E-09  -0.5824646325E+01
  1.    0.000   0.1805625000E+01   0.1371062500E+02   0.0000000000E+00   0.8415000000E+02   0.7354735136E+01   0.6767011766E+02   0.7766319973E+01   0.2756316538E-09  -0.5885811580E+01
  1.    0.000   0.1872500000E+01   0.1377750000E+02   0.0000000000E+00   0.8415000000E+02   0.7025636459E+01   0.6703359297E+02   0.8090362487E+01   0.2351228610E-09  -0.5940346759E+01
  1.    0.000   0.1939375000E+01   0.1384437500E+02   0.0000000000E+00   0.8415000000E+02   0.6700131587E+01   0.6640418594E+02   0.8407970610E+01  -0.8858209749E-10  -0.5991642358E+01
  1.    0.000   0.2006250000E+01   0.1391125000E+02   0.0000000000E+00   0.8415000000E+02   0.6382450375E+01   0.6579027398E+02   0.8711571170E+01  -0.1028799334E-08  -0.6035885454E+01
  1.    0.000   0.2073125000E+01   0.1397812500E+02   0.0000000000E+00   0.8415000000E+02   0.6067534268E+01   0.6518427540E+02   0.9007406614E+01  -0.1467267501E-08  -0.6076114411E+01
  1.    0.000   0.2140000000E+01   0.1404500000E+02   0.0000000000E+00   0.8415000000E+02   0.5756081900E+01   0.6458766365E+02   0.9294343456E+01  -0.9821306282E-09  -0.6111773628E+01
  1.    0.000   0.2206875000E+01   0.1411187500E+02   0.0000000000E+00   0.8415000000E+02   0.5450085316E+01   0.6400283887E+02   0.9571980460E+01   0.1527886641E-08  -0.6142871089E+01
  1.    0.000   0.2273750000E+01   0.1417875000E+02   0.0000000000E+00   0.8415000000E+02   0.5148637910E+01   0.6342851239E+02   0.9840902281E+01  -0.4816121182E-08  -0.6169981294E+01
  1.    0.000   0.2340625000E+01   0.1424562500E+02   0.0000000000E+00   0.8415000000E+02   0.4849083618E+01   0.6285631588E+02   0.1010129756E+02   0.1653030567E-07  -0.6193423260E+01
  1.    0.000   0.2407500000E+01   0.1431250000E+02   0.0000000000E+00   0.8415000000E+02   0.4560564439E+01   0.6231000832E+02   0.1035788900E+02   0.5468077709E-08  -0.6214467636E+01
  1.    0.000   0.2474375000E+01   0.1437937500E+02   0.0000000000E+00   0.8415000000E+02   0.4273760020E+01   0.6176609191E+02   0.1060421087E+02   0.1387269781E-08  -0.6231421175E+01
  1.    0.000   0.2541250000E+01   0.1444625000E+02   0.0000000000E+00   0.8415000000E+02   0.3992037811E+01   0.6123198493E+02   0.1084380416E+02  -0.9427058888E-09  -0.6245464073E+01
  1.    0.000   0.2608125000E+01   0.1451312500E+02   0.0000000000E+00   0.8415000000E+02   0.3715410393E+01   0.6070806451E+02   0.1107633347E+02  -0.8567440636E-09  -0.6256544558E+01
  1.    0.000   0.2675000000E+01   0.1458000000E+02   0.0000000000E+00   0.8415000000E+02   0.3443040060E+01   0.6019228808E+02   0.1130358193E+02  -0.7293055407E-09  -0.6265461460E+01
  1.    0.000   0.2741875000E+01   0.1464687500E+02   0.0000000000E+00   0.8415000000E+02   0.3177628739E+01   0.5968890365E+02   0.1152369528E+02   0.1754440731E-10  -0.6271518925E+01
  1.    0.000   0.2808750000E+01   0.1471375000E+02   0.0000000000E+00   0.8415000000E+02   0.2915886347E+01   0.5919335922E+02   0.1173901557E+02   0.3769265678E-09  -0.6275505637E+01
  1.    0.000   0.2875625000E+01   0.1478062500E+02   0.0000000000E+00   0.8415000000E+02   0.2659537167E+01   0.5870933934E+02   0.1194729021E+02   0.1667394289E-09  -0.6276448386E+01
  1.    0.000   0.2942500000E+01   0.1484750000E+02   0.0000000000E+00   0.8415000000E+02   0.2403638327E+01   0.5822597297E+02   0.1215516977E+02  -0.3859089959E-10  -0.6277280291E+01
  1.    0.000   0.3009375000E+01   0.1491437500E+02   0.0000000000E+00   0.8415000000E+02   0.2165321523E+01   0.5776812015E+02   0.1234762437E+02  -0.5429301803E-10  -0.6273784403E+01
  1.    0.000   0.3076250000E+01   0.1498125000E+02   0.0000000000E+00   0.8415000000E+02   0.1927004719E+01   0.5731026734E+02   0.1254007897E+02  -0.6999513646E-10  -0.6270288516E+01
  1.    0.000   0.3143125000E+01   0.1504812500E+02   0.0000000000E+00   0.8415000000E+02   0.1688687916E+01   0.5685241452E+02   0.1273253357E+02  -0.8569725490E-10  -0.6266792629E+01
  1.    0.000   0.3210000000E+01   0.1511500000E+02   0.0000000000E+00   0.8415000000E+02   0.1461646677E+01   0.5641695822E+02   0.1291474339E+02  -0.9546540285E-10  -0.6255745226E+01
  1.    0.000   0.3276875000E+01   0.1518187500E+02   0.0000000000E+00   0.8415000000E+02   0.1235897438E+01   0.5598406820E+02   0.1309577932E+02  -0.1046203697E-09  -0.6243832545E+01
  1.    0.000   0.3343750000E+01   0.1524875000E+02   0.0000000000E+00   0.8415000000E+02   0.1010148208E+01   0.5555117821E+02   0.1327681525E+02  -0.1137738770E-09  -0.6231919864E+01
  1.    0.000   0.3410625000E+01   0.1531562500E+02   0.0000000000E+00   0.8415000000E+02   0.7843989861E+00   0.5511828823E+02   0.1345785117E+02  -0.1231132152E-09  -0.6220007184E+01
  1.    0.000   0.3477500000E+01   0.1538250000E+02   0.0000000000E+00   0.8415000000E+02   0.5771041045E+00   0.5471479864E+02   0.1362239742E+02  -0.1440746146E-09  -0.6201427509E+01
  1.    0.000   0.3544375000E+01   0.1544937500E+02   0.0000000000E+00   0.8415000000E+02   0.3716420176E+00   0.5431422896E+02   0.1378530600E+02  -0.1666887206E-09  -0.6182185701E+01
  1.    0.000   0.3611250000E+01   0.1551625000E+02   0.0000000000E+00   0.8415000000E+02   0.1661799307E+00   0.5391365928E+02   0.1394821458E+02  -0.1892128863E-09  -0.6162943894E+01
  1.    0.000   0.3678125000E+01   0.1558312500E+02   0.0000000000E+00   0.8415000000E+02  -0.3928215618E-01   0.5351308959E+02   0.1411112315E+02  -0.2118254334E-09  -0.6143702086E+01
  1.    0.000   0.3745000000E+01   0.1565000000E+02   0.0000000000E+00   0.8415000000E+02  -0.2447442431E+00   0.5311251991E+02   0.1427403173E+02  -0.2347018579E-09  -0.6124460278E+01
  1.    0.000   0.3811875000E+01   0.1571687500E+02   0.0000000000E+00   0.8415000000E+02  -0.4225214868E+00   0.5274751745E+02   0.1442181119E+02  -0.2127383685E-09  -0.6097209922E+01
  1.    0.000   0.3878750000E+01   0.1578375000E+02   0.0000000000E+00   0.8415000000E+02  -0.5972646544E+00   0.5238641292E+02   0.1456793260E+02  -0.1869492634E-09  -0.6069081884E+01
  1.    0.000   0.3945625000E+01   0.1585062500E+02   0.0000000000E+00   0.8415000000E+02  -0.7720078194E+00   0.5202530840E+02   0.1471405400E+02  -0.1609668643E-09  -0.6040953846E+01
  1.    0.000   0.4012500000E+01   0.1591750000E+02   0.0000000000E+00   0.8415000000E+02  -0.9467509818E+00   0.5166420389E+02   0.1486017541E+02  -0.1349594777E-09  -0.6012825809E+01
  1.    0.000   0.4079375000E+01   0.1598437500E+02   0.0000000000E+00   0.8415000000E+02  -0.1121494142E+01   0.5130309938E+02   0.1500629681E+02  -0.1090957153E-09  -0.5984697772E+01
  1.    0.000   0.4146250000E+01   0.1605125000E+02   0.0000000000E+00   0.8415000000E+02  -0.1296237299E+01   0.5094199488E+02   0.1515241820E+02  -0.8354445441E-10  -0.5956569735E+01
  1.    0.000   0.4213125000E+01   0.1611812500E+02   0.0000000000E+00   0.8415000000E+02  -0.1446697658E+01   0.5060872176E+02   0.1528836420E+02  -0.7860145366E-10  -0.5924422827E+01
  1.    0.000   0.4280000000E+01   0.1618500000E+02   0.0000000000E+00   0.8415000000E+02  -0.1581668858E+01   0.5029320131E+02   0.1541781965E+02  -0.9025619080E-10  -0.5889712419E+01
  1.    0.000   0.4346875000E+01   0.1625187500E+02   0.0000000000E+00   0.8415000000E+02  -0.1716640059E+01   0.4997768087E+02   0.1554727510E+02  -0.1015564192E-09  -0.5855002011E+01
  1.    0.000   0.4413750000E+01   0.1631875000E+02   0.0000000000E+00   0.8415000000E+02  -0.1851611259E+01   0.4966216043E+02   0.1567673055E+02  -0.1126574040E-09  -0.5820291603E+01
  1.    0.000   0.4480625000E+01   0.1638562500E+02   0.0000000000E+00   0.8415000000E+02  -0.1986582459E+01   0.4934663999E+02   0.1580618600E+02  -0.1237193811E-09  -0.5785581195E+01
  1.    0.000   0.4547500000E+01   0.1645250000E+02   0.0000000000E+00   0.8415000000E+02  -0.2121553660E+01   0.4903111954E+02   0.1593564145E+02  -0.1349071341E-09  -0.5750870787E+01
  1.    0.000   0.4614375000E+01   0.1651937500E+02   0.0000000000E+00   0.8415000000E+02  -0.2256524860E+01   0.4871559910E+02   0.1606509690E+02  -0.1463901806E-09  -0.5716160379E+01
  1.    0.000   0.4681250000E+01   0.1658625000E+02   0.0000000000E+00   0.8415000000E+02  -0.2391496061E+01   0.4840007866E+02   0.1619455235E+02  -0.1583421556E-09  -0.5681449971E+01
  1.    0.000   0.4748125000E+01   0.1665312500E+02   0.0000000000E+00   0.8415000000E+02  -0.2474045379E+01   0.4812536091E+02   0.1630969084E+02  -0.1269860380E-09  -0.5643251808E+01
  1.    0.000   0.4815000000E+01   0.1672000000E+02   0.0000000000E+00   0.8415000000E+02  -0.2535113665E+01   0.4786736298E+02   0.1641896263E+02  -0.8404492294E-10  -0.5603624461E+01
  1.    0.000   0.4881875000E+01   0.1678687500E+02   0.0000000000E+00   0.8415000000E+02  -0.2596181951E+01   0.4760936505E+02   0.1652823442E+02  -0.4062076209E-10  -0.5563997113E+01
  1.    0.000   0.4948750000E+01   0.1685375000E+02   0.0000000000E+00   0.8415000000E+02  -0.2657250236E+01   0.4735136712E+02   0.1663750621E+02   0.3142237071E-11  -0.5524369766E+01
  1.    0.000   0.5015625000E+01   0.1692062500E+02   0.0000000000E+00   0.8415000000E+02  -0.2718318522E+01   0.4709336919E+02   0.1674677800E+02   0.4709112384E-10  -0.5484742418E+01
  1.    0.000   0.5082500000E+01   0.1698750000E+02   0.0000000000E+00   0.8415000000E+02  -0.2779386808E+01   0.4683537126E+02   0.1685604979E+02   0.9106434235E-10  -0.5445115071E+01
  1.    0.000   0.5149375000E+01   0.1705437500E+02   0.0000000000E+00   0.8415000000E+02  -0.2840455094E+01   0.4657737333E+02   0.1696532159E+02   0.1348922906E-09  -0.5405487723E+01
  1.    0.000   0.5216250000E+01   0.1712125000E+02   0.0000000000E+00   0.8415000000E+02  -0.2901523379E+01   0.4631937539E+02   0.1707459338E+02   0.1783972616E-09  -0.5365860375E+01
  1.    0.000   0.5283125000E+01   0.1718812500E+02   0.0000000000E+00   0.8415000000E+02  -0.2962591665E+01   0.4606137746E+02   0.1718386517E+02   0.2213936511E-09  -0.5326233028E+01
  1.    0.000   0.5350000000E+01   0.1725500000E+02   0.0000000000E+00   0.8415000000E+02  -0.3023659951E+01   0.4580337953E+02   0.1729313696E+02   0.2636887639E-09  -0.5286605680E+01
  1.    0.000   0.5416875000E+01   0.1732187500E+02   0.0000000000E+00   0.8415000000E+02  -0.3033883510E+01   0.4559467018E+02   0.1739832116E+02   0.3040868554E-09  -0.5283657354E+01
  1.    0.000   0.5483750000E+01   0.1738875000E+02   0.0000000000E+00   0.8415000000E+02  -0.3030202343E+01   0.4539943999E+02   0.1750238751E+02   0.3319728831E-09  -0.5290739798E+01
  1.    0.000   0.5550625000E+01   0.1745562500E+02   0.0000000000E+00   0.8415000000E+02  -0.3026521177E+01   0.4520420980E+02   0.1760645385E+02   0.3605011697E-09  -0.5297822241E+01
  1.    0.000   0.5617500000E+01   0.1752250000E+02   0.0000000000E+00   0.8415000000E+02  -0.3022840010E+01   0.4500897961E+02   0.1771052020E+02   0.3895600810E-09  -0.5304904685E+01
  1.    0.000   0.5684375000E+01   0.1758937500E+02   0.0000000000E+00   0.8415000000E+02  -0.3019158843E+01   0.4481374942E+02   0.1781458655E+02   0.4190157068E-09  -0.5311987129E+01
  1.    0.000   0.5751250000E+01   0.1765625000E+02   0.0000000000E+00   0.8415000000E+02  -0.3015477677E+01   0.4461851923E+02   0.1791865290E+02   0.4487121658E-09  -0.5319069572E+01
  1.    0.000   0.5818125000E+01   0.1772312500E+02   0.0000000000E+00   0.8415000000E+02  -0.3011796510E+01   0.4442328904E+02   0.1802271924E+02   0.4784721656E-09  -0.5326152016E+01
  1.    0.000   0.5885000000E+01   0.1779000000E+02   0.0000000000E+00   0.8415000000E+02  -0.3008115343E+01   0.4422805885E+02   0.1812678559E+02   0.5080975410E-09  -0.5333234460E+01
  1.    0.000   0.5951875000E+01   0.1785687500E+02   0.0000000000E+00   0.8415000000E+02  -0.3004434177E+01   0.4403282866E+02   0.1823085194E+02   0.5373694599E-09  -0.5340316903E+01
  1.    0.000   0.6018750000E+01   0.1792375000E+02   0.0000000000E+00   0.8415000000E+02  -0.3000753010E+01   0.4383759847E+02   0.1833491829E+02   0.5660495595E-09  -0.5347399347E+01
  1.    0.000   0.6085625000E+01   0.1799062500E+02   0.0000000000E+00   0.8415000000E+02  -0.2997071844E+01   0.4364236828E+02   0.1843898463E+02   0.5938797284E-09  -0.5354481790E+01
  1.    0.000   0.6152500000E+01   0.1805750000E+02   0.0000000000E+00   0.8415000000E+02  -0.2993390677E+01   0.4344713809E+02   0.1854305098E+02   0.6205831743E-09  -0.5361564234E+01
  1.    0.000   0.6219375000E+01   0.1812437500E+02   0.0000000000E+00   0.8415000000E+02  -0.2943696433E+01   0.4327600716E+02   0.1862950373E+02   0.6637112636E-09  -0.5369092620E+01
  1.    0.000   0.6286250000E+01   0.1819125000E+02   0.0000000000E+00   0.8415000000E+02  -0.2796410818E+01   0.4315598953E+02   0.1867859895E+02   0.6660834119E-09  -0.5377566827E+01
  1.    0.000   0.6353125000E+01   0.1825812500E+02   0.0000000000E+00   0.8415000000E+02  -0.2649125202E+01   0.4303597190E+02   0.1872769418E+02   0.6695822544E-09  -0.5386041034E+01
  1.    0.000   0.6420000000E+01   0.1832500000E+02   0.0000000000E+00   0.8415000000E+02  -0.2501839586E+01   0.4291595427E+02   0.1877678940E+02   0.6740920523E-09  -0.5394515241E+01
  1.    0.000   0.6486875000E+01   0.1839187500E+02   0.0000000000E+00   0.8415000000E+02  -0.2354553969E+01   0.4279593663E+02   0.1882588462E+02   0.6794738945E-09  -0.5402989448E+01
  1.    0.000   0.6553750000E+01   0.1845875000E+02   0.0000000000E+00   0.8415000000E+02  -0.2207268352E+01   0.4267591900E+02   0.1887497984E+02   0.6855661531E-09  -0.5411463655E+01
  1.    0.000   0.6620625000E+01   0.1852562500E+02   0.0000000000E+00   0.8415000000E+02  -0.2059982735E+01   0.4255590137E+02   0.1892407506E+02   0.6921849481E-09  -0.5419937862E+01
  1.    0.000   0.6687500000E+01   0.1859250000E+02   0.0000000000E+00   0.8415000000E+02  -0.1912697117E+01   0.4243588373E+02   0.1897317028E+02   0.6991246228E-09  -0.5428412069E+01
  1.    0.000   0.6754375000E+01   0.1865937500E+02   0.0000000000E+00   0.8415000000E+02  -0.1765411499E+01   0.4231586610E+02   0.1902226550E+02   0.7061580910E-09  -0.5436886276E+01
  1.    0.000   0.6821250000E+01   0.1872625000E+02   0.0000000000E+00   0.8415000000E+02  -0.1618125881E+01   0.4219584846E+02   0.1907136072E+02   0.7130377384E-09  -0.5445360483E+01
  1.    0.000   0.6888125000E+01   0.1879312500E+02   0.0000000000E+00   0.8415000000E+02  -0.1470840262E+01   0.4207583083E+02   0.1912045594E+02   0.7194953839E-09  -0.5453834690E+01
  1.    0.000   0.6955000000E+01   0.1886000000E+02   0.0000000000E+00   0.8415000000E+02  -0.1323554643E+01   0.4195581319E+02   0.1916955117E+02   0.7252431302E-09  -0.5462308898E+01
  1.    0.000   0.7021875000E+01   0.1892687500E+02   0.0000000000E+00   0.8415000000E+02  -0.1176269024E+01   0.4183579556E+02   0.1921864639E+02   0.7299737464E-09  -0.5470783105E+01
  1.    0.000   0.7088750000E+01   0.1899375000E+02   0.0000000000E+00   0.8415000000E+02  -0.1028983404E+01   0.4171577792E+02   0.1926774161E+02   0.7333612717E-09  -0.5479257312E+01
  1.    0.000   0.7155625000E+01   0.1906062500E+02   0.0000000000E+00   0.8415000000E+02  -0.8816977839E+00   0.4159576029E+02   0.1931683683E+02   0.7350616393E-09  -0.5487731519E+01
  1.    0.000   0.7222500000E+01   0.1912750000E+02   0.0000000000E+00   0.8415000000E+02  -0.7344121634E+00   0.4147574265E+02   0.1936593205E+02   0.7347126766E-09  -0.5496205726E+01
  1.    0.000   0.7289375000E+01   0.1919437500E+02   0.0000000000E+00   0.8415000000E+02  -0.1348300264E+00   0.4192499276E+02   0.2058854112E+02   0.8072135985E-09  -0.5953959389E+01
  1.    0.000   0.7356250000E+01   0.1926125000E+02   0.0000000000E+00   0.8415000000E+02   0.6932790022E+00   0.4266187053E+02   0.2240407862E+02   0.8240729684E-09  -0.6638715545E+01
  1.    0.000   0.7423125000E+01   0.1932812500E+02   0.0000000000E+00   0.8415000000E+02   0.1521388032E+01   0.4339874831E+02   0.2421961613E+02   0.8417382755E-09  -0.7323471703E+01
  1.    0.000   0.7490000000E+01   0.1939500000E+02   0.0000000000E+00   0.8415000000E+02   0.2349497063E+01   0.4413562608E+02   0.2603515365E+02   0.8604483203E-09  -0.8008227861E+01
  1.    0.000   0.7556875000E+01   0.1946187500E+02   0.0000000000E+00   0.8415000000E+02   0.3177606095E+01   0.4487250386E+02   0.2785069116E+02   0.8803421952E-09  -0.8692984021E+01
  1.    0.000   0.7623750000E+01   0.1952875000E+02   0.0000000000E+00   0.8415000000E+02   0.4005715129E+01   0.4560938163E+02   0.2966622868E+02   0.9014611204E-09  -0.9377740181E+01
  1.    0.000   0.7690625000E+01   0.1959562500E+02   0.0000000000E+00   0.8415000000E+02   0.4833824164E+01   0.4634625941E+02   0.3148176620E+02   0.9237499353E-09  -0.1006249634E+02
  1.    0.000   0.7757500000E+01   0.1966250000E+02   0.0000000000E+00   0.8415000000E+02   0.5661933200E+01   0.4708313719E+02   0.3329730372E+02   0.9470585903E-09  -0.1074725251E+02
  1.    0.000   0.7824375000E+01   0.1972937500E+02   0.0000000000E+00   0.8415000000E+02   0.6490042238E+01   0.4782001497E+02   0.3511284125E+02   0.9711433396E-09  -0.1143200867E+02
  1.    0.000   0.7891250000E+01   0.1979625000E+02   0.0000000000E+00   0.8415000000E+02   0.7318151276E+01   0.4855689275E+02   0.3692837878E+02   0.9956694095E-09  -0.1211676483E+02
  1.    0.000   0.7958125000E+01   0.1986312500E+02   0.0000000000E+00   0.8415000000E+02   0.8146260316E+01   0.4929377053E+02   0.3874391631E+02   0.1020211242E-08  -0.1280152100E+02
  1.    0.000   0.8025000000E+01   0.1993000000E+02   0.0000000000E+00   0.8415000000E+02   0.8974369357E+01   0.5003064832E+02   0.4055945384E+02   0.1044255251E-08  -0.1348627717E+02
  1.    0.000   0.8091875000E+01   0.1999687500E+02   0.0000000000E+00   0.8415000000E+02   0.9802478400E+01   0.5076752610E+02   0.4237499138E+02   0.1067201506E-08  -0.1417103334E+02
  1.    0.000   0.8158750000E+01   0.2006375000E+02   0.0000000000E+00   0.8415000000E+02   0.1063058744E+02   0.5150440389E+02   0.4419052892E+02   0.1088365236E-08  -0.1485578950E+02
  1.    0.000   0.8225625000E+01   0.2013062500E+02   0.0000000000E+00   0.8415000000E+02   0.1145869649E+02   0.5224128167E+02   0.4600606646E+02   0.1106977690E-08  -0.1554054567E+02
  1.    0.000   0.8292500000E+01   0.2019750000E+02   0.0000000000E+00   0.8415000000E+02   0.1228680554E+02   0.5297815946E+02   0.4782160401E+02   0.1122190078E-08  -0.1622530185E+02
  1.    0.000   0.8359375000E+01   0.2026437500E+02   0.0000000000E+00   0.8415000000E+02   0.1311491458E+02   0.5371503725E+02   0.4963714156E+02   0.1133073414E-08  -0.1691005802E+02
  1.    0.000   0.8426250000E+01   0.2033125000E+02   0.0000000000E+00   0.8415000000E+02   0.1394302363E+02   0.5445191504E+02   0.5145267911E+02   0.1138620965E-08  -0.1759481419E+02
  1.    0.000   0.8493125000E+01   0.2039812500E+02   0.0000000000E+00   0.8415000000E+02   0.1477113268E+02   0.5518879283E+02   0.5326821666E+02   0.1137751341E-08  -0.1827957036E+02
  1.    0.000   0.8560000000E+01   0.2046500000E+02   0.0000000000E+00   0.8415000000E+02   0.1559924173E+02   0.5592567062E+02   0.5508375422E+02   0.1129309051E-08  -0.1896432654E+02
  2.   45.000   0.0000000000E+00   0.8418106230E+01   0.8418106230E+01   0.8372788059E+02   0.3923129609E+01   0.2430585308E+02   0.2346353245E+02   0.3253072739E+01   0.2293412643E+01
  2.   45.000   0.6705153188E-01   0.8465393996E+01   0.8465393996E+01   0.8372301826E+02   0.3912176889E+01   0.2479922466E+02   0.2309752121E+02   0.3367756895E+01   0.1948157439E+01
  2.   45.000   0.1341030638E+00   0.8512681762E+01   0.8512681762E+01   0.8371815593E+02   0.3901395096E+01   0.2529253444E+02   0.2273143907E+02   0.3482451134E+01   0.1602925643E+01
  2.   45.000   0.2011545956E+00   0.8559969529E+01   0.8559969529E+01   0.8371329360E+02   0.3890773852E+01   0.2578578213E+02   0.2236528954E+02   0.3597163729E+01   0.1257707777E+01
  2.   45.000   0.2682061275E+00   0.8607257295E+01   0.8607257295E+01   0.8370843127E+02   0.3880302778E+01   0.2627896743E+02   0.2199907615E+02   0.3711902956E+01   0.9124943656E+00
  2.   45.000   0.3352576594E+00   0.8654545061E+01   0.8654545061E+01   0.8370356894E+02   0.3869971501E+01   0.2677209003E+02   0.2163280241E+02   0.3826677086E+01   0.5672759338E+00
  2.   45.000   0.4023091913E+00   0.8701832827E+01   0.8701832827E+01   0.8369870661E+02   0.3859769648E+01   0.2726514965E+02   0.2126647184E+02   0.3941494388E+01   0.2220430100E+00
  2.   45.000   0.4693607231E+00   0.8749120594E+01   0.8749120594E+01   0.8369384428E+02   0.3849686848E+01   0.2775814597E+02   0.2090008796E+02   0.4056363129E+01  -0.1232138752E+00
  2.   45.000   0.5364122550E+00   0.8796408360E+01   0.8796408360E+01   0.8368898195E+02   0.3826530458E+01   0.2824163803E+02   0.2054620397E+02   0.4164707352E+01  -0.4589467409E+00
  2.   45.000   0.6034798054E+00   0.8843696126E+01   0.8843696126E+01   0.8368390350E+02   0.3689763623E+01   0.2864483670E+02   0.2030003375E+02   0.4216429671E+01  -0.7128276676E+00
  2.   45.000   0.6705473558E+00   0.8890983892E+01   0.8890983892E+01   0.8367882505E+02   0.3553147564E+01   0.2904797367E+02   0.2005380176E+02   0.4268193828E+01  -0.9667184473E+00
  2.   45.000   0.7376149062E+00   0.8938271659E+01   0.8938271659E+01   0.8367374660E+02   0.3416667397E+01   0.2945104805E+02   0.1980751163E+02   0.4320002186E+01  -0.1220623666E+01
  2.   45.000   0.8046824566E+00   0.8985559425E+01   0.8985559425E+01   0.8366866815E+02   0.3280308240E+01   0.2985405894E+02   0.1956116699E+02   0.4371857108E+01  -0.1474547911E+01
  2.   45.000   0.8717500070E+00   0.9032847191E+01   0.9032847191E+01   0.8366358971E+02   0.3144055214E+01   0.3025700544E+02   0.1931477146E+02   0.4423760958E+01  -0.1728495764E+01
  2.   45.000   0.9388175574E+00   0.9080134957E+01   0.9080134957E+01   0.8365851126E+02   0.3007893447E+01   0.3065988665E+02   0.1906832866E+02   0.4475716098E+01  -0.1982471809E+01
  2.   45.000   0.1005885108E+01   0.9127422724E+01   0.9127422724E+01   0.8365343281E+02   0.2841064448E+01   0.3100309229E+02   0.1887169203E+02   0.4490979103E+01  -0.2179149378E+01
  2.   45.000   0.1072952658E+01   0.9174710490E+01   0.9174710490E+01   0.8364835436E+02   0.2667420455E+01   0.3133288695E+02   0.1868616704E+02   0.4498069012E+01  -0.2363028692E+01
  2.   45.000   0.1140036943E+01   0.9221998255E+01   0.9221998255E+01   0.8364305948E+02   0.2493165968E+01   0.3166315107E+02   0.1850097122E+02   0.4504807116E+01  -0.2546712930E+01
  2.   45.000   0.1207121227E+01   0.9269286020E+01   0.9269286020E+01   0.8363776460E+02   0.2319021222E+01   0.3199335355E+02   0.1831572486E+02   0.4511596683E+01  -0.2730422578E+01
  2.   45.000   0.1274205511E+01   0.9316573785E+01   0.9316573785E+01   0.8363246971E+02   0.2144972714E+01   0.3232349113E+02   0.1813043005E+02   0.4518436996E+01  -0.2914159114E+01
  2.   45.000   0.1341289796E+01   0.9363861550E+01   0.9363861550E+01   0.8362717483E+02   0.1968051030E+01   0.3261325879E+02   0.1797688066E+02   0.4506125029E+01  -0.3060989155E+01
  2.   45.000   0.1408374080E+01   0.9411149315E+01   0.9411149315E+01   0.8362187995E+02   0.1790506055E+01   0.3289349928E+02   0.1783074573E+02   0.4489357030E+01  -0.3199183227E+01
  2.   45.000   0.1475458365E+01   0.9458437080E+01   0.9458437080E+01   0.8361658507E+02   0.1613020788E+01   0.3317366381E+02   0.1768456821E+02   0.4472636716E+01  -0.3337407148E+01
  2.   45.000   0.1542542649E+01   0.9505724845E+01   0.9505724845E+01   0.8361129018E+02   0.1435584821E+01   0.3345374812E+02   0.1753834988E+02   0.4455962625E+01  -0.3475661212E+01
  2.   45.000   0.1609626934E+01   0.9553012610E+01   0.9553012610E+01   0.8360599530E+02   0.1264462190E+01   0.3370227475E+02   0.1741364533E+02   0.4430617527E+01  -0.3590341958E+01
  2.   45.000   0.1676728677E+01   0.9600300376E+01   0.9600300376E+01   0.8360048365E+02   0.1094285817E+01   0.3394455495E+02   0.1729388423E+02   0.4403061050E+01  -0.3699723793E+01
  2.   45.000   0.1743830420E+01   0.9647588143E+01   0.9647588143E+01   0.8359497201E+02   0.9241726784E+00   0.3418677805E+02   0.1717406952E+02   0.4375556316E+01  -0.3809144786E+01
  2.   45.000   0.1810932163E+01   0.9694875909E+01   0.9694875909E+01   0.8358946036E+02   0.7539112215E+00   0.3441334419E+02   0.1706555280E+02   0.4343033094E+01  -0.3904661640E+01
  2.   45.000   0.1878033906E+01   0.9742163675E+01   0.9742163675E+01   0.8358394871E+02   0.5836173292E+00   0.3463297663E+02   0.1696198303E+02   0.4308328815E+01  -0.3994079169E+01
  2.   45.000   0.1945135649E+01   0.9789451441E+01   0.9789451441E+01   0.8357843707E+02   0.4157342584E+00   0.3484753612E+02   0.1686240096E+02   0.4273172591E+01  -0.4079788620E+01
  2.   45.000   0.2012237392E+01   0.9836739207E+01   0.9836739207E+01   0.8357292542E+02   0.2530312004E+00   0.3505114071E+02   0.1677155261E+02   0.4236976706E+01  -0.4157388819E+01
  2.   45.000   0.2079339135E+01   0.9884026974E+01   0.9884026974E+01   0.8356741378E+02   0.9208876307E-01   0.3524858493E+02   0.1668486960E+02   0.4200071291E+01  -0.4230378524E+01
  2.   45.000   0.2146440878E+01   0.9931314740E+01   0.9931314740E+01   0.8356190213E+02  -0.6662841523E-01   0.3543896468E+02   0.1660317272E+02   0.4162429281E+01  -0.4298036710E+01
  2.   45.000   0.2213560802E+01   0.9978602506E+01   0.9978602506E+01   0.8355617338E+02  -0.2220078474E+00   0.3562267647E+02   0.1652823857E+02   0.4124227303E+01  -0.4359687408E+01
  2.   45.000   0.2280680727E+01   0.1002589027E+02   0.1002589027E+02   0.8355044462E+02  -0.3741937898E+00   0.3579951029E+02   0.1645883322E+02   0.4085960544E+01  -0.4416086316E+01
  2.   45.000   0.2347800652E+01   0.1007317804E+02   0.1007317804E+02   0.8354471587E+02  -0.5225005407E+00   0.3597169560E+02   0.1639398305E+02   0.4046217463E+01  -0.4468681936E+01
  2.   45.000   0.2414920576E+01   0.1012046581E+02   0.1012046581E+02   0.8353898712E+02  -0.6676829315E+00   0.3613656658E+02   0.1633615338E+02   0.4010004463E+01  -0.4515208411E+01
  2.   45.000   0.2482040501E+01   0.1016775357E+02   0.1016775357E+02   0.8353325837E+02  -0.8092094548E+00   0.3629598972E+02   0.1628223220E+02   0.3972489171E+01  -0.4557586378E+01
  2.   45.000   0.2549160426E+01   0.1021504134E+02   0.1021504134E+02   0.8352752961E+02  -0.9467867217E+00   0.3645025067E+02   0.1623326933E+02   0.3935539494E+01  -0.4595715000E+01
  2.   45.000   0.2616280350E+01   0.1026232910E+02   0.1026232910E+02   0.8352180086E+02  -0.1080388853E+01   0.3659917468E+02   0.1618928391E+02   0.3899325345E+01  -0.4629433668E+01
  2.   45.000   0.2683400275E+01   0.1030961687E+02   0.1030961687E+02   0.8351607211E+02  -0.1210605687E+01   0.3674409404E+02   0.1614926883E+02   0.3863821379E+01  -0.4659831963E+01
  2.   45.000   0.2750539110E+01   0.1035690464E+02   0.1035690464E+02   0.8351012589E+02  -0.1335356762E+01   0.3688440633E+02   0.1611577643E+02   0.3829254423E+01  -0.4685423491E+01
  2.   45.000   0.2817677945E+01   0.1040419240E+02   0.1040419240E+02   0.8350417967E+02  -0.1457220494E+01   0.3702114635E+02   0.1608592676E+02   0.3795578854E+01  -0.4707728426E+01
  2.   45.000   0.2884816780E+01   0.1045148017E+02   0.1045148017E+02   0.8349823346E+02  -0.1574852291E+01   0.3715266583E+02   0.1606145191E+02   0.3763198986E+01  -0.4725189351E+01
  2.   45.000   0.2951955615E+01   0.1049876794E+02   0.1049876794E+02   0.8349228724E+02  -0.1692071578E+01   0.3728381557E+02   0.1603722201E+02   0.3730949047E+01  -0.4742469926E+01
  2.   45.000   0.3019094450E+01   0.1054605570E+02   0.1054605570E+02   0.8348634102E+02  -0.1794043613E+01   0.3740463640E+02   0.1602417216E+02   0.3702312686E+01  -0.4751711302E+01
  2.   45.000   0.3086233285E+01   0.1059334347E+02   0.1059334347E+02   0.8348039481E+02  -0.1895991641E+01   0.3752532160E+02   0.1601107650E+02   0.3673719423E+01  -0.4760980251E+01
  2.   45.000   0.3153372120E+01   0.1064063123E+02   0.1064063123E+02   0.8347444859E+02  -0.1997917230E+01   0.3764586616E+02   0.1599793436E+02   0.3645169743E+01  -0.4770277011E+01
  2.   45.000   0.3220510955E+01   0.1068791900E+02   0.1068791900E+02   0.8346850237E+02  -0.2088664128E+01   0.3775873105E+02   0.1599651091E+02   0.3620864524E+01  -0.4768868611E+01
  2.   45.000   0.3287669434E+01   0.1073520677E+02   0.1073520677E+02   0.8346233832E+02  -0.2178271484E+01   0.3787159667E+02   0.1599674572E+02   0.3596760450E+01  -0.4766043882E+01
  2.   45.000   0.3354827912E+01   0.1078249453E+02   0.1078249453E+02   0.8345617426E+02  -0.2267855657E+01   0.3798434870E+02   0.1599693691E+02   0.3572696511E+01  -0.4763246684E+01
  2.   45.000   0.3421986391E+01   0.1082978230E+02   0.1082978230E+02   0.8345001021E+02  -0.2357418617E+01   0.3809698114E+02   0.1599708406E+02   0.3548672670E+01  -0.4760476500E+01
  2.   45.000   0.3489144869E+01   0.1087707006E+02   0.1087707006E+02   0.8344384616E+02  -0.2428653937E+01   0.3819963787E+02   0.1600996414E+02   0.3532911377E+01  -0.4746484258E+01
  2.   45.000   0.3556303348E+01   0.1092435783E+02   0.1092435783E+02   0.8343768210E+02  -0.2498053518E+01   0.3830118465E+02   0.1602406818E+02   0.3518006929E+01  -0.4731400895E+01
  2.   45.000   0.3623461826E+01   0.1097164560E+02   0.1097164560E+02   0.8343151805E+02  -0.2567437159E+01   0.3840259378E+02   0.1603812653E+02   0.3503143202E+01  -0.4716343128E+01
  2.   45.000   0.3690620305E+01   0.1101893336E+02   0.1101893336E+02   0.8342535399E+02  -0.2636806351E+01   0.3850385930E+02   0.1605213848E+02   0.3488320700E+01  -0.4701310525E+01
  2.   45.000   0.3757778783E+01   0.1106622113E+02   0.1106622113E+02   0.8341918994E+02  -0.2706162587E+01   0.3860497524E+02   0.1606610335E+02   0.3473539921E+01  -0.4686302651E+01
  2.   45.000   0.3824957641E+01   0.1111350889E+02   0.1111350889E+02   0.8341280766E+02  -0.2748310336E+01   0.3870044100E+02   0.1609472099E+02   0.3470292921E+01  -0.4659704555E+01
  2.   45.000   0.3892136498E+01   0.1116079666E+02   0.1116079666E+02   0.8340642539E+02  -0.2787449555E+01   0.3879505080E+02   0.1612486452E+02   0.3468381116E+01  -0.4631881918E+01
  2.   45.000   0.3959315356E+01   0.1120808442E+02   0.1120808442E+02   0.8340004311E+02  -0.2826573700E+01   0.3888952489E+02   0.1615496259E+02   0.3466509780E+01  -0.4604085021E+01
  2.   45.000   0.4026494213E+01   0.1125537219E+02   0.1125537219E+02   0.8339366083E+02  -0.2865682285E+01   0.3898385711E+02   0.1618501441E+02   0.3464679614E+01  -0.4576313478E+01
  2.   45.000   0.4093673071E+01   0.1130265995E+02   0.1130265995E+02   0.8338727856E+02  -0.2904774823E+01   0.3907804131E+02   0.1621501918E+02   0.3462891320E+01  -0.4548566905E+01
  2.   45.000   0.4160851928E+01   0.1134994772E+02   0.1134994772E+02   0.8338089628E+02  -0.2943850829E+01   0.3917207133E+02   0.1624497612E+02   0.3461145598E+01  -0.4520844917E+01
  2.   45.000   0.4228030785E+01   0.1139723548E+02   0.1139723548E+02   0.8337451401E+02  -0.2960328101E+01   0.3926519636E+02   0.1628477184E+02   0.3474640880E+01  -0.4486298429E+01
  2.   45.000   0.4295209643E+01   0.1144452325E+02   0.1144452325E+02   0.8336813173E+02  -0.2962386591E+01   0.3935767896E+02   0.1633082375E+02   0.3497877153E+01  -0.4447406903E+01
  2.   45.000   0.4362409625E+01   0.1149181102E+02   0.1149181102E+02   0.8336153083E+02  -0.2964556378E+01   0.3945125778E+02   0.1637721496E+02   0.3520807765E+01  -0.4408344685E+01
  2.   45.000   0.4429609607E+01   0.1153909878E+02   0.1153909878E+02   0.8335492993E+02  -0.2966708547E+01   0.3954469084E+02   0.1642356002E+02   0.3543778364E+01  -0.4369307810E+01
  2.   45.000   0.4496809589E+01   0.1158638655E+02   0.1158638655E+02   0.8334832903E+02  -0.2968844123E+01   0.3963797157E+02   0.1646985751E+02   0.3566791175E+01  -0.4330295711E+01
  2.   45.000   0.4564009571E+01   0.1163367431E+02   0.1163367431E+02   0.8334172813E+02  -0.2970964132E+01   0.3973109342E+02   0.1651610603E+02   0.3589848419E+01  -0.4291307823E+01
  2.   45.000   0.4631209552E+01   0.1168096208E+02   0.1168096208E+02   0.8333512722E+02  -0.2973069598E+01   0.3982404982E+02   0.1656230418E+02   0.3612952320E+01  -0.4252343581E+01
  2.   45.000   0.4698409534E+01   0.1172824985E+02   0.1172824985E+02   0.8332852632E+02  -0.2975161544E+01   0.3991683421E+02   0.1660845054E+02   0.3636105100E+01  -0.4213402420E+01
  2.   45.000   0.4765609516E+01   0.1177553761E+02   0.1177553761E+02   0.8332192542E+02  -0.2932742460E+01   0.4001603580E+02   0.1666647112E+02   0.3681334214E+01  -0.4170689707E+01
  2.   45.000   0.4832809498E+01   0.1182282538E+02   0.1182282538E+02   0.8331532452E+02  -0.2872056754E+01   0.4011775280E+02   0.1672932459E+02   0.3735638415E+01  -0.4126444999E+01
  2.   45.000   0.4900031349E+01   0.1187011315E+02   0.1187011315E+02   0.8330850458E+02  -0.2811505156E+01   0.4022069449E+02   0.1679254416E+02   0.3789602189E+01  -0.4082038412E+01
  2.   45.000   0.4967253201E+01   0.1191740091E+02   0.1191740091E+02   0.8330168464E+02  -0.2750950117E+01   0.4032347361E+02   0.1685571369E+02   0.3843613997E+01  -0.4037655315E+01
  2.   45.000   0.5034475052E+01   0.1196468868E+02   0.1196468868E+02   0.8329486470E+02  -0.2690382194E+01   0.4042608263E+02   0.1691883179E+02   0.3897674225E+01  -0.3993295502E+01
  2.   45.000   0.5101696903E+01   0.1201197644E+02   0.1201197644E+02   0.8328804476E+02  -0.2629791941E+01   0.4052851402E+02   0.1698189708E+02   0.3951783260E+01  -0.3948958767E+01
  2.   45.000   0.5168918754E+01   0.1205926421E+02   0.1205926421E+02   0.8328122481E+02  -0.2569169920E+01   0.4063076025E+02   0.1704490818E+02   0.4005941489E+01  -0.3904644904E+01
  2.   45.000   0.5236140605E+01   0.1210655198E+02   0.1210655198E+02   0.8327440487E+02  -0.2508506694E+01   0.4073281381E+02   0.1710786369E+02   0.4060149298E+01  -0.3860353706E+01
  2.   45.000   0.5303362456E+01   0.1215383974E+02   0.1215383974E+02   0.8326758493E+02  -0.2447792828E+01   0.4083466718E+02   0.1717076225E+02   0.4114407073E+01  -0.3816084967E+01
  2.   45.000   0.5370584307E+01   0.1220112751E+02   0.1220112751E+02   0.8326076499E+02  -0.2387018894E+01   0.4093631283E+02   0.1723360247E+02   0.4168715200E+01  -0.3771838481E+01
  2.   45.000   0.5437828779E+01   0.1224841528E+02   0.1224841528E+02   0.8325372558E+02  -0.2299078858E+01   0.4107273860E+02   0.1731313644E+02   0.4297850681E+01  -0.3739166850E+01
  2.   45.000   0.5505073251E+01   0.1229570304E+02   0.1229570304E+02   0.8324668617E+02  -0.2203564644E+01   0.4121812686E+02   0.1739708362E+02   0.4447567731E+01  -0.3709718505E+01
  2.   45.000   0.5572317723E+01   0.1234299081E+02   0.1234299081E+02   0.8323964676E+02  -0.2107996763E+01   0.4136332851E+02   0.1748098008E+02   0.4597321359E+01  -0.3680288767E+01
  2.   45.000   0.5639562195E+01   0.1239027858E+02   0.1239027858E+02   0.8323260734E+02  -0.2012386772E+01   0.4150833046E+02   0.1756481826E+02   0.4747129592E+01  -0.3650883111E+01
  2.   45.000   0.5706806666E+01   0.1243756634E+02   0.1243756634E+02   0.8322556793E+02  -0.1916746226E+01   0.4165311963E+02   0.1764859061E+02   0.4897010448E+01  -0.3621507010E+01
  2.   45.000   0.5774051138E+01   0.1248485411E+02   0.1248485411E+02   0.8321852852E+02  -0.1821086674E+01   0.4179768294E+02   0.1773228956E+02   0.5046981941E+01  -0.3592165934E+01
  2.   45.000   0.5841295610E+01   0.1253214187E+02   0.1253214187E+02   0.8321148911E+02  -0.1725419665E+01   0.4194200731E+02   0.1781590756E+02   0.5197062080E+01  -0.3562865352E+01
  2.   45.000   0.5908540082E+01   0.1257942964E+02   0.1257942964E+02   0.8320444970E+02  -0.1629756739E+01   0.4208607967E+02   0.1789943707E+02   0.5347268864E+01  -0.3533610730E+01
  2.   45.000   0.5975807931E+01   0.1262671741E+02   0.1262671741E+02   0.8319719037E+02  -0.1534200006E+01   0.4223176427E+02   0.1798349817E+02   0.5496798923E+01  -0.3504098077E+01
  2.   45.000   0.6043075780E+01   0.1267400517E+02   0.1267400517E+02   0.8318993104E+02  -0.1438608852E+01   0.4237724046E+02   0.1806749596E+02   0.5646395575E+01  -0.3474613147E+01
  2.   45.000   0.6110343629E+01   0.1272129294E+02   0.1272129294E+02   0.8318267171E+02  -0.1342994821E+01   0.4252249517E+02   0.1815142289E+02   0.5796076827E+01  -0.3445161408E+01
  2.   45.000   0.6177611478E+01   0.1276858070E+02   0.1276858070E+02   0.8317541239E+02  -0.1247369457E+01   0.4266751533E+02   0.1823527141E+02   0.5945860681E+01  -0.3415748328E+01
  2.   45.000   0.6244879327E+01   0.1281586847E+02   0.1281586847E+02   0.8316815306E+02  -0.1115699378E+01   0.4281180306E+02   0.1831902544E+02   0.6101792728E+01  -0.3381331146E+01
  2.   45.000   0.6312147177E+01   0.1286315624E+02   0.1286315624E+02   0.8316089373E+02  -0.9075551791E+00   0.4295478369E+02   0.1840266036E+02   0.6270626426E+01  -0.3336251142E+01
  2.   45.000   0.6379415026E+01   0.1291044400E+02   0.1291044400E+02   0.8315363440E+02  -0.6993361491E+00   0.4309744245E+02   0.1848617422E+02   0.6439559436E+01  -0.3291211580E+01
  2.   45.000   0.6446682875E+01   0.1295773177E+02   0.1295773177E+02   0.8314637507E+02  -0.4909983939E+00   0.4323973956E+02   0.1856954833E+02   0.6608577152E+01  -0.3246209581E+01
  2.   45.000   0.6513974861E+01   0.1300501954E+02   0.1300501954E+02   0.8313889536E+02  -0.2829805859E+00   0.4338410271E+02   0.1865368226E+02   0.6776833023E+01  -0.3200911554E+01
  2.   45.000   0.6581266848E+01   0.1305230730E+02   0.1305230730E+02   0.8313141566E+02  -0.7499010819E-01   0.4352823650E+02   0.1873773859E+02   0.6945222206E+01  -0.3155660670E+01
  2.   45.000   0.6648558834E+01   0.1309959507E+02   0.1309959507E+02   0.8312393595E+02   0.1330169488E+00   0.4367210118E+02   0.1882169866E+02   0.7113730087E+01  -0.3110454051E+01
  2.   45.000   0.6715850821E+01   0.1314688283E+02   0.1314688283E+02   0.8311645625E+02   0.3410844790E+00   0.4381565697E+02   0.1890554376E+02   0.7282342060E+01  -0.3065288816E+01
  2.   45.000   0.6783142807E+01   0.1319417060E+02   0.1319417060E+02   0.8310897654E+02   0.5492563607E+00   0.4395886415E+02   0.1898925525E+02   0.7451043520E+01  -0.3020162086E+01
  2.   45.000   0.6850434794E+01   0.1324145836E+02   0.1324145836E+02   0.8310149683E+02   0.7575764558E+00   0.4410168300E+02   0.1907281444E+02   0.7619819872E+01  -0.2975070984E+01
  2.   45.000   0.6917726780E+01   0.1328874613E+02   0.1328874613E+02   0.8309401713E+02   0.9660886104E+00   0.4424407379E+02   0.1915620269E+02   0.7788656521E+01  -0.2930012634E+01
  2.   45.000   0.6985018767E+01   0.1333603389E+02   0.1333603389E+02   0.8308653742E+02   0.1174836654E+01   0.4438599685E+02   0.1923940134E+02   0.7957538880E+01  -0.2884984159E+01
  2.   45.000   0.7052335661E+01   0.1338332166E+02   0.1338332166E+02   0.8307883686E+02   0.1382444204E+01   0.4453073348E+02   0.1932371052E+02   0.8125930343E+01  -0.2839712701E+01
  2.   45.000   0.7119652556E+01   0.1343060942E+02   0.1343060942E+02   0.8307113630E+02   0.1590141295E+01   0.4467513492E+02   0.1940789238E+02   0.8294416223E+01  -0.2794480721E+01
  2.   45.000   0.7186969451E+01   0.1347789719E+02   0.1347789719E+02   0.8306343574E+02   0.1797971774E+01   0.4481916144E+02   0.1949192826E+02   0.8462981928E+01  -0.2749285342E+01
  2.   45.000   0.7254286346E+01   0.1352518495E+02   0.1352518495E+02   0.8305573517E+02   0.2005979469E+01   0.4496277335E+02   0.1957579951E+02   0.8631612870E+01  -0.2704123688E+01
  2.   45.000   0.7321603240E+01   0.1357247272E+02   0.1357247272E+02   0.8304803461E+02   0.2663332855E+01   0.4658755733E+02   0.2034730964E+02   0.9255417739E+01  -0.2933301006E+01
  2.   45.000   0.7388920135E+01   0.1361976049E+02   0.1361976049E+02   0.8304033405E+02   0.3547885438E+01   0.4896077645E+02   0.2146634686E+02   0.1010941482E+02  -0.3301187768E+01
  2.   45.000   0.7456237030E+01   0.1366704825E+02   0.1366704825E+02   0.8303263349E+02   0.4432768483E+01   0.5133420050E+02   0.2258562058E+02   0.1096389034E+02  -0.3669292371E+01
  2.   45.000   0.7523553924E+01   0.1371433602E+02   0.1371433602E+02   0.8302493293E+02   0.5318036851E+01   0.5370818334E+02   0.2370535545E+02   0.1181907232E+02  -0.4037714251E+01
  2.   45.000   0.7590896499E+01   0.1376162379E+02   0.1376162379E+02   0.8301701102E+02   0.6201249539E+01   0.5608236572E+02   0.2482447368E+02   0.1267196315E+02  -0.4405072703E+01
  2.   45.000   0.7658239073E+01   0.1380891155E+02   0.1380891155E+02   0.8300908911E+02   0.7084665157E+01   0.5845593048E+02   0.2594330623E+02   0.1352480236E+02  -0.4772417851E+01
  2.   45.000   0.7725581647E+01   0.1385619932E+02   0.1385619932E+02   0.8300116720E+02   0.7968338589E+01   0.6082923161E+02   0.2706207782E+02   0.1437781806E+02  -0.5139849168E+01
  2.   45.000   0.7792924222E+01   0.1390348709E+02   0.1390348709E+02   0.8299324530E+02   0.8852324697E+01   0.6320262297E+02   0.2818101309E+02   0.1523123827E+02  -0.5507466089E+01
  2.   45.000   0.7860266796E+01   0.1395077485E+02   0.1395077485E+02   0.8298532339E+02   0.9736678322E+01   0.6557645826E+02   0.2930033658E+02   0.1608529093E+02  -0.5875368012E+01
  2.   45.000   0.7927609370E+01   0.1399806262E+02   0.1399806262E+02   0.8297740148E+02   0.1062145428E+02   0.6795109106E+02   0.3042027277E+02   0.1694020389E+02  -0.6243654295E+01
  2.   45.000   0.7994951945E+01   0.1404535038E+02   0.1404535038E+02   0.8296947957E+02   0.1150670737E+02   0.7032687482E+02   0.3154104603E+02   0.1779620492E+02  -0.6612424259E+01
  2.   45.000   0.8062294519E+01   0.1409263815E+02   0.1409263815E+02   0.8296155766E+02   0.1239249237E+02   0.7270416285E+02   0.3266288065E+02   0.1865352168E+02  -0.6981777184E+01
  2.   45.000   0.8129663551E+01   0.1413992592E+02   0.1413992592E+02   0.8295341390E+02   0.1327519241E+02   0.7507504678E+02   0.3377990448E+02   0.1950428553E+02  -0.7348208083E+01
  2.   45.000   0.8197032584E+01   0.1418721368E+02   0.1418721368E+02   0.8294527014E+02   0.1415824160E+02   0.7744625609E+02   0.3489724126E+02   0.2035560544E+02  -0.7714890668E+01
  2.   45.000   0.8264401616E+01   0.1423450145E+02   0.1423450145E+02   0.8293712638E+02   0.1504169471E+02   0.7981814421E+02   0.3601511539E+02   0.2120770916E+02  -0.8081924260E+01
  2.   45.000   0.8331770648E+01   0.1428178921E+02   0.1428178921E+02   0.8292898261E+02   0.1592560654E+02   0.8219106446E+02   0.3713375114E+02   0.2206082436E+02  -0.8449408137E+01
  2.   45.000   0.8399139681E+01   0.1432907698E+02   0.1432907698E+02   0.8292083885E+02   0.1681003182E+02   0.8456536999E+02   0.3825337273E+02   0.2291517863E+02  -0.8817441542E+01
  2.   45.000   0.8466508713E+01   0.1437636475E+02   0.1437636475E+02   0.8291269509E+02   0.1769502529E+02   0.8694141382E+02   0.3937420425E+02   0.2377099944E+02  -0.9186123675E+01
  2.   45.000   0.8533877745E+01   0.1442365251E+02   0.1442365251E+02   0.8290455133E+02   0.1858064165E+02   0.8931954885E+02   0.4049646974E+02   0.2462851420E+02  -0.9555553697E+01
  2.   45.000   0.8601246778E+01   0.1447094028E+02   0.1447094028E+02   0.8289640757E+02   0.1946693560E+02   0.9170012779E+02   0.4162039312E+02   0.2548795020E+02  -0.9925830726E+01
  3.   90.000   0.0000000000E+00   0.0000000000E+00   0.1190500000E+02   0.8330362222E+02  -0.7727170919E+01  -0.4884758497E+01   0.1039396429E+02  -0.3526136346E+00   0.1460618537E-07
  3.   90.000   0.6758583931E-01   0.0000000000E+00   0.1197187500E+02   0.8329384572E+02  -0.7566776060E+01  -0.4599611472E+01   0.1092841294E+02   0.5769015744E-01   0.1454630097E-07
  3.   90.000   0.1351716786E+00   0.0000000000E+00   0.1203875000E+02   0.8328406921E+02  -0.7406039195E+01  -0.4314477995E+01   0.1146290238E+02   0.4680006037E+00   0.1448878462E-07
  3.   90.000   0.2027575179E+00   0.0000000000E+00   0.1210562500E+02   0.8327429270E+02  -0.7244987787E+01  -0.4029347255E+01   0.1199742428E+02   0.8783404022E+00   0.1443250611E-07
  3.   90.000   0.2703433572E+00   0.0000000000E+00   0.1217250000E+02   0.8326451620E+02  -0.7083649282E+01  -0.3744208444E+01   0.1253197033E+02   0.1288732240E+01   0.1437660383E-07
  3.   90.000   0.3379291965E+00   0.0000000000E+00   0.1223937500E+02   0.8325473969E+02  -0.6922051119E+01  -0.3459050758E+01   0.1306653224E+02   0.1699198794E+01   0.1432047874E-07
  3.   90.000   0.4055150359E+00   0.0000000000E+00   0.1230625000E+02   0.8324496319E+02  -0.6760220723E+01  -0.3173863401E+01   0.1360110169E+02   0.2109762730E+01   0.1426378766E-07
  3.   90.000   0.4731008752E+00   0.0000000000E+00   0.1237312500E+02   0.8323518668E+02  -0.6598185506E+01  -0.2888635580E+01   0.1413567040E+02   0.2520446702E+01   0.1420643707E-07
  3.   90.000   0.5406867145E+00   0.0000000000E+00   0.1244000000E+02   0.8322541018E+02  -0.6447639294E+01  -0.2596047557E+01   0.1465888227E+02   0.2915803112E+01   0.1414901487E-07
  3.   90.000   0.6083375272E+00   0.0000000000E+00   0.1250687500E+02   0.8321519417E+02  -0.6398424266E+01  -0.2241184171E+01   0.1508501444E+02   0.3178140630E+01   0.1405465703E-07
  3.   90.000   0.6759883399E+00   0.0000000000E+00   0.1257375000E+02   0.8320497816E+02  -0.6348935786E+01  -0.1886301696E+01   0.1551116442E+02   0.3440566885E+01   0.1396079870E-07
  3.   90.000   0.7436391526E+00   0.0000000000E+00   0.1264062500E+02   0.8319476215E+02  -0.6299203782E+01  -0.1531391624E+01   0.1593732441E+02   0.3703091471E+01   0.1386704390E-07
  3.   90.000   0.8112899653E+00   0.0000000000E+00   0.1270750000E+02   0.8318454614E+02  -0.6249258167E+01  -0.1176445452E+01   0.1636348661E+02   0.3965723979E+01   0.1377316682E-07
  3.   90.000   0.8789407780E+00   0.0000000000E+00   0.1277437500E+02   0.8317433014E+02  -0.6199128839E+01  -0.8214546816E+00   0.1678964324E+02   0.4228473993E+01   0.1367910771E-07
  3.   90.000   0.9465915907E+00   0.0000000000E+00   0.1284125000E+02   0.8316411413E+02  -0.6148845685E+01  -0.4664108169E+00   0.1721578649E+02   0.4491351094E+01   0.1358496855E-07
  3.   90.000   0.1014242403E+01   0.0000000000E+00   0.1290812500E+02   0.8315389812E+02  -0.6129690477E+01  -0.1033251498E+00   0.1759113946E+02   0.4677029069E+01   0.1351435223E-07
  3.   90.000   0.1081893216E+01   0.0000000000E+00   0.1297500000E+02   0.8314368211E+02  -0.6117425526E+01   0.2616028566E+00   0.1795510426E+02   0.4845534640E+01   0.1344895011E-07
  3.   90.000   0.1149611997E+01   0.0000000000E+00   0.1304187500E+02   0.8313302530E+02  -0.6106186869E+01   0.6261658926E+00   0.1831917813E+02   0.5013153438E+01   0.1338435490E-07
  3.   90.000   0.1217330777E+01   0.0000000000E+00   0.1310875000E+02   0.8312236849E+02  -0.6094758453E+01   0.9907775935E+00   0.1868324827E+02   0.5180893508E+01   0.1331959732E-07
  3.   90.000   0.1285049557E+01   0.0000000000E+00   0.1317562500E+02   0.8311171168E+02  -0.6083166125E+01   0.1355440052E+01   0.1904730758E+02   0.5348758117E+01   0.1325489448E-07
  3.   90.000   0.1352768338E+01   0.0000000000E+00   0.1324250000E+02   0.8310105487E+02  -0.6079312223E+01   0.1719709461E+01   0.1938161971E+02   0.5470105016E+01   0.1311450793E-07
  3.   90.000   0.1420487118E+01   0.0000000000E+00   0.1330937500E+02   0.8309039806E+02  -0.6077192172E+01   0.2083928254E+01   0.1970893225E+02   0.5580638594E+01   0.1295680391E-07
  3.   90.000   0.1488205899E+01   0.0000000000E+00   0.1337625000E+02   0.8307974125E+02  -0.6074978407E+01   0.2448199818E+01   0.2003621437E+02   0.5691303188E+01   0.1279893577E-07
  3.   90.000   0.1555924679E+01   0.0000000000E+00   0.1344312500E+02   0.8306908444E+02  -0.6072691138E+01   0.2812522806E+01   0.2036346037E+02   0.5802099277E+01   0.1264103212E-07
  3.   90.000   0.1623643460E+01   0.0000000000E+00   0.1351000000E+02   0.8305842763E+02  -0.6069711356E+01   0.3171495235E+01   0.2067002664E+02   0.5884435241E+01   0.1267375558E-07
  3.   90.000   0.1691433229E+01   0.0000000000E+00   0.1357687500E+02   0.8304732866E+02  -0.6067218869E+01   0.3528971120E+01   0.2097238023E+02   0.5959689791E+01   0.1274870332E-07
  3.   90.000   0.1759222998E+01   0.0000000000E+00   0.1364375000E+02   0.8303622969E+02  -0.6064606368E+01   0.3886554949E+01   0.2127474430E+02   0.6035091434E+01   0.1282309938E-07
  3.   90.000   0.1827012767E+01   0.0000000000E+00   0.1371062500E+02   0.8302513072E+02  -0.6063219431E+01   0.4243296553E+01   0.2156688667E+02   0.6094692572E+01   0.1299966793E-07
  3.   90.000   0.1894802536E+01   0.0000000000E+00   0.1377750000E+02   0.8301403175E+02  -0.6062326181E+01   0.4599679818E+01   0.2185450475E+02   0.6147415458E+01   0.1322118634E-07
  3.   90.000   0.1962592305E+01   0.0000000000E+00   0.1384437500E+02   0.8300293277E+02  -0.6059783307E+01   0.4955401651E+01   0.2213935937E+02   0.6196292607E+01   0.1346558767E-07
  3.   90.000   0.2030382074E+01   0.0000000000E+00   0.1391125000E+02   0.8299183380E+02  -0.6053762499E+01   0.5309605799E+01   0.2241822210E+02   0.6236637646E+01   0.1376008098E-07
  3.   90.000   0.2098171843E+01   0.0000000000E+00   0.1397812500E+02   0.8298073483E+02  -0.6046600336E+01   0.5662567078E+01   0.2269356054E+02   0.6272214162E+01   0.1403746575E-07
  3.   90.000   0.2165961612E+01   0.0000000000E+00   0.1404500000E+02   0.8296963586E+02  -0.6037983856E+01   0.6014129491E+01   0.2296485590E+02   0.6302323252E+01   0.1377526992E-07
  3.   90.000   0.2233825418E+01   0.0000000000E+00   0.1411187500E+02   0.8295809331E+02  -0.6027183419E+01   0.6364548146E+01   0.2323248531E+02   0.6325917349E+01   0.9949461316E-08
  3.   90.000   0.2301689224E+01   0.0000000000E+00   0.1417875000E+02   0.8294655076E+02  -0.6013946751E+01   0.6713484114E+01   0.2349625557E+02   0.6344729593E+01   0.1105839641E-07
  3.   90.000   0.2369553030E+01   0.0000000000E+00   0.1424562500E+02   0.8293500820E+02  -0.5994773567E+01   0.7066654041E+01   0.2376085984E+02   0.6358955988E+01   0.6533918178E-08
  3.   90.000   0.2437416835E+01   0.0000000000E+00   0.1431250000E+02   0.8292346565E+02  -0.5979286692E+01   0.7407896939E+01   0.2401391289E+02   0.6370456662E+01   0.7715409829E-08
  3.   90.000   0.2505280641E+01   0.0000000000E+00   0.1437937500E+02   0.8291192310E+02  -0.5957865191E+01   0.7752738662E+01   0.2426777938E+02   0.6377659175E+01   0.9874523460E-08
  3.   90.000   0.2573144447E+01   0.0000000000E+00   0.1444625000E+02   0.8290038054E+02  -0.5933049448E+01   0.8096228406E+01   0.2451892341E+02   0.6381853645E+01   0.1075600738E-07
  3.   90.000   0.2641008253E+01   0.0000000000E+00   0.1451312500E+02   0.8288883799E+02  -0.5904840333E+01   0.8438167454E+01   0.2476719809E+02   0.6383165218E+01   0.1001473365E-07
  3.   90.000   0.2708872059E+01   0.0000000000E+00   0.1458000000E+02   0.8287729544E+02  -0.5873732858E+01   0.8778907724E+01   0.2501333063E+02   0.6382516522E+01   0.1017992069E-07
  3.   90.000   0.2776812979E+01   0.0000000000E+00   0.1464687500E+02   0.8286530782E+02  -0.5838071320E+01   0.9117741001E+01   0.2525680004E+02   0.6378443237E+01   0.1062836602E-07
  3.   90.000   0.2844753899E+01   0.0000000000E+00   0.1471375000E+02   0.8285332021E+02  -0.5800028030E+01   0.9455418600E+01   0.2549819596E+02   0.6372854707E+01   0.1089551001E-07
  3.   90.000   0.2912694818E+01   0.0000000000E+00   0.1478062500E+02   0.8284133259E+02  -0.5758506211E+01   0.9791352018E+01   0.2573654362E+02   0.6364985657E+01   0.1089844244E-07
  3.   90.000   0.2980635738E+01   0.0000000000E+00   0.1484750000E+02   0.8282934497E+02  -0.5716599227E+01   0.1012715687E+02   0.2597473578E+02   0.6357176426E+01   0.1089827354E-07
  3.   90.000   0.3048576658E+01   0.0000000000E+00   0.1491437500E+02   0.8281735735E+02  -0.5660744189E+01   0.1045745839E+02   0.2620841348E+02   0.6347006120E+01   0.1078728856E-07
  3.   90.000   0.3116517578E+01   0.0000000000E+00   0.1498125000E+02   0.8280536974E+02  -0.5604870646E+01   0.1078770937E+02   0.2644201995E+02   0.6336967778E+01   0.1067642544E-07
  3.   90.000   0.3184458498E+01   0.0000000000E+00   0.1504812500E+02   0.8279338212E+02  -0.5548979672E+01   0.1111790140E+02   0.2667555484E+02   0.6327061868E+01   0.1056581622E-07
  3.   90.000   0.3252399418E+01   0.0000000000E+00   0.1511500000E+02   0.8278139450E+02  -0.5481574861E+01   0.1144657555E+02   0.2690591281E+02   0.6316252244E+01   0.1049834019E-07
  3.   90.000   0.3320420560E+01   0.0000000000E+00   0.1518187500E+02   0.8276896027E+02  -0.5413015966E+01   0.1177520520E+02   0.2713625773E+02   0.6304442467E+01   0.1043579019E-07
  3.   90.000   0.3388441702E+01   0.0000000000E+00   0.1524875000E+02   0.8275652604E+02  -0.5344432939E+01   0.1210383659E+02   0.2736655268E+02   0.6292760381E+01   0.1037312488E-07
  3.   90.000   0.3456462844E+01   0.0000000000E+00   0.1531562500E+02   0.8274409180E+02  -0.5275826285E+01   0.1243245808E+02   0.2759679811E+02   0.6281205005E+01   0.1031073213E-07
  3.   90.000   0.3524483986E+01   0.0000000000E+00   0.1538250000E+02   0.8273165757E+02  -0.5188888179E+01   0.1275706996E+02   0.2782394444E+02   0.6273662840E+01   0.1016648343E-07
  3.   90.000   0.3592505128E+01   0.0000000000E+00   0.1544937500E+02   0.8271922334E+02  -0.5100108542E+01   0.1308125209E+02   0.2805073931E+02   0.6266632036E+01   0.1001500881E-07
  3.   90.000   0.3660526270E+01   0.0000000000E+00   0.1551625000E+02   0.8270678911E+02  -0.5011304387E+01   0.1340538758E+02   0.2827748657E+02   0.6259726425E+01   0.9863421685E-08
  3.   90.000   0.3728547412E+01   0.0000000000E+00   0.1558312500E+02   0.8269435487E+02  -0.4922474412E+01   0.1372946347E+02   0.2850418714E+02   0.6252945927E+01   0.9711977221E-08
  3.   90.000   0.3796568554E+01   0.0000000000E+00   0.1565000000E+02   0.8268192064E+02  -0.4833617312E+01   0.1405346680E+02   0.2873084197E+02   0.6246290462E+01   0.9560927046E-08
  3.   90.000   0.3864673058E+01   0.0000000000E+00   0.1571687500E+02   0.8266903818E+02  -0.4720462783E+01   0.1437502228E+02   0.2895676675E+02   0.6250424537E+01   0.9384064600E-08
  3.   90.000   0.3932777562E+01   0.0000000000E+00   0.1578375000E+02   0.8265615572E+02  -0.4604612404E+01   0.1469624440E+02   0.2918252412E+02   0.6255960844E+01   0.9206403216E-08
  3.   90.000   0.4000882066E+01   0.0000000000E+00   0.1585062500E+02   0.8264327326E+02  -0.4488741846E+01   0.1501742560E+02   0.2940823253E+02   0.6261621824E+01   0.9028516310E-08
  3.   90.000   0.4068986569E+01   0.0000000000E+00   0.1591750000E+02   0.8263039080E+02  -0.4372844129E+01   0.1533855072E+02   0.2963389421E+02   0.6267408646E+01   0.8850577394E-08
  3.   90.000   0.4137091073E+01   0.0000000000E+00   0.1598437500E+02   0.8261750833E+02  -0.4256912280E+01   0.1565960456E+02   0.2985951142E+02   0.6273322478E+01   0.8672753245E-08
  3.   90.000   0.4205195577E+01   0.0000000000E+00   0.1605125000E+02   0.8260462587E+02  -0.4140939330E+01   0.1598057197E+02   0.3008508639E+02   0.6279364490E+01   0.8495204024E-08
  3.   90.000   0.4273300081E+01   0.0000000000E+00   0.1611812500E+02   0.8259174341E+02  -0.4008792751E+01   0.1630472470E+02   0.3031121569E+02   0.6303781712E+01   0.8320897276E-08
  3.   90.000   0.4341404584E+01   0.0000000000E+00   0.1618500000E+02   0.8257886095E+02  -0.3866313036E+01   0.1663085544E+02   0.3053768387E+02   0.6339975410E+01   0.8154132084E-08
  3.   90.000   0.4409595623E+01   0.0000000000E+00   0.1625187500E+02   0.8256552858E+02  -0.3724121989E+01   0.1695763114E+02   0.3076444775E+02   0.6375252809E+01   0.7988249494E-08
  3.   90.000   0.4477786662E+01   0.0000000000E+00   0.1631875000E+02   0.8255219621E+02  -0.3581894225E+01   0.1728434135E+02   0.3099116768E+02   0.6410652915E+01   0.7821860964E-08
  3.   90.000   0.4545977700E+01   0.0000000000E+00   0.1638562500E+02   0.8253886384E+02  -0.3439626999E+01   0.1761097001E+02   0.3121784464E+02   0.6446180746E+01   0.7655209887E-08
  3.   90.000   0.4614168739E+01   0.0000000000E+00   0.1645250000E+02   0.8252553146E+02  -0.3297317567E+01   0.1793750106E+02   0.3144447964E+02   0.6481841317E+01   0.7488530277E-08
  3.   90.000   0.4682359777E+01   0.0000000000E+00   0.1651937500E+02   0.8251219909E+02  -0.3154963188E+01   0.1826391847E+02   0.3167107367E+02   0.6517639636E+01   0.7322047402E-08
  3.   90.000   0.4750550816E+01   0.0000000000E+00   0.1658625000E+02   0.8249886672E+02  -0.3012561122E+01   0.1859020618E+02   0.3189762772E+02   0.6553580710E+01   0.7155977219E-08
  3.   90.000   0.4818741855E+01   0.0000000000E+00   0.1665312500E+02   0.8248553435E+02  -0.2841973506E+01   0.1892821918E+02   0.3212984058E+02   0.6618307911E+01   0.7048367672E-08
  3.   90.000   0.4886932893E+01   0.0000000000E+00   0.1672000000E+02   0.8247220198E+02  -0.2659753770E+01   0.1927091877E+02   0.3236436051E+02   0.6694920415E+01   0.6973400285E-08
  3.   90.000   0.4955213674E+01   0.0000000000E+00   0.1678687500E+02   0.8245841795E+02  -0.2477974895E+01   0.1961459722E+02   0.3259913773E+02   0.6770525836E+01   0.6898966923E-08
  3.   90.000   0.5023494455E+01   0.0000000000E+00   0.1685375000E+02   0.8244463393E+02  -0.2296179215E+01   0.1995817543E+02   0.3283386774E+02   0.6846269712E+01   0.6823728676E-08
  3.   90.000   0.5091775235E+01   0.0000000000E+00   0.1692062500E+02   0.8243084990E+02  -0.2114338932E+01   0.2030162948E+02   0.3306855676E+02   0.6922155455E+01   0.6748003251E-08
  3.   90.000   0.5160056016E+01   0.0000000000E+00   0.1698750000E+02   0.8241706588E+02  -0.1932426265E+01   0.2064493544E+02   0.3330321105E+02   0.6998186473E+01   0.6672098756E-08
  3.   90.000   0.5228336797E+01   0.0000000000E+00   0.1705437500E+02   0.8240328185E+02  -0.1750413454E+01   0.2098806939E+02   0.3353783684E+02   0.7074366173E+01   0.6596313395E-08
  3.   90.000   0.5296617577E+01   0.0000000000E+00   0.1712125000E+02   0.8238949782E+02  -0.1568272755E+01   0.2133100745E+02   0.3377244034E+02   0.7150697956E+01   0.6520935971E-08
  3.   90.000   0.5364898358E+01   0.0000000000E+00   0.1718812500E+02   0.8237571380E+02  -0.1385976445E+01   0.2167372574E+02   0.3400702780E+02   0.7227185223E+01   0.6446246016E-08
  3.   90.000   0.5433179138E+01   0.0000000000E+00   0.1725500000E+02   0.8236192977E+02  -0.1203496821E+01   0.2201620040E+02   0.3424160543E+02   0.7303831372E+01   0.6372513266E-08
  3.   90.000   0.5501552906E+01   0.0000000000E+00   0.1732187500E+02   0.8234769227E+02  -0.1025463989E+01   0.2241629181E+02   0.3448483769E+02   0.7462062861E+01   0.6169744831E-08
  3.   90.000   0.5569926673E+01   0.0000000000E+00   0.1738875000E+02   0.8233345477E+02  -0.8482010489E+00   0.2283159227E+02   0.3473039699E+02   0.7642979749E+01   0.5945189784E-08
  3.   90.000   0.5638300441E+01   0.0000000000E+00   0.1745562500E+02   0.8231921727E+02  -0.6707733647E+00   0.2324670792E+02   0.3497594655E+02   0.7824014507E+01   0.5719957894E-08
  3.   90.000   0.5706674208E+01   0.0000000000E+00   0.1752250000E+02   0.8230497977E+02  -0.4932146898E+00   0.2366160905E+02   0.3522147261E+02   0.8005216624E+01   0.5494172102E-08
  3.   90.000   0.5775047975E+01   0.0000000000E+00   0.1758937500E+02   0.8229074226E+02  -0.3155587546E+00   0.2407626595E+02   0.3546696144E+02   0.8186635550E+01   0.5267945799E-08
  3.   90.000   0.5843421743E+01   0.0000000000E+00   0.1765625000E+02   0.8227650476E+02  -0.1378392670E+00   0.2449064894E+02   0.3571239931E+02   0.8368320702E+01   0.5041383087E-08
  3.   90.000   0.5911795510E+01   0.0000000000E+00   0.1772312500E+02   0.8226226726E+02   0.3991008854E-01   0.2490472837E+02   0.3595777251E+02   0.8550321463E+01   0.4814578794E-08
  3.   90.000   0.5980169278E+01   0.0000000000E+00   0.1779000000E+02   0.8224802976E+02   0.2176556507E+00   0.2531847459E+02   0.3620306732E+02   0.8732687177E+01   0.4587618546E-08
  3.   90.000   0.6048639313E+01   0.0000000000E+00   0.1785687500E+02   0.8223333690E+02   0.3950343301E+00   0.2573420898E+02   0.3644875110E+02   0.8913072643E+01   0.4361835684E-08
  3.   90.000   0.6117109349E+01   0.0000000000E+00   0.1792375000E+02   0.8221864404E+02   0.5725216054E+00   0.2614970911E+02   0.3669440226E+02   0.9093658303E+01   0.4136464774E-08
  3.   90.000   0.6185579384E+01   0.0000000000E+00   0.1799062500E+02   0.8220395118E+02   0.7500837916E+00   0.2656494534E+02   0.3694000709E+02   0.9274493540E+01   0.3911564345E-08
  3.   90.000   0.6254049420E+01   0.0000000000E+00   0.1805750000E+02   0.8218925832E+02   0.9276872275E+00   0.2697988802E+02   0.3718555188E+02   0.9455627699E+01   0.3687183999E-08
  3.   90.000   0.6322519455E+01   0.0000000000E+00   0.1812437500E+02   0.8217456546E+02   0.1135428597E+01   0.2738430403E+02   0.3743339341E+02   0.9634214177E+01   0.3469506979E-08
  3.   90.000   0.6390989491E+01   0.0000000000E+00   0.1819125000E+02   0.8215987260E+02   0.1407143246E+01   0.2776664429E+02   0.3768617854E+02   0.9807003347E+01   0.3317042055E-08
  3.   90.000   0.6459459526E+01   0.0000000000E+00   0.1825812500E+02   0.8214517974E+02   0.1679052749E+01   0.2814838337E+02   0.3793887210E+02   0.9980095154E+01   0.3163408152E-08
  3.   90.000   0.6527929561E+01   0.0000000000E+00   0.1832500000E+02   0.8213048688E+02   0.1951267528E+01   0.2852936906E+02   0.3819146611E+02   0.1015345581E+02   0.3008828873E-08
  3.   90.000   0.6596499187E+01   0.0000000000E+00   0.1839187500E+02   0.8211533670E+02   0.2222628823E+01   0.2891385288E+02   0.3844466265E+02   0.1032454900E+02   0.2855133654E-08
  3.   90.000   0.6665068812E+01   0.0000000000E+00   0.1845875000E+02   0.8210018652E+02   0.2493928656E+01   0.2929808879E+02   0.3869778616E+02   0.1049602325E+02   0.2700704791E-08
  3.   90.000   0.6733638438E+01   0.0000000000E+00   0.1852562500E+02   0.8208503634E+02   0.2765277528E+01   0.2968192448E+02   0.3895082865E+02   0.1066784476E+02   0.2545728298E-08
  3.   90.000   0.6802208063E+01   0.0000000000E+00   0.1859250000E+02   0.8206988617E+02   0.3036785857E+01   0.3006520777E+02   0.3920378212E+02   0.1083997974E+02   0.2390377834E-08
  3.   90.000   0.6870777689E+01   0.0000000000E+00   0.1865937500E+02   0.8205473599E+02   0.3308563981E+01   0.3044778659E+02   0.3945663861E+02   0.1101239442E+02   0.2234814924E-08
  3.   90.000   0.6939347314E+01   0.0000000000E+00   0.1872625000E+02   0.8203958581E+02   0.3580722155E+01   0.3082950897E+02   0.3970939014E+02   0.1118505506E+02   0.2079188953E-08
  3.   90.000   0.7007916940E+01   0.0000000000E+00   0.1879312500E+02   0.8202443563E+02   0.3853370549E+01   0.3121022308E+02   0.3996202874E+02   0.1135792795E+02   0.1923637598E-08
  3.   90.000   0.7076486565E+01   0.0000000000E+00   0.1886000000E+02   0.8200928545E+02   0.4126619250E+01   0.3158977720E+02   0.4021454647E+02   0.1153097939E+02   0.1768286854E-08
  3.   90.000   0.7145159144E+01   0.0000000000E+00   0.1892687500E+02   0.8199367592E+02   0.4396946862E+01   0.3197569089E+02   0.4046781896E+02   0.1170238326E+02   0.1614085504E-08
  3.   90.000   0.7213831722E+01   0.0000000000E+00   0.1899375000E+02   0.8197806639E+02   0.4667506542E+01   0.3236095211E+02   0.4072099720E+02   0.1187407838E+02   0.1460104598E-08
  3.   90.000   0.7282504300E+01   0.0000000000E+00   0.1906062500E+02   0.8196245687E+02   0.4938408461E+01   0.3274540900E+02   0.4097407321E+02   0.1204603104E+02   0.1306436073E-08
  3.   90.000   0.7351176878E+01   0.0000000000E+00   0.1912750000E+02   0.8194684734E+02   0.5209762706E+01   0.3312890984E+02   0.4122703903E+02   0.1221820754E+02   0.1153161078E-08
  3.   90.000   0.7419849456E+01   0.0000000000E+00   0.1919437500E+02   0.8193123781E+02   0.5936232882E+01   0.3557118474E+02   0.4221733817E+02   0.1298310038E+02   0.8870305547E-09
  3.   90.000   0.7488522034E+01   0.0000000000E+00   0.1926125000E+02   0.8191562828E+02   0.6893044562E+01   0.3905405122E+02   0.4358044498E+02   0.1404803748E+02   0.5931647336E-09
  3.   90.000   0.7557194612E+01   0.0000000000E+00   0.1932812500E+02   0.8190001876E+02   0.7850638222E+01   0.4253797547E+02   0.4494417175E+02   0.1511425671E+02   0.2987028494E-09
  3.   90.000   0.7625867190E+01   0.0000000000E+00   0.1939500000E+02   0.8188440923E+02   0.8809120848E+01   0.4602412732E+02   0.4630891301E+02   0.1618234118E+02   0.3426094029E-11
  3.   90.000   0.7694646126E+01   0.0000000000E+00   0.1946187500E+02   0.8186833825E+02   0.9762639167E+01   0.4950822856E+02   0.4767112785E+02   0.1724414126E+02  -0.2905454611E-09
  3.   90.000   0.7763425062E+01   0.0000000000E+00   0.1952875000E+02   0.8185226727E+02   0.1071669176E+02   0.5299067908E+02   0.4903304917E+02   0.1830587341E+02  -0.5849070341E-09
  3.   90.000   0.7832203998E+01   0.0000000000E+00   0.1959562500E+02   0.8183619629E+02   0.1167138569E+02   0.5647264963E+02   0.5039507184E+02   0.1936812121E+02  -0.8797852191E-09
  3.   90.000   0.7900982935E+01   0.0000000000E+00   0.1966250000E+02   0.8182012531E+02   0.1262682796E+02   0.5995531005E+02   0.5175759038E+02   0.2043146775E+02  -0.1175276734E-08
  3.   90.000   0.7969761871E+01   0.0000000000E+00   0.1972937500E+02   0.8180405432E+02   0.1358312546E+02   0.6343982928E+02   0.5312099903E+02   0.2149649570E+02  -0.1471448860E-08
  3.   90.000   0.8038540807E+01   0.0000000000E+00   0.1979625000E+02   0.8178798334E+02   0.1454038500E+02   0.6692737529E+02   0.5448569171E+02   0.2256378723E+02  -0.1768340273E-08
  3.   90.000   0.8107319743E+01   0.0000000000E+00   0.1986312500E+02   0.8177191236E+02   0.1549871331E+02   0.7041911515E+02   0.5585206201E+02   0.2363392406E+02  -0.2065961031E-08
  3.   90.000   0.8176098679E+01   0.0000000000E+00   0.1993000000E+02   0.8175584138E+02   0.1645821703E+02   0.7391621499E+02   0.5722050321E+02   0.2470748743E+02  -0.2364293292E-08
  3.   90.000   0.8244987424E+01   0.0000000000E+00   0.1999687500E+02   0.8173930676E+02   0.1741073324E+02   0.7738942302E+02   0.5857904195E+02   0.2576385128E+02  -0.2657883963E-08
  3.   90.000   0.8313876168E+01   0.0000000000E+00   0.2006375000E+02   0.8172277215E+02   0.1836406866E+02   0.8086409568E+02   0.5993833786E+02   0.2682170006E+02  -0.2951298338E-08
  3.   90.000   0.8382764913E+01   0.0000000000E+00   0.2013062500E+02   0.8170623753E+02   0.1931832998E+02   0.8434140004E+02   0.6129878454E+02   0.2788161549E+02  -0.3244438774E-08
  3.   90.000   0.8451653657E+01   0.0000000000E+00   0.2019750000E+02   0.8168970292E+02   0.2027362386E+02   0.8782250220E+02   0.6266077529E+02   0.2894417882E+02  -0.3537182049E-08
  3.   90.000   0.8520542402E+01   0.0000000000E+00   0.2026437500E+02   0.8167316831E+02   0.2123005683E+02   0.9130856734E+02   0.6402470304E+02   0.3000997081E+02  -0.3829379005E-08
  3.   90.000   0.8589431146E+01   0.0000000000E+00   0.2033125000E+02   0.8165663369E+02   0.2218773534E+02   0.9480075965E+02   0.6539096044E+02   0.3107957172E+02  -0.4120854937E-08
  3.   90.000   0.8658319891E+01   0.0000000000E+00   0.2039812500E+02   0.8164009908E+02   0.2314676575E+02   0.9830024233E+02   0.6675993978E+02   0.3215356134E+02  -0.4411410129E-08
  3.   90.000   0.8727208635E+01   0.0000000000E+00   0.2046500000E+02   0.8162356446E+02   0.2410725434E+02   0.1018081776E+03   0.6813203303E+02   0.3323251897E+02  -0.4700819533E-08
  4.    0.000   0.0000000000E+00   0.1190500000E+02   0.0000000000E+00   0.8230000000E+02   0.5991521282E+01   0.1087310756E+03  -0.4753371764E+01  -0.6984814067E-10  -0.2208692249E-01
  4.    0.000   0.6687500000E-01   0.1197187500E+02   0.0000000000E+00   0.8230000000E+02   0.5952952438E+01   0.1076366530E+03  -0.4164977683E+01  -0.6680033303E-10  -0.1398229852E+00
  4.    0.000   0.1337500000E+00   0.1203875000E+02   0.0000000000E+00   0.8230000000E+02   0.5914383594E+01   0.1065422304E+03  -0.3576583595E+01  -0.6305252623E-10  -0.2575590491E+00
  4.    0.000   0.2006250000E+00   0.1210562500E+02   0.0000000000E+00   0.8230000000E+02   0.5875814749E+01   0.1054478078E+03  -0.2988189503E+01  -0.5887849821E-10  -0.3752951141E+00
  4.    0.000   0.2675000000E+00   0.1217250000E+02   0.0000000000E+00   0.8230000000E+02   0.5837245903E+01   0.1043533852E+03  -0.2399795404E+01  -0.5451860279E-10  -0.4930311803E+00
  4.    0.000   0.3343750000E+00   0.1223937500E+02   0.0000000000E+00   0.8230000000E+02   0.5798677058E+01   0.1032589626E+03  -0.1811401300E+01  -0.5018032506E-10  -0.6107672475E+00
  4.    0.000   0.4012500000E+00   0.1230625000E+02   0.0000000000E+00   0.8230000000E+02   0.5760108212E+01   0.1021645400E+03  -0.1223007191E+01  -0.4603904188E-10  -0.7285033159E+00
  4.    0.000   0.4681250000E+00   0.1237312500E+02   0.0000000000E+00   0.8230000000E+02   0.5721539365E+01   0.1010701174E+03  -0.6346130753E+00  -0.4223858242E-10  -0.8462393855E+00
  4.    0.000   0.5350000000E+00   0.1244000000E+02   0.0000000000E+00   0.8230000000E+02   0.5677017991E+01   0.9999240669E+02  -0.5439806418E-01  -0.3799584675E-10  -0.9632987601E+00
  4.    0.000   0.6018750000E+00   0.1250687500E+02   0.0000000000E+00   0.8230000000E+02   0.5581591070E+01   0.9905761557E+02   0.4558698534E+00  -0.4992437638E-10  -0.1074571085E+01
  4.    0.000   0.6687500000E+00   0.1257375000E+02   0.0000000000E+00   0.8230000000E+02   0.5486164149E+01   0.9812282444E+02   0.9661377710E+00  -0.6154563412E-10  -0.1185843411E+01
  4.    0.000   0.7356250000E+00   0.1264062500E+02   0.0000000000E+00   0.8230000000E+02   0.5390737228E+01   0.9718803331E+02   0.1476405689E+01  -0.7302482940E-10  -0.1297115736E+01
  4.    0.000   0.8025000000E+00   0.1270750000E+02   0.0000000000E+00   0.8230000000E+02   0.5295310307E+01   0.9625324219E+02   0.1986673606E+01  -0.8450748915E-10  -0.1408388061E+01
  4.    0.000   0.8693750000E+00   0.1277437500E+02   0.0000000000E+00   0.8230000000E+02   0.5199883386E+01   0.9531845106E+02   0.2496941524E+01  -0.9611973386E-10  -0.1519660386E+01
  4.    0.000   0.9362500000E+00   0.1284125000E+02   0.0000000000E+00   0.8230000000E+02   0.5104456465E+01   0.9438365994E+02   0.3007209441E+01  -0.1079686883E-09  -0.1630932711E+01
  4.    0.000   0.1003125000E+01   0.1290812500E+02   0.0000000000E+00   0.8230000000E+02   0.4982182972E+01   0.9353403655E+02   0.3477519240E+01  -0.1056083381E-09  -0.1730183303E+01
  4.    0.000   0.1070000000E+01   0.1297500000E+02   0.0000000000E+00   0.8230000000E+02   0.4853901999E+01   0.9270347122E+02   0.3938887577E+01  -0.1010170765E-09  -0.1826743781E+01
  4.    0.000   0.1136875000E+01   0.1304187500E+02   0.0000000000E+00   0.8230000000E+02   0.4725621027E+01   0.9187290589E+02   0.4400255915E+01  -0.9635790881E-10  -0.1923304260E+01
  4.    0.000   0.1203750000E+01   0.1310875000E+02   0.0000000000E+00   0.8230000000E+02   0.4597340054E+01   0.9104234056E+02   0.4861624252E+01  -0.9173771706E-10  -0.2019864738E+01
  4.    0.000   0.1270625000E+01   0.1317562500E+02   0.0000000000E+00   0.8230000000E+02   0.4469059082E+01   0.9021177523E+02   0.5322992590E+01  -0.8724900869E-10  -0.2116425217E+01
  4.    0.000   0.1337500000E+01   0.1324250000E+02   0.0000000000E+00   0.8230000000E+02   0.4326815563E+01   0.8943816553E+02   0.5756249474E+01  -0.1074646420E-09  -0.2201047446E+01
  4.    0.000   0.1404375000E+01   0.1330937500E+02   0.0000000000E+00   0.8230000000E+02   0.4181296213E+01   0.8867791848E+02   0.6182910995E+01  -0.1338328237E-09  -0.2282868781E+01
  4.    0.000   0.1471250000E+01   0.1337625000E+02   0.0000000000E+00   0.8230000000E+02   0.4035776857E+01   0.8791767140E+02   0.6609572533E+01  -0.1601910228E-09  -0.2364690120E+01
  4.    0.000   0.1538125000E+01   0.1344312500E+02   0.0000000000E+00   0.8230000000E+02   0.3890257495E+01   0.8715742428E+02   0.7036234086E+01  -0.1866202120E-09  -0.2446511462E+01
  4.    0.000   0.1605000000E+01   0.1351000000E+02   0.0000000000E+00   0.8230000000E+02   0.3734997040E+01   0.8644725348E+02   0.7437560969E+01  -0.1890520711E-09  -0.2516870640E+01
  4.    0.000   0.1671875000E+01   0.1357687500E+02   0.0000000000E+00   0.8230000000E+02   0.3577633400E+01   0.8574789464E+02   0.7833417849E+01  -0.1864649107E-09  -0.2584755031E+01
  4.    0.000   0.1738750000E+01   0.1364375000E+02   0.0000000000E+00   0.8230000000E+02   0.3420269766E+01   0.8504853582E+02   0.8229274715E+01  -0.1838704443E-09  -0.2652639419E+01
  4.    0.000   0.1805625000E+01   0.1371062500E+02   0.0000000000E+00   0.8230000000E+02   0.3262906137E+01   0.8434917704E+02   0.8625131567E+01  -0.1813356312E-09  -0.2720523804E+01
  4.    0.000   0.1872500000E+01   0.1377750000E+02   0.0000000000E+00   0.8230000000E+02   0.3100276756E+01   0.8369446657E+02   0.8997173014E+01  -0.1677621977E-09  -0.2775846032E+01
  4.    0.000   0.1939375000E+01   0.1384437500E+02   0.0000000000E+00   0.8230000000E+02   0.2936606012E+01   0.8304858581E+02   0.9364504700E+01  -0.1521382831E-09  -0.2828683953E+01
  4.    0.000   0.2006250000E+01   0.1391125000E+02   0.0000000000E+00   0.8230000000E+02   0.2772935269E+01   0.8240270505E+02   0.9731836385E+01  -0.1365091137E-09  -0.2881521873E+01
  4.    0.000   0.2073125000E+01   0.1397812500E+02   0.0000000000E+00   0.8230000000E+02   0.2609264525E+01   0.8175682428E+02   0.1009916807E+02  -0.1209292595E-09  -0.2934359794E+01
  4.    0.000   0.2140000000E+01   0.1404500000E+02   0.0000000000E+00   0.8230000000E+02   0.2443801408E+01   0.8115174995E+02   0.1044371768E+02  -0.1375192524E-09  -0.2975130751E+01
  4.    0.000   0.2206875000E+01   0.1411187500E+02   0.0000000000E+00   0.8230000000E+02   0.2278015395E+01   0.8055402674E+02   0.1078416317E+02  -0.1600112232E-09  -0.3013727883E+01
  4.    0.000   0.2273750000E+01   0.1417875000E+02   0.0000000000E+00   0.8230000000E+02   0.2112229375E+01   0.7995630352E+02   0.1112460868E+02  -0.1824995482E-09  -0.3052325016E+01
  4.    0.000   0.2340625000E+01   0.1424562500E+02   0.0000000000E+00   0.8230000000E+02   0.1946443350E+01   0.7935858027E+02   0.1146505420E+02  -0.2050278719E-09  -0.3090922151E+01
  4.    0.000   0.2407500000E+01   0.1431250000E+02   0.0000000000E+00   0.8230000000E+02   0.1781188369E+01   0.7879896396E+02   0.1178432332E+02  -0.1992725867E-09  -0.3117920840E+01
  4.    0.000   0.2474375000E+01   0.1437937500E+02   0.0000000000E+00   0.8230000000E+02   0.1616019978E+01   0.7824556076E+02   0.1210013975E+02  -0.1889901678E-09  -0.3143028477E+01
  4.    0.000   0.2541250000E+01   0.1444625000E+02   0.0000000000E+00   0.8230000000E+02   0.1450851593E+01   0.7769215758E+02   0.1241595617E+02  -0.1787053105E-09  -0.3168136114E+01
  4.    0.000   0.2608125000E+01   0.1451312500E+02   0.0000000000E+00   0.8230000000E+02   0.1285683215E+01   0.7713875442E+02   0.1273177259E+02  -0.1684521277E-09  -0.3193243749E+01
  4.    0.000   0.2675000000E+01   0.1458000000E+02   0.0000000000E+00   0.8230000000E+02   0.1123077912E+01   0.7662118236E+02   0.1302782274E+02  -0.1633513063E-09  -0.3206930531E+01
  4.    0.000   0.2741875000E+01   0.1464687500E+02   0.0000000000E+00   0.8230000000E+02   0.9608479157E+00   0.7610885700E+02   0.1332097856E+02  -0.1590700277E-09  -0.3218944974E+01
  4.    0.000   0.2808750000E+01   0.1471375000E+02   0.0000000000E+00   0.8230000000E+02   0.7986179197E+00   0.7559653164E+02   0.1361413437E+02  -0.1547872152E-09  -0.3230959416E+01
  4.    0.000   0.2875625000E+01   0.1478062500E+02   0.0000000000E+00   0.8230000000E+02   0.6363879238E+00   0.7508420627E+02   0.1390729018E+02  -0.1505286494E-09  -0.3242973858E+01
  4.    0.000   0.2942500000E+01   0.1484750000E+02   0.0000000000E+00   0.8230000000E+02   0.4813195063E+00   0.7460676808E+02   0.1418324955E+02  -0.1538436371E-09  -0.3244087483E+01
  4.    0.000   0.3009375000E+01   0.1491437500E+02   0.0000000000E+00   0.8230000000E+02   0.3271841055E+00   0.7413387503E+02   0.1445696855E+02  -0.1581939756E-09  -0.3243780931E+01
  4.    0.000   0.3076250000E+01   0.1498125000E+02   0.0000000000E+00   0.8230000000E+02   0.1730486989E+00   0.7366098196E+02   0.1473068757E+02  -0.1625433949E-09  -0.3243474380E+01
  4.    0.000   0.3143125000E+01   0.1504812500E+02   0.0000000000E+00   0.8230000000E+02   0.1891328647E-01   0.7318808887E+02   0.1500440659E+02  -0.1669104966E-09  -0.3243167828E+01
  4.    0.000   0.3210000000E+01   0.1511500000E+02   0.0000000000E+00   0.8230000000E+02  -0.1311442757E+00   0.7274596083E+02   0.1526128763E+02  -0.1714100085E-09  -0.3232866652E+01
  4.    0.000   0.3276875000E+01   0.1518187500E+02   0.0000000000E+00   0.8230000000E+02  -0.2807345785E+00   0.7230735797E+02   0.1551623932E+02  -0.1759593976E-09  -0.3221420259E+01
  4.    0.000   0.3343750000E+01   0.1524875000E+02   0.0000000000E+00   0.8230000000E+02  -0.4303248757E+00   0.7186875513E+02   0.1577119099E+02  -0.1805082878E-09  -0.3209973867E+01
  4.    0.000   0.3410625000E+01   0.1531562500E+02   0.0000000000E+00   0.8230000000E+02  -0.5799151673E+00   0.7143015230E+02   0.1602614266E+02  -0.1850694093E-09  -0.3198527475E+01
  4.    0.000   0.3477500000E+01   0.1538250000E+02   0.0000000000E+00   0.8230000000E+02  -0.7168421449E+00   0.7102583959E+02   0.1626502459E+02  -0.1822605638E-09  -0.3176688762E+01
  4.    0.000   0.3544375000E+01   0.1544937500E+02   0.0000000000E+00   0.8230000000E+02  -0.8525114641E+00   0.7062493242E+02   0.1650231055E+02  -0.1787523600E-09  -0.3153817934E+01
  4.    0.000   0.3611250000E+01   0.1551625000E+02   0.0000000000E+00   0.8230000000E+02  -0.9881807834E+00   0.7022402524E+02   0.1673959651E+02  -0.1752385104E-09  -0.3130947106E+01
  4.    0.000   0.3678125000E+01   0.1558312500E+02   0.0000000000E+00   0.8230000000E+02  -0.1123850103E+01   0.6982311806E+02   0.1697688247E+02  -0.1717284894E-09  -0.3108076278E+01
  4.    0.000   0.3745000000E+01   0.1565000000E+02   0.0000000000E+00   0.8230000000E+02  -0.1259519422E+01   0.6942221089E+02   0.1721416843E+02  -0.1682274612E-09  -0.3085205450E+01
  4.    0.000   0.3811875000E+01   0.1571687500E+02   0.0000000000E+00   0.8230000000E+02  -0.1379537231E+01   0.6906047757E+02   0.1743309381E+02  -0.1664022857E-09  -0.3050296882E+01
  4.    0.000   0.3878750000E+01   0.1578375000E+02   0.0000000000E+00   0.8230000000E+02  -0.1497839738E+01   0.6870303745E+02   0.1765000700E+02  -0.1647998659E-09  -0.3014069058E+01
  4.    0.000   0.3945625000E+01   0.1585062500E+02   0.0000000000E+00   0.8230000000E+02  -0.1616142243E+01   0.6834559734E+02   0.1786692018E+02  -0.1631906107E-09  -0.2977841235E+01
  4.    0.000   0.4012500000E+01   0.1591750000E+02   0.0000000000E+00   0.8230000000E+02  -0.1734444746E+01   0.6798815723E+02   0.1808383335E+02  -0.1615804862E-09  -0.2941613413E+01
  4.    0.000   0.4079375000E+01   0.1598437500E+02   0.0000000000E+00   0.8230000000E+02  -0.1852747247E+01   0.6763071713E+02   0.1830074652E+02  -0.1599721612E-09  -0.2905385591E+01
  4.    0.000   0.4146250000E+01   0.1605125000E+02   0.0000000000E+00   0.8230000000E+02  -0.1971049747E+01   0.6727327704E+02   0.1851765969E+02  -0.1583650766E-09  -0.2869157770E+01
  4.    0.000   0.4213125000E+01   0.1611812500E+02   0.0000000000E+00   0.8230000000E+02  -0.2073284123E+01   0.6694649075E+02   0.1872143136E+02  -0.1558277803E-09  -0.2824130833E+01
  4.    0.000   0.4280000000E+01   0.1618500000E+02   0.0000000000E+00   0.8230000000E+02  -0.2165269198E+01   0.6663925748E+02   0.1891682052E+02  -0.1527200952E-09  -0.2773491243E+01
  4.    0.000   0.4346875000E+01   0.1625187500E+02   0.0000000000E+00   0.8230000000E+02  -0.2257254273E+01   0.6633202420E+02   0.1911220967E+02  -0.1496090041E-09  -0.2722851654E+01
  4.    0.000   0.4413750000E+01   0.1631875000E+02   0.0000000000E+00   0.8230000000E+02  -0.2349239347E+01   0.6602479093E+02   0.1930759883E+02  -0.1464972480E-09  -0.2672212064E+01
  4.    0.000   0.4480625000E+01   0.1638562500E+02   0.0000000000E+00   0.8230000000E+02  -0.2441224422E+01   0.6571755765E+02   0.1950298799E+02  -0.1433854782E-09  -0.2621572474E+01
  4.    0.000   0.4547500000E+01   0.1645250000E+02   0.0000000000E+00   0.8230000000E+02  -0.2533209496E+01   0.6541032438E+02   0.1969837714E+02  -0.1402722989E-09  -0.2570932885E+01
  4.    0.000   0.4614375000E+01   0.1651937500E+02   0.0000000000E+00   0.8230000000E+02  -0.2625194571E+01   0.6510309111E+02   0.1989376630E+02  -0.1371543074E-09  -0.2520293295E+01
  4.    0.000   0.4681250000E+01   0.1658625000E+02   0.0000000000E+00   0.8230000000E+02  -0.2717179646E+01   0.6479585783E+02   0.2008915546E+02  -0.1340261409E-09  -0.2469653706E+01
  4.    0.000   0.4748125000E+01   0.1665312500E+02   0.0000000000E+00   0.8230000000E+02  -0.2779659847E+01   0.6453030586E+02   0.2026983660E+02  -0.1292928582E-09  -0.2408525470E+01
  4.    0.000   0.4815000000E+01   0.1672000000E+02   0.0000000000E+00   0.8230000000E+02  -0.2830049769E+01   0.6428183374E+02   0.2044449080E+02  -0.1237947490E-09  -0.2343099278E+01
  4.    0.000   0.4881875000E+01   0.1678687500E+02   0.0000000000E+00   0.8230000000E+02  -0.2880439691E+01   0.6403336162E+02   0.2061914501E+02  -0.1183040993E-09  -0.2277673086E+01
  4.    0.000   0.4948750000E+01   0.1685375000E+02   0.0000000000E+00   0.8230000000E+02  -0.2930829614E+01   0.6378488950E+02   0.2079379921E+02  -0.1128194617E-09  -0.2212246894E+01
  4.    0.000   0.5015625000E+01   0.1692062500E+02   0.0000000000E+00   0.8230000000E+02  -0.2981219536E+01   0.6353641737E+02   0.2096845342E+02  -0.1073385063E-09  -0.2146820702E+01
  4.    0.000   0.5082500000E+01   0.1698750000E+02   0.0000000000E+00   0.8230000000E+02  -0.3031609458E+01   0.6328794525E+02   0.2114310762E+02  -0.1018580366E-09  -0.2081394511E+01
  4.    0.000   0.5149375000E+01   0.1705437500E+02   0.0000000000E+00   0.8230000000E+02  -0.3081999381E+01   0.6303947313E+02   0.2131776183E+02  -0.9637401506E-10  -0.2015968319E+01
  4.    0.000   0.5216250000E+01   0.1712125000E+02   0.0000000000E+00   0.8230000000E+02  -0.3132389303E+01   0.6279100101E+02   0.2149241603E+02  -0.9088157454E-10  -0.1950542127E+01
  4.    0.000   0.5283125000E+01   0.1718812500E+02   0.0000000000E+00   0.8230000000E+02  -0.3182779225E+01   0.6254252888E+02   0.2166707024E+02  -0.8537503608E-10  -0.1885115935E+01
  4.    0.000   0.5350000000E+01   0.1725500000E+02   0.0000000000E+00   0.8230000000E+02  -0.3233169147E+01   0.6229405676E+02   0.2184172444E+02  -0.7984794203E-10  -0.1819689743E+01
  4.    0.000   0.5416875000E+01   0.1732187500E+02   0.0000000000E+00   0.8230000000E+02  -0.3236707868E+01   0.6209874238E+02   0.2200058494E+02  -0.7330669179E-10  -0.1744646334E+01
  4.    0.000   0.5483750000E+01   0.1738875000E+02   0.0000000000E+00   0.8230000000E+02  -0.3227433990E+01   0.6191796526E+02   0.2215512626E+02  -0.6616896135E-10  -0.1666972863E+01
  4.    0.000   0.5550625000E+01   0.1745562500E+02   0.0000000000E+00   0.8230000000E+02  -0.3218160112E+01   0.6173718815E+02   0.2230966759E+02  -0.5905141870E-10  -0.1589299392E+01
  4.    0.000   0.5617500000E+01   0.1752250000E+02   0.0000000000E+00   0.8230000000E+02  -0.3208886233E+01   0.6155641104E+02   0.2246420891E+02  -0.5194876318E-10  -0.1511625921E+01
  4.    0.000   0.5684375000E+01   0.1758937500E+02   0.0000000000E+00   0.8230000000E+02  -0.3199612355E+01   0.6137563393E+02   0.2261875024E+02  -0.4485609286E-10  -0.1433952450E+01
  4.    0.000   0.5751250000E+01   0.1765625000E+02   0.0000000000E+00   0.8230000000E+02  -0.3190338476E+01   0.6119485682E+02   0.2277329157E+02  -0.3776889593E-10  -0.1356278979E+01
  4.    0.000   0.5818125000E+01   0.1772312500E+02   0.0000000000E+00   0.8230000000E+02  -0.3181064598E+01   0.6101407970E+02   0.2292783289E+02  -0.3068304757E-10  -0.1278605508E+01
  4.    0.000   0.5885000000E+01   0.1779000000E+02   0.0000000000E+00   0.8230000000E+02  -0.3171790719E+01   0.6083330259E+02   0.2308237422E+02  -0.2359480572E-10  -0.1200932037E+01
  4.    0.000   0.5951875000E+01   0.1785687500E+02   0.0000000000E+00   0.8230000000E+02  -0.3162516841E+01   0.6065252548E+02   0.2323691554E+02  -0.1650080064E-10  -0.1123258566E+01
  4.    0.000   0.6018750000E+01   0.1792375000E+02   0.0000000000E+00   0.8230000000E+02  -0.3153242963E+01   0.6047174837E+02   0.2339145687E+02  -0.9398040847E-11  -0.1045585095E+01
  4.    0.000   0.6085625000E+01   0.1799062500E+02   0.0000000000E+00   0.8230000000E+02  -0.3143969084E+01   0.6029097126E+02   0.2354599819E+02  -0.2283894677E-11  -0.9679116244E+00
  4.    0.000   0.6152500000E+01   0.1805750000E+02   0.0000000000E+00   0.8230000000E+02  -0.3134695206E+01   0.6011019415E+02   0.2370053952E+02   0.4843905892E-11  -0.8902381534E+00
  4.    0.000   0.6219375000E+01   0.1812437500E+02   0.0000000000E+00   0.8230000000E+02  -0.3089247750E+01   0.5995632837E+02   0.2384579461E+02   0.1066920660E-10  -0.8114380248E+00
  4.    0.000   0.6286250000E+01   0.1819125000E+02   0.0000000000E+00   0.8230000000E+02  -0.2967077994E+01   0.5985954015E+02   0.2397135409E+02   0.1480701496E-10  -0.7302483130E+00
  4.    0.000   0.6353125000E+01   0.1825812500E+02   0.0000000000E+00   0.8230000000E+02  -0.2844908238E+01   0.5976275194E+02   0.2409691357E+02   0.1892619950E-10  -0.6490586010E+00
  4.    0.000   0.6420000000E+01   0.1832500000E+02   0.0000000000E+00   0.8230000000E+02  -0.2722738482E+01   0.5966596372E+02   0.2422247305E+02   0.2302970646E-10  -0.5678688888E+00
  4.    0.000   0.6486875000E+01   0.1839187500E+02   0.0000000000E+00   0.8230000000E+02  -0.2600568726E+01   0.5956917551E+02   0.2434803253E+02   0.2712047100E-10  -0.4866791764E+00
  4.    0.000   0.6553750000E+01   0.1845875000E+02   0.0000000000E+00   0.8230000000E+02  -0.2478398969E+01   0.5947238729E+02   0.2447359201E+02   0.3120141605E-10  -0.4054894638E+00
  4.    0.000   0.6620625000E+01   0.1852562500E+02   0.0000000000E+00   0.8230000000E+02  -0.2356229212E+01   0.5937559908E+02   0.2459915149E+02   0.3527545109E-10  -0.3242997511E+00
  4.    0.000   0.6687500000E+01   0.1859250000E+02   0.0000000000E+00   0.8230000000E+02  -0.2234059455E+01   0.5927881086E+02   0.2472471097E+02   0.3934547101E-10  -0.2431100381E+00
  4.    0.000   0.6754375000E+01   0.1865937500E+02   0.0000000000E+00   0.8230000000E+02  -0.2111889697E+01   0.5918202264E+02   0.2485027045E+02   0.4341435644E-10  -0.1619203249E+00
  4.    0.000   0.6821250000E+01   0.1872625000E+02   0.0000000000E+00   0.8230000000E+02  -0.1989719939E+01   0.5908523443E+02   0.2497582993E+02   0.4748496782E-10  -0.8073061151E-01
  4.    0.000   0.6888125000E+01   0.1879312500E+02   0.0000000000E+00   0.8230000000E+02  -0.1867550181E+01   0.5898844621E+02   0.2510138941E+02   0.5156015049E-10   0.4591020685E-03
  4.    0.000   0.6955000000E+01   0.1886000000E+02   0.0000000000E+00   0.8230000000E+02  -0.1745380422E+01   0.5889165799E+02   0.2522694889E+02   0.5564272954E-10   0.8164881584E-01
  4.    0.000   0.7021875000E+01   0.1892687500E+02   0.0000000000E+00   0.8230000000E+02  -0.1623210664E+01   0.5879486978E+02   0.2535250837E+02   0.5973551012E-10   0.1628385298E+00
  4.    0.000   0.7088750000E+01   0.1899375000E+02   0.0000000000E+00   0.8230000000E+02  -0.1501040904E+01   0.5869808156E+02   0.2547806785E+02   0.6384127540E-10   0.2440282440E+00
  4.    0.000   0.7155625000E+01   0.1906062500E+02   0.0000000000E+00   0.8230000000E+02  -0.1378871145E+01   0.5860129334E+02   0.2560362733E+02   0.6796278454E-10   0.3252179584E+00
  4.    0.000   0.7222500000E+01   0.1912750000E+02   0.0000000000E+00   0.8230000000E+02  -0.1256701385E+01   0.5850450512E+02   0.2572918681E+02   0.7210277699E-10   0.4064076729E+00
  4.    0.000   0.7289375000E+01   0.1919437500E+02   0.0000000000E+00   0.8230000000E+02  -0.1087123660E+01   0.5845379615E+02   0.2582219738E+02   0.7121729364E-10   0.4098745173E+00
  4.    0.000   0.7356250000E+01   0.1926125000E+02   0.0000000000E+00   0.8230000000E+02  -0.8935926322E+00   0.5842636912E+02   0.2589876232E+02   0.6866733338E-10   0.3740711811E+00
  4.    0.000   0.7423125000E+01   0.1932812500E+02   0.0000000000E+00   0.8230000000E+02  -0.7000616042E+00   0.5839894209E+02   0.2597532726E+02   0.6607312005E-10   0.3382678448E+00
  4.    0.000   0.7490000000E+01   0.1939500000E+02   0.0000000000E+00   0.8230000000E+02  -0.5065305759E+00   0.5837151507E+02   0.2605189220E+02   0.6344683489E-10   0.3024645085E+00
  4.    0.000   0.7556875000E+01   0.1946187500E+02   0.0000000000E+00   0.8230000000E+02  -0.3129995474E+00   0.5834408804E+02   0.2612845714E+02   0.6079870337E-10   0.2666611721E+00
  4.    0.000   0.7623750000E+01   0.1952875000E+02   0.0000000000E+00   0.8230000000E+02  -0.1194685186E+00   0.5831666102E+02   0.2620502208E+02   0.5813702041E-10   0.2308578356E+00
  4.    0.000   0.7690625000E+01   0.1959562500E+02   0.0000000000E+00   0.8230000000E+02   0.7406251059E-01   0.5828923399E+02   0.2628158702E+02   0.5546817847E-10   0.1950544991E+00
  4.    0.000   0.7757500000E+01   0.1966250000E+02   0.0000000000E+00   0.8230000000E+02   0.2675935400E+00   0.5826180696E+02   0.2635815196E+02   0.5279669561E-10   0.1592511626E+00
  4.    0.000   0.7824375000E+01   0.1972937500E+02   0.0000000000E+00   0.8230000000E+02   0.4611245698E+00   0.5823437994E+02   0.2643471689E+02   0.5012524262E-10   0.1234478260E+00
  4.    0.000   0.7891250000E+01   0.1979625000E+02   0.0000000000E+00   0.8230000000E+02   0.6546555998E+00   0.5820695291E+02   0.2651128183E+02   0.4745467460E-10   0.8764448932E-01
  4.    0.000   0.7958125000E+01   0.1986312500E+02   0.0000000000E+00   0.8230000000E+02   0.8481866301E+00   0.5817952588E+02   0.2658784677E+02   0.4478405651E-10   0.5184115261E-01
  4.    0.000   0.8025000000E+01   0.1993000000E+02   0.0000000000E+00   0.8230000000E+02   0.1041717661E+01   0.5815209886E+02   0.2666441171E+02   0.4211069639E-10   0.1603781584E-01
  4.    0.000   0.8091875000E+01   0.1999687500E+02   0.0000000000E+00   0.8230000000E+02   0.1235248692E+01   0.5812467183E+02   0.2674097665E+02   0.3943017712E-10  -0.1976552098E-01
  4.    0.000   0.8158750000E+01   0.2006375000E+02   0.0000000000E+00   0.8230000000E+02   0.1428779723E+01   0.5809724480E+02   0.2681754159E+02   0.3673638697E-10  -0.5556885786E-01
  4.    0.000   0.8225625000E+01   0.2013062500E+02   0.0000000000E+00   0.8230000000E+02   0.1622310754E+01   0.5806981778E+02   0.2689410653E+02   0.3402154517E-10  -0.9137219479E-01
  4.    0.000   0.8292500000E+01   0.2019750000E+02   0.0000000000E+00   0.8230000000E+02   0.1815841786E+01   0.5804239075E+02   0.2697067147E+02   0.3127624812E-10  -0.1271755318E+00
  4.    0.000   0.8359375000E+01   0.2026437500E+02   0.0000000000E+00   0.8230000000E+02   0.2009372818E+01   0.5801496372E+02   0.2704723641E+02   0.2848948974E-10  -0.1629788688E+00
  4.    0.000   0.8426250000E+01   0.2033125000E+02   0.0000000000E+00   0.8230000000E+02   0.2202903851E+01   0.5798753670E+02   0.2712380135E+02   0.2564869821E-10  -0.1987822059E+00
  4.    0.000   0.8493125000E+01   0.2039812500E+02   0.0000000000E+00   0.8230000000E+02   0.2396434883E+01   0.5796010967E+02   0.2720036629E+02   0.2273978023E-10  -0.2345855431E+00
  4.    0.000   0.8560000000E+01   0.2046500000E+02   0.0000000000E+00   0.8230000000E+02   0.2589965916E+01   0.5793268264E+02   0.2727693123E+02   0.1974714536E-10  -0.2703888803E+00
