# digitalmodel weldolet_crack far-field hoop check (uncracked)
# units: length=mm force=N stress=MPa
# columns: node r SRR SHH SAA (CS 11)
   570803.   0.7704000000E+02  -0.4884326458E+01   0.5388586998E+02   0.2445943069E+02
   570809.   0.7792875000E+02  -0.4884326458E+01   0.5388586998E+02   0.2445943069E+02
   570804.   0.7881750000E+02  -0.3574494898E+01   0.5241149330E+02   0.2440791512E+02
   570813.   0.7970625000E+02  -0.3574494898E+01   0.5241149330E+02   0.2440791512E+02
   570810.   0.8059500000E+02  -0.2357057571E+01   0.5103015137E+02   0.2435657644E+02
   570817.   0.8128375000E+02  -0.2357057571E+01   0.5103015137E+02   0.2435657644E+02
   570814.   0.8197250000E+02  -0.1469568253E+01   0.5001896000E+02   0.2431779575E+02
   570821.   0.8266125000E+02  -0.1469568253E+01   0.5001896000E+02   0.2431779575E+02
   570818.   0.8335000000E+02  -0.6272555590E+00   0.4905604362E+02   0.2427996731E+02
   570825.   0.8348333333E+02  -0.6272555590E+00   0.4905604362E+02   0.2427996731E+02
   570822.   0.8361666667E+02  -0.4709389657E+00   0.4887549877E+02   0.2427238369E+02
   570829.   0.8375000000E+02  -0.4709389657E+00   0.4887549877E+02   0.2427238369E+02
   570826.   0.8388333333E+02  -0.3138897270E+00   0.4869596291E+02   0.2426532269E+02
   570833.   0.8401666667E+02  -0.3138897270E+00   0.4869596291E+02   0.2426532269E+02
   570830.   0.8415000000E+02  -0.1583882049E+00   0.4851808357E+02   0.2425829506E+02
