# digitalmodel weldolet_crack start-node SIFS audit
# units: K=MPa*sqrt(mm); A = CINT 1 (starts at node 1), B = CINT 3 (starts at node 2)
# sign_factors  -1.0   1.0
# columns: node contour K1A K2A K3A K1B K2B K3B
      1.   1.   0.3191178960E+02   0.1016311640E+02   0.3280764279E-01   0.3143421648E+02  -0.9917872661E+01   0.1067319554E-08
      1.   2.   0.4109157793E+02   0.1310019239E+02  -0.1748013236E-01   0.4087738519E+02  -0.1313062739E+02   0.5770142103E-09
      1.   3.   0.4193904862E+02   0.1347993881E+02  -0.3941055298E-01   0.4185158826E+02  -0.1336373034E+02   0.4545353198E-10
      1.   4.   0.4194031031E+02   0.1353404939E+02  -0.7783195924E-01   0.4184824582E+02  -0.1362313092E+02  -0.2752317019E-09
      1.   5.   0.4194382924E+02   0.1364658794E+02  -0.1223027476E+00   0.4184874881E+02  -0.1362995831E+02  -0.2323520961E-09
      1.   6.   0.4194435622E+02   0.1365268373E+02  -0.1583288486E+00   0.4185009792E+02  -0.1366452407E+02  -0.8270619735E-10
      2.   1.   0.3116229204E+02   0.9957030803E+01   0.8500965032E-01   0.3168328775E+02  -0.1020199772E+02   0.4764444816E-01
      2.   2.   0.4050296192E+02   0.1311800087E+02   0.1059770189E+00   0.4070774901E+02  -0.1312250498E+02   0.1234246269E+00
      2.   3.   0.4145894676E+02   0.1338375684E+02   0.1136702053E+00   0.4154458179E+02  -0.1350366326E+02   0.1503023849E+00
      2.   4.   0.4145559122E+02   0.1364334090E+02   0.1054856735E+00   0.4154527913E+02  -0.1354946889E+02   0.1856564127E+00
      2.   5.   0.4145608625E+02   0.1364996426E+02   0.1073506597E+00   0.4154938645E+02  -0.1367236227E+02   0.2217713776E+00
      2.   6.   0.4145747508E+02   0.1367603657E+02   0.9039460760E-01   0.4154990134E+02  -0.1367985974E+02   0.2588820507E+00
      3.   1.   0.3032066137E+02   0.1006854843E+02   0.1657767111E+00   0.3032066137E+02  -0.1006854843E+02   0.1657767111E+00
      3.   2.   0.3936718639E+02   0.1317808574E+02   0.2139698502E+00   0.3936718639E+02  -0.1317808574E+02   0.2139698502E+00
      3.   3.   0.4029386039E+02   0.1344266936E+02   0.2290993639E+00   0.4029386039E+02  -0.1344266936E+02   0.2290993639E+00
      3.   4.   0.4029043608E+02   0.1370285840E+02   0.2129339573E+00   0.4029043608E+02  -0.1370285840E+02   0.2129339573E+00
      3.   5.   0.4029122778E+02   0.1371610106E+02   0.2146741754E+00   0.4029122778E+02  -0.1371610106E+02   0.2146741754E+00
      3.   6.   0.4029212660E+02   0.1373484775E+02   0.1842588750E+00   0.4029212660E+02  -0.1373484775E+02   0.1842588750E+00
