# digitalmodel weldolet_crack start-node SIFS audit
# units: K=MPa*sqrt(mm); A = CINT 1 (starts at node 1), B = CINT 3 (starts at node 2)
# sign_factors  -1.0   1.0
# columns: node contour K1A K2A K3A K1B K2B K3B
      1.   1.   0.3599764722E+02   0.1136862514E+02   0.2277342060E-01   0.3666146665E+02  -0.1155024843E+02  -0.1581521386E-08
      1.   2.   0.4258360538E+02   0.1340484954E+02   0.3101314928E-01   0.4230199151E+02  -0.1329414649E+02   0.1307009355E-08
      1.   3.   0.4266141641E+02   0.1349614485E+02   0.5340630267E-02   0.4238249816E+02  -0.1361038791E+02   0.7820439535E-09
      1.   4.   0.4266723866E+02   0.1363597085E+02  -0.1814054999E-01   0.4238447607E+02  -0.1363478334E+02   0.9995313554E-09
      1.   5.   0.4266786586E+02   0.1364884613E+02  -0.3737043536E-01   0.4238536120E+02  -0.1365983713E+02   0.1081696982E-08
      1.   6.   0.4266823451E+02   0.1366164853E+02  -0.4006454167E-01   0.4238550375E+02  -0.1366183056E+02   0.6378717261E-09
      2.   1.   0.3657699198E+02   0.1155383217E+02   0.5064711735E-01   0.3591726827E+02  -0.1137324699E+02   0.2693058377E-01
      2.   2.   0.4220370481E+02   0.1329891785E+02   0.6019426122E-01   0.4248477595E+02  -0.1341111939E+02   0.2846064397E-01
      2.   3.   0.4228394869E+02   0.1361516764E+02   0.5861070494E-01   0.4256241070E+02  -0.1350166302E+02   0.5519611815E-01
      2.   4.   0.4228592433E+02   0.1363956338E+02   0.5870714040E-01   0.4256831438E+02  -0.1364182499E+02   0.7724717140E-01
      2.   5.   0.4228681060E+02   0.1366461754E+02   0.5854906552E-01   0.4256896028E+02  -0.1365498529E+02   0.9651561880E-01
      2.   6.   0.4228695276E+02   0.1366659170E+02   0.5871315724E-01   0.4256934274E+02  -0.1366793694E+02   0.9911525662E-01
      3.   1.   0.3632425665E+02   0.1156460582E+02   0.1002881538E+00   0.3632425665E+02  -0.1156460582E+02   0.1002881538E+00
      3.   2.   0.4190964125E+02   0.1331328482E+02   0.1192012836E+00   0.4190964125E+02  -0.1331328482E+02   0.1192012836E+00
      3.   3.   0.4198910491E+02   0.1362956618E+02   0.1160444764E+00   0.4198910491E+02  -0.1362956618E+02   0.1160444764E+00
      3.   4.   0.4199107385E+02   0.1365396324E+02   0.1162300203E+00   0.4199107385E+02  -0.1365396324E+02   0.1162300203E+00
      3.   5.   0.4199196355E+02   0.1367901885E+02   0.1159092821E+00   0.4199196355E+02  -0.1367901885E+02   0.1159092821E+00
      3.   6.   0.4199210451E+02   0.1368093535E+02   0.1162301053E+00   0.4199210451E+02  -0.1368093535E+02   0.1162301053E+00
