# digitalmodel weldolet_crack CINT table
# units: length=mm force=N stress=MPa K=MPa*sqrt(mm) J=N/mm
# mesh_level     0.
# front_nodes      64.
# contours   6.
# columns: node contour x y z K1 K2 K3 J
      1.   1.   0.1470500000E+02   0.0000000000E+00   0.8415000000E+02   0.3143421648E+02   0.9917872661E+01   0.1067319554E-08   0.1025844548E-01
      1.   2.   0.1470500000E+02   0.0000000000E+00   0.8415000000E+02   0.4087738519E+02   0.1313062739E+02   0.5770142103E-09   0.1023873113E-01
      1.   3.   0.1470500000E+02   0.0000000000E+00   0.8415000000E+02   0.4185158826E+02   0.1336373034E+02   0.4545353198E-10   0.1024476599E-01
      1.   4.   0.1470500000E+02   0.0000000000E+00   0.8415000000E+02   0.4184824582E+02   0.1362313092E+02  -0.2752317019E-09   0.1024565479E-01
      1.   5.   0.1470500000E+02   0.0000000000E+00   0.8415000000E+02   0.4184874881E+02   0.1362995831E+02  -0.2323520961E-09   0.1024589066E-01
      1.   6.   0.1470500000E+02   0.0000000000E+00   0.8415000000E+02   0.4185009792E+02   0.1366452407E+02  -0.8270619735E-10   0.1024597404E-01
      2.   1.   0.1463419141E+02   0.1441342050E+01   0.8413765526E+02   0.3116229204E+02   0.9957030803E+01   0.8500965032E-01   0.1009301626E-01
      2.   2.   0.1463419141E+02   0.1441342050E+01   0.8413765526E+02   0.4050296192E+02   0.1311800087E+02   0.1059770189E+00   0.1007362983E-01
      2.   3.   0.1463419141E+02   0.1441342050E+01   0.8413765526E+02   0.4145894676E+02   0.1338375684E+02   0.1136702053E+00   0.1007956185E-01
      2.   4.   0.1463419141E+02   0.1441342050E+01   0.8413765526E+02   0.4145559122E+02   0.1364334090E+02   0.1054856735E+00   0.1008043392E-01
      2.   5.   0.1463419141E+02   0.1441342050E+01   0.8413765526E+02   0.4145608625E+02   0.1364996426E+02   0.1073506597E+00   0.1008066346E-01
      2.   6.   0.1463419141E+02   0.1441342050E+01   0.8413765526E+02   0.4145747508E+02   0.1367603657E+02   0.9039460760E-01   0.1008074244E-01
      3.   1.   0.1442244755E+02   0.2868803190E+01   0.8410108482E+02   0.3032066137E+02   0.1006854843E+02   0.1657767111E+00   0.9611376146E-02
      3.   2.   0.1442244755E+02   0.2868803190E+01   0.8410108482E+02   0.3936718639E+02   0.1317808574E+02   0.2139698502E+00   0.9592943301E-02
      3.   3.   0.1442244755E+02   0.2868803190E+01   0.8410108482E+02   0.4029386039E+02   0.1344266936E+02   0.2290993639E+00   0.9598576090E-02
      3.   4.   0.1442244755E+02   0.2868803190E+01   0.8410108482E+02   0.4029043608E+02   0.1370285840E+02   0.2129339573E+00   0.9599399266E-02
      3.   5.   0.1442244755E+02   0.2868803190E+01   0.8410108482E+02   0.4029122778E+02   0.1371610106E+02   0.2146741754E+00   0.9599610053E-02
      3.   6.   0.1442244755E+02   0.2868803190E+01   0.8410108482E+02   0.4029212660E+02   0.1373484775E+02   0.1842588750E+00   0.9599675659E-02
      4.   1.   0.1407180764E+02   0.4268636180E+01   0.8404166375E+02   0.2892004256E+02   0.1024348412E+02   0.2289394463E+00   0.8855929865E-02
      4.   2.   0.1407180764E+02   0.4268636180E+01   0.8404166375E+02   0.3751588476E+02   0.1327954932E+02   0.2998071181E+00   0.8838988432E-02
      4.   3.   0.1407180764E+02   0.4268636180E+01   0.8404166375E+02   0.3839502570E+02   0.1354316390E+02   0.3218769904E+00   0.8844152582E-02
      4.   4.   0.1407180764E+02   0.4268636180E+01   0.8404166375E+02   0.3839140117E+02   0.1380451125E+02   0.2981464670E+00   0.8844898522E-02
      4.   5.   0.1407180764E+02   0.4268636180E+01   0.8404166375E+02   0.3839222430E+02   0.1381696135E+02   0.3005769979E+00   0.8845078863E-02
      4.   6.   0.1407180764E+02   0.4268636180E+01   0.8404166375E+02   0.3839312232E+02   0.1383486260E+02   0.2698603342E+00   0.8845121839E-02
      5.   1.   0.1358564853E+02   0.5627359870E+01   0.8396163005E+02   0.2703941604E+02   0.1047400484E+02   0.2696757424E+00   0.7892341610E-02
      5.   2.   0.1358564853E+02   0.5627359870E+01   0.8396163005E+02   0.3501086171E+02   0.1342572559E+02   0.3576726340E+00   0.7877295064E-02
      5.   3.   0.1358564853E+02   0.5627359870E+01   0.8396163005E+02   0.3583145238E+02   0.1381345353E+02   0.3684914008E+00   0.7881862671E-02
      5.   4.   0.1358564853E+02   0.5627359870E+01   0.8396163005E+02   0.3582192269E+02   0.1395265136E+02   0.3402663944E+00   0.7882509122E-02
      5.   5.   0.1358564853E+02   0.5627359870E+01   0.8396163005E+02   0.3582276299E+02   0.1396417749E+02   0.3430410302E+00   0.7882648667E-02
      5.   6.   0.1358564853E+02   0.5627359870E+01   0.8396163005E+02   0.3582367006E+02   0.1398124593E+02   0.3119356792E+00   0.7882659597E-02
      6.   1.   0.1296865219E+02   0.6931889020E+01   0.8386400548E+02   0.2518676798E+02   0.1094993722E+02   0.2946669985E+00   0.6802439690E-02
      6.   2.   0.1296865219E+02   0.6931889020E+01   0.8386400548E+02   0.3193963011E+02   0.1360155130E+02   0.4037065647E+00   0.6789526323E-02
      6.   3.   0.1296865219E+02   0.6931889020E+01   0.8386400548E+02   0.3267992752E+02   0.1401629336E+02   0.4134124529E+00   0.6793420862E-02
      6.   4.   0.1296865219E+02   0.6931889020E+01   0.8386400548E+02   0.3266928289E+02   0.1415420253E+02   0.3824198446E+00   0.6793953272E-02
      6.   5.   0.1296865219E+02   0.6931889020E+01   0.8386400548E+02   0.3267047674E+02   0.1417348257E+02   0.3736489101E+00   0.6794043724E-02
      6.   6.   0.1296865219E+02   0.6931889020E+01   0.8386400548E+02   0.3267088024E+02   0.1419231409E+02   0.3523886650E+00   0.6794013551E-02
      7.   1.   0.1222676065E+02   0.8169660280E+01   0.8375248743E+02   0.2278459093E+02   0.1136435723E+02   0.2934599543E+00   0.5675175576E-02
      7.   2.   0.1222676065E+02   0.8169660280E+01   0.8375248743E+02   0.2840677143E+02   0.1388307382E+02   0.4134748468E+00   0.5664456114E-02
      7.   3.   0.1222676065E+02   0.8169660280E+01   0.8375248743E+02   0.2905948537E+02   0.1441298394E+02   0.3952735762E+00   0.5667656515E-02
      7.   4.   0.1222676065E+02   0.8169660280E+01   0.8375248743E+02   0.2904434822E+02   0.1442302677E+02   0.4022123599E+00   0.5668068946E-02
      7.   5.   0.1222676065E+02   0.8169660280E+01   0.8375248743E+02   0.2904510080E+02   0.1444232086E+02   0.3830168993E+00   0.5668104610E-02
      7.   6.   0.1222676065E+02   0.8169660280E+01   0.8375248743E+02   0.2904531949E+02   0.1445271082E+02   0.3774967194E+00   0.5668025387E-02
      8.   1.   0.1136711872E+02   0.9328753240E+01   0.8363131509E+02   0.1998452013E+02   0.1170085818E+02   0.2702554096E+00   0.4596601205E-02
      8.   2.   0.1136711872E+02   0.9328753240E+01   0.8363131509E+02   0.2451225982E+02   0.1411051625E+02   0.4127971491E+00   0.4587966076E-02
      8.   3.   0.1136711872E+02   0.9328753240E+01   0.8363131509E+02   0.2509174488E+02   0.1474119304E+02   0.3805107760E+00   0.4590504570E-02
      8.   4.   0.1136711872E+02   0.9328753240E+01   0.8363131509E+02   0.2507532087E+02   0.1474391357E+02   0.3873664793E+00   0.4590799578E-02
      8.   5.   0.1136711872E+02   0.9328753240E+01   0.8363131509E+02   0.2507611394E+02   0.1476307861E+02   0.3675305625E+00   0.4590777762E-02
      8.   6.   0.1136711872E+02   0.9328753240E+01   0.8363131509E+02   0.2507636288E+02   0.1477287562E+02   0.3606670640E+00   0.4590643444E-02
      9.   1.   0.1039800522E+02   0.1039800522E+02   0.8350511354E+02   0.1698700794E+02   0.1195454499E+02   0.2363852209E+00   0.3640077175E-02
      9.   2.   0.1039800522E+02   0.1039800522E+02   0.8350511354E+02   0.2044807934E+02   0.1451085551E+02   0.3858008470E+00   0.3633273288E-02
      9.   3.   0.1039800522E+02   0.1039800522E+02   0.8350511354E+02   0.2092527689E+02   0.1513014325E+02   0.3623620619E+00   0.3635227381E-02
      9.   4.   0.1039800522E+02   0.1039800522E+02   0.8350511354E+02   0.2090894419E+02   0.1513483659E+02   0.3618702256E+00   0.3635414944E-02
      9.   5.   0.1039800522E+02   0.1039800522E+02   0.8350511354E+02   0.2090939396E+02   0.1515655903E+02   0.3452979357E+00   0.3635335906E-02
      9.   6.   0.1039800522E+02   0.1039800522E+02   0.8350511354E+02   0.2090946349E+02   0.1515435304E+02   0.3438603207E+00   0.3635142906E-02
     10.   1.   0.9328753240E+01   0.1136711872E+02   0.8337872098E+02   0.1428494162E+02   0.1206704641E+02   0.1895705570E+00   0.2858060349E-02
     10.   2.   0.9328753240E+01   0.1136711872E+02   0.8337872098E+02   0.1707588059E+02   0.1507703091E+02   0.3229126364E+00   0.2852731046E-02
     10.   3.   0.9328753240E+01   0.1136711872E+02   0.8337872098E+02   0.1743945552E+02   0.1558402709E+02   0.3035668781E+00   0.2854210655E-02
     10.   4.   0.9328753240E+01   0.1136711872E+02   0.8337872098E+02   0.1742441609E+02   0.1558049754E+02   0.2945531871E+00   0.2854306210E-02
     10.   5.   0.9328753240E+01   0.1136711872E+02   0.8337872098E+02   0.1742470798E+02   0.1559132435E+02   0.2888176705E+00   0.2854172734E-02
     10.   6.   0.9328753240E+01   0.1136711872E+02   0.8337872098E+02   0.1742475607E+02   0.1558835897E+02   0.2862070533E+00   0.2853920158E-02
     11.   1.   0.8169660280E+01   0.1222676065E+02   0.8325700465E+02   0.1049573652E+02   0.1207900486E+02   0.2632888834E+00   0.2276733172E-02
     11.   2.   0.8169660280E+01   0.1222676065E+02   0.8325700465E+02   0.1310210547E+02   0.1568300479E+02   0.2534796150E+00   0.2272470083E-02
     11.   3.   0.8169660280E+01   0.1222676065E+02   0.8325700465E+02   0.1335078782E+02   0.1608002800E+02   0.2639706664E+00   0.2273601237E-02
     11.   4.   0.8169660280E+01   0.1222676065E+02   0.8325700465E+02   0.1333996209E+02   0.1607003815E+02   0.2546922147E+00   0.2273623183E-02
     11.   5.   0.8169660280E+01   0.1222676065E+02   0.8325700465E+02   0.1334000402E+02   0.1606815838E+02   0.2531924224E+00   0.2273439892E-02
     11.   6.   0.8169660280E+01   0.1222676065E+02   0.8325700465E+02   0.1334002784E+02   0.1606473312E+02   0.2496211442E+00   0.2273129368E-02
     12.   1.   0.6931889020E+01   0.1296865219E+02   0.8314467247E+02   0.7551223506E+01   0.1272547648E+02   0.2009966035E+00   0.1894468897E-02
     12.   2.   0.6931889020E+01   0.1296865219E+02   0.8314467247E+02   0.9402644094E+01   0.1615249294E+02   0.1961026141E+00   0.1890867381E-02
     12.   3.   0.6931889020E+01   0.1296865219E+02   0.8314467247E+02   0.9545726600E+01   0.1658790460E+02   0.2009741207E+00   0.1891774920E-02
     12.   4.   0.6931889020E+01   0.1296865219E+02   0.8314467247E+02   0.9541267907E+01   0.1655928940E+02   0.1984072095E+00   0.1891741965E-02
     12.   5.   0.6931889020E+01   0.1296865219E+02   0.8314467247E+02   0.9541256503E+01   0.1655718156E+02   0.1962116988E+00   0.1891514569E-02
     12.   6.   0.6931889020E+01   0.1296865219E+02   0.8314467247E+02   0.9541255283E+01   0.1655357666E+02   0.1920555778E+00   0.1891149890E-02
     13.   1.   0.5627359870E+01   0.1358564853E+02   0.8304608753E+02   0.4983080301E+01   0.1326334950E+02   0.1442849338E+00   0.1684621749E-02
     13.   2.   0.5627359870E+01   0.1358564853E+02   0.8304608753E+02   0.6072420079E+01   0.1662071961E+02   0.1551608558E+00   0.1681333456E-02
     13.   3.   0.5627359870E+01   0.1358564853E+02   0.8304608753E+02   0.6181230318E+01   0.1707763617E+02   0.1517854504E+00   0.1682125107E-02
     13.   4.   0.5627359870E+01   0.1358564853E+02   0.8304608753E+02   0.6183054211E+01   0.1703353091E+02   0.1516849110E+00   0.1682054035E-02
     13.   5.   0.5627359870E+01   0.1358564853E+02   0.8304608753E+02   0.6182992430E+01   0.1703139925E+02   0.1491765064E+00   0.1681788820E-02
     13.   6.   0.5627359870E+01   0.1358564853E+02   0.8304608753E+02   0.6182967539E+01   0.1702783695E+02   0.1449262106E+00   0.1681375602E-02
     14.   1.   0.4268636180E+01   0.1407180764E+02   0.8296509344E+02   0.2768371056E+01   0.1386133681E+02   0.1010471333E+00   0.1602472872E-02
     14.   2.   0.4268636180E+01   0.1407180764E+02   0.8296509344E+02   0.3352301492E+01   0.1703896536E+02   0.1081956068E+00   0.1599246105E-02
     14.   3.   0.4268636180E+01   0.1407180764E+02   0.8296509344E+02   0.3399992564E+01   0.1749915082E+02   0.1037412789E+00   0.1600000605E-02
     14.   4.   0.4268636180E+01   0.1407180764E+02   0.8296509344E+02   0.3406689447E+01   0.1745448220E+02   0.1030018579E+00   0.1599904993E-02
     14.   5.   0.4268636180E+01   0.1407180764E+02   0.8296509344E+02   0.3406583960E+01   0.1745245886E+02   0.1006116618E+00   0.1599608759E-02
     14.   6.   0.4268636180E+01   0.1407180764E+02   0.8296509344E+02   0.3406538682E+01   0.1744907613E+02   0.9680306682E-01   0.1599154416E-02
     15.   1.   0.2868803190E+01   0.1442244755E+02   0.8290485816E+02   0.1194593465E+01   0.1418903190E+02   0.5836384940E-01   0.1595368927E-02
     15.   2.   0.2868803190E+01   0.1442244755E+02   0.8290485816E+02   0.1334659750E+01   0.1737870799E+02   0.6696241422E-01   0.1592068497E-02
     15.   3.   0.2868803190E+01   0.1442244755E+02   0.8290485816E+02   0.1321903099E+01   0.1783155886E+02   0.6572721779E-01   0.1592830246E-02
     15.   4.   0.2868803190E+01   0.1442244755E+02   0.8290485816E+02   0.1331516983E+01   0.1778726739E+02   0.6487703579E-01   0.1592720127E-02
     15.   5.   0.2868803190E+01   0.1442244755E+02   0.8290485816E+02   0.1331377722E+01   0.1778540171E+02   0.6301362449E-01   0.1592400455E-02
     15.   6.   0.2868803190E+01   0.1442244755E+02   0.8290485816E+02   0.1331316856E+01   0.1778223932E+02   0.6014694924E-01   0.1591914397E-02
     16.   1.   0.1441342050E+01   0.1463419141E+02   0.8286774368E+02   0.2245437318E+00   0.1437314143E+02   0.2695441107E-01   0.1614318950E-02
     16.   2.   0.1441342050E+01   0.1463419141E+02   0.8286774368E+02   0.8749149141E-01   0.1758728173E+02   0.3218938716E-01   0.1610920734E-02
     16.   3.   0.1441342050E+01   0.1463419141E+02   0.8286774368E+02   0.3724647364E-01   0.1804478202E+02   0.3169392741E-01   0.1611702111E-02
     16.   4.   0.1441342050E+01   0.1463419141E+02   0.8286774368E+02   0.4832323583E-01   0.1800085555E+02   0.3115354400E-01   0.1611584534E-02
     16.   5.   0.1441342050E+01   0.1463419141E+02   0.8286774368E+02   0.4816264516E-01   0.1799912053E+02   0.3013494316E-01   0.1611250108E-02
     16.   6.   0.1441342050E+01   0.1463419141E+02   0.8286774368E+02   0.4809203279E-01   0.1799613156E+02   0.2859648098E-01   0.1610743865E-02
     17.   1.   0.0000000000E+00   0.1470500000E+02   0.8285520789E+02  -0.1018281823E+00   0.1443118785E+02   0.3186438929E-07   0.1624781250E-02
     17.   2.   0.0000000000E+00   0.1470500000E+02   0.8285520789E+02  -0.3344688923E+00   0.1765873812E+02   0.3616251928E-07   0.1621340808E-02
     17.   3.   0.0000000000E+00   0.1470500000E+02   0.8285520789E+02  -0.3973988294E+00   0.1811832646E+02   0.3741868557E-07   0.1622131455E-02
     17.   4.   0.0000000000E+00   0.1470500000E+02   0.8285520789E+02  -0.3858801623E+00   0.1807452330E+02   0.3736124675E-07   0.1622011610E-02
     17.   5.   0.0000000000E+00   0.1470500000E+02   0.8285520789E+02  -0.3860480435E+00   0.1807283831E+02   0.3741331573E-07   0.1621672132E-02
     17.   6.   0.0000000000E+00   0.1470500000E+02   0.8285520789E+02  -0.3861219736E+00   0.1806991446E+02   0.3724321646E-07   0.1621158934E-02
     18.   1.  -0.1441342050E+01   0.1463419141E+02   0.8286774368E+02   0.2245437374E+00   0.1437314143E+02  -0.2695435192E-01   0.1614318950E-02
     18.   2.  -0.1441342050E+01   0.1463419141E+02   0.8286774368E+02   0.8749149842E-01   0.1758728173E+02  -0.3218931411E-01   0.1610920734E-02
     18.   3.  -0.1441342050E+01   0.1463419141E+02   0.8286774368E+02   0.3724648069E-01   0.1804478202E+02  -0.3169385259E-01   0.1611702111E-02
     18.   4.  -0.1441342050E+01   0.1463419141E+02   0.8286774368E+02   0.4832324283E-01   0.1800085555E+02  -0.3115346925E-01   0.1611584534E-02
     18.   5.  -0.1441342050E+01   0.1463419141E+02   0.8286774368E+02   0.4816265220E-01   0.1799912053E+02  -0.3013486841E-01   0.1611250108E-02
     18.   6.  -0.1441342050E+01   0.1463419141E+02   0.8286774368E+02   0.4809203976E-01   0.1799613156E+02  -0.2859640624E-01   0.1610743866E-02
     19.   1.  -0.2868803190E+01   0.1442244755E+02   0.8290485816E+02   0.1194593477E+01   0.1418903190E+02  -0.5836379108E-01   0.1595368927E-02
     19.   2.  -0.2868803190E+01   0.1442244755E+02   0.8290485816E+02   0.1334659764E+01   0.1737870799E+02  -0.6696234209E-01   0.1592068496E-02
     19.   3.  -0.2868803190E+01   0.1442244755E+02   0.8290485816E+02   0.1321903113E+01   0.1783155886E+02  -0.6572714384E-01   0.1592830246E-02
     19.   4.  -0.2868803190E+01   0.1442244755E+02   0.8290485816E+02   0.1331516997E+01   0.1778726739E+02  -0.6487696186E-01   0.1592720126E-02
     19.   5.  -0.2868803190E+01   0.1442244755E+02   0.8290485816E+02   0.1331377736E+01   0.1778540171E+02  -0.6301355056E-01   0.1592400455E-02
     19.   6.  -0.2868803190E+01   0.1442244755E+02   0.8290485816E+02   0.1331316870E+01   0.1778223932E+02  -0.6014687532E-01   0.1591914397E-02
     20.   1.  -0.4268636180E+01   0.1407180764E+02   0.8296509344E+02   0.2768371072E+01   0.1386133681E+02  -0.1010470759E+00   0.1602472872E-02
     20.   2.  -0.4268636180E+01   0.1407180764E+02   0.8296509344E+02   0.3352301512E+01   0.1703896535E+02  -0.1081955361E+00   0.1599246106E-02
     20.   3.  -0.4268636180E+01   0.1407180764E+02   0.8296509344E+02   0.3399992585E+01   0.1749915081E+02  -0.1037412065E+00   0.1600000606E-02
     20.   4.  -0.4268636180E+01   0.1407180764E+02   0.8296509344E+02   0.3406689467E+01   0.1745448220E+02  -0.1030017855E+00   0.1599904994E-02
     20.   5.  -0.4268636180E+01   0.1407180764E+02   0.8296509344E+02   0.3406583980E+01   0.1745245886E+02  -0.1006115895E+00   0.1599608759E-02
     20.   6.  -0.4268636180E+01   0.1407180764E+02   0.8296509344E+02   0.3406538703E+01   0.1744907613E+02  -0.9680299444E-01   0.1599154417E-02
     21.   1.  -0.5627359870E+01   0.1358564853E+02   0.8304608753E+02   0.4983080322E+01   0.1326334950E+02  -0.1442848788E+00   0.1684621750E-02
     21.   2.  -0.5627359870E+01   0.1358564853E+02   0.8304608753E+02   0.6072420105E+01   0.1662071961E+02  -0.1551607872E+00   0.1681333457E-02
     21.   3.  -0.5627359870E+01   0.1358564853E+02   0.8304608753E+02   0.6181230345E+01   0.1707763616E+02  -0.1517853801E+00   0.1682125109E-02
     21.   4.  -0.5627359870E+01   0.1358564853E+02   0.8304608753E+02   0.6183054238E+01   0.1703353091E+02  -0.1516848406E+00   0.1682054036E-02
     21.   5.  -0.5627359870E+01   0.1358564853E+02   0.8304608753E+02   0.6182992457E+01   0.1703139924E+02  -0.1491764361E+00   0.1681788821E-02
     21.   6.  -0.5627359870E+01   0.1358564853E+02   0.8304608753E+02   0.6182967566E+01   0.1702783695E+02  -0.1449261403E+00   0.1681375604E-02
     22.   1.  -0.6931889020E+01   0.1296865219E+02   0.8314467247E+02   0.7551223532E+01   0.1272547647E+02  -0.2009965508E+00   0.1894468900E-02
     22.   2.  -0.6931889020E+01   0.1296865219E+02   0.8314467247E+02   0.9402644127E+01   0.1615249294E+02  -0.1961025482E+00   0.1890867384E-02
     22.   3.  -0.6931889020E+01   0.1296865219E+02   0.8314467247E+02   0.9545726633E+01   0.1658790459E+02  -0.2009740532E+00   0.1891774922E-02
     22.   4.  -0.6931889020E+01   0.1296865219E+02   0.8314467247E+02   0.9541267941E+01   0.1655928940E+02  -0.1984071420E+00   0.1891741967E-02
     22.   5.  -0.6931889020E+01   0.1296865219E+02   0.8314467247E+02   0.9541256537E+01   0.1655718156E+02  -0.1962116313E+00   0.1891514572E-02
     22.   6.  -0.6931889020E+01   0.1296865219E+02   0.8314467247E+02   0.9541255316E+01   0.1655357666E+02  -0.1920555103E+00   0.1891149892E-02
     23.   1.  -0.8169660280E+01   0.1222676065E+02   0.8325700465E+02   0.1049573655E+02   0.1207900486E+02  -0.2632888336E+00   0.2276733177E-02
     23.   2.  -0.8169660280E+01   0.1222676065E+02   0.8325700465E+02   0.1310210551E+02   0.1568300479E+02  -0.2534795525E+00   0.2272470088E-02
     23.   3.  -0.8169660280E+01   0.1222676065E+02   0.8325700465E+02   0.1335078786E+02   0.1608002800E+02  -0.2639706023E+00   0.2273601241E-02
     23.   4.  -0.8169660280E+01   0.1222676065E+02   0.8325700465E+02   0.1333996213E+02   0.1607003814E+02  -0.2546921506E+00   0.2273623188E-02
     23.   5.  -0.8169660280E+01   0.1222676065E+02   0.8325700465E+02   0.1334000406E+02   0.1606815838E+02  -0.2531923584E+00   0.2273439897E-02
     23.   6.  -0.8169660280E+01   0.1222676065E+02   0.8325700465E+02   0.1334002788E+02   0.1606473312E+02  -0.2496210802E+00   0.2273129373E-02
     24.   1.  -0.9328753240E+01   0.1136711872E+02   0.8337872098E+02   0.1428494165E+02   0.1206704641E+02  -0.1895705117E+00   0.2858060357E-02
     24.   2.  -0.9328753240E+01   0.1136711872E+02   0.8337872098E+02   0.1707588064E+02   0.1507703090E+02  -0.3229125781E+00   0.2852731053E-02
     24.   3.  -0.9328753240E+01   0.1136711872E+02   0.8337872098E+02   0.1743945557E+02   0.1558402709E+02  -0.3035668181E+00   0.2854210662E-02
     24.   4.  -0.9328753240E+01   0.1136711872E+02   0.8337872098E+02   0.1742441613E+02   0.1558049754E+02  -0.2945531271E+00   0.2854306217E-02
     24.   5.  -0.9328753240E+01   0.1136711872E+02   0.8337872098E+02   0.1742470803E+02   0.1559132435E+02  -0.2888176104E+00   0.2854172742E-02
     24.   6.  -0.9328753240E+01   0.1136711872E+02   0.8337872098E+02   0.1742475611E+02   0.1558835897E+02  -0.2862069932E+00   0.2853920165E-02
     25.   1.  -0.1039800522E+02   0.1039800522E+02   0.8350511354E+02   0.1698700797E+02   0.1195454499E+02  -0.2363851788E+00   0.3640077186E-02
     25.   2.  -0.1039800522E+02   0.1039800522E+02   0.8350511354E+02   0.2044807938E+02   0.1451085551E+02  -0.3858007933E+00   0.3633273299E-02
     25.   3.  -0.1039800522E+02   0.1039800522E+02   0.8350511354E+02   0.2092527694E+02   0.1513014325E+02  -0.3623620066E+00   0.3635227391E-02
     25.   4.  -0.1039800522E+02   0.1039800522E+02   0.8350511354E+02   0.2090894424E+02   0.1513483659E+02  -0.3618701702E+00   0.3635414954E-02
     25.   5.  -0.1039800522E+02   0.1039800522E+02   0.8350511354E+02   0.2090939401E+02   0.1515655903E+02  -0.3452978802E+00   0.3635335917E-02
     25.   6.  -0.1039800522E+02   0.1039800522E+02   0.8350511354E+02   0.2090946354E+02   0.1515435304E+02  -0.3438602652E+00   0.3635142916E-02
     26.   1.  -0.1136711872E+02   0.9328753240E+01   0.8363131509E+02   0.1998452017E+02   0.1170085818E+02  -0.2702553714E+00   0.4596601219E-02
     26.   2.  -0.1136711872E+02   0.9328753240E+01   0.8363131509E+02   0.2451225987E+02   0.1411051625E+02  -0.4127971005E+00   0.4587966090E-02
     26.   3.  -0.1136711872E+02   0.9328753240E+01   0.8363131509E+02   0.2509174493E+02   0.1474119304E+02  -0.3805107258E+00   0.4590504584E-02
     26.   4.  -0.1136711872E+02   0.9328753240E+01   0.8363131509E+02   0.2507532093E+02   0.1474391357E+02  -0.3873664290E+00   0.4590799591E-02
     26.   5.  -0.1136711872E+02   0.9328753240E+01   0.8363131509E+02   0.2507611399E+02   0.1476307860E+02  -0.3675305122E+00   0.4590777776E-02
     26.   6.  -0.1136711872E+02   0.9328753240E+01   0.8363131509E+02   0.2507636293E+02   0.1477287562E+02  -0.3606670137E+00   0.4590643458E-02
     27.   1.  -0.1222676065E+02   0.8169660280E+01   0.8375248743E+02   0.2278459097E+02   0.1136435723E+02  -0.2934599208E+00   0.5675175593E-02
     27.   2.  -0.1222676065E+02   0.8169660280E+01   0.8375248743E+02   0.2840677148E+02   0.1388307382E+02  -0.4134748039E+00   0.5664456131E-02
     27.   3.  -0.1222676065E+02   0.8169660280E+01   0.8375248743E+02   0.2905948542E+02   0.1441298394E+02  -0.3952735319E+00   0.5667656532E-02
     27.   4.  -0.1222676065E+02   0.8169660280E+01   0.8375248743E+02   0.2904434828E+02   0.1442302677E+02  -0.4022123155E+00   0.5668068963E-02
     27.   5.  -0.1222676065E+02   0.8169660280E+01   0.8375248743E+02   0.2904510085E+02   0.1444232086E+02  -0.3830168549E+00   0.5668104627E-02
     27.   6.  -0.1222676065E+02   0.8169660280E+01   0.8375248743E+02   0.2904531954E+02   0.1445271082E+02  -0.3774966749E+00   0.5668025404E-02
     28.   1.  -0.1296865219E+02   0.6931889020E+01   0.8386400548E+02   0.2518676803E+02   0.1094993722E+02  -0.2946669702E+00   0.6802439711E-02
     28.   2.  -0.1296865219E+02   0.6931889020E+01   0.8386400548E+02   0.3193963017E+02   0.1360155130E+02  -0.4037065279E+00   0.6789526343E-02
     28.   3.  -0.1296865219E+02   0.6931889020E+01   0.8386400548E+02   0.3267992758E+02   0.1401629336E+02  -0.4134124150E+00   0.6793420883E-02
     28.   4.  -0.1296865219E+02   0.6931889020E+01   0.8386400548E+02   0.3266928295E+02   0.1415420253E+02  -0.3824198064E+00   0.6793953292E-02
     28.   5.  -0.1296865219E+02   0.6931889020E+01   0.8386400548E+02   0.3267047680E+02   0.1417348257E+02  -0.3736488720E+00   0.6794043745E-02
     28.   6.  -0.1296865219E+02   0.6931889020E+01   0.8386400548E+02   0.3267088030E+02   0.1419231409E+02  -0.3523886269E+00   0.6794013571E-02
     29.   1.  -0.1358564853E+02   0.5627359870E+01   0.8396163005E+02   0.2703941609E+02   0.1047400484E+02  -0.2696757192E+00   0.7892341633E-02
     29.   2.  -0.1358564853E+02   0.5627359870E+01   0.8396163005E+02   0.3501086177E+02   0.1342572559E+02  -0.3576726037E+00   0.7877295087E-02
     29.   3.  -0.1358564853E+02   0.5627359870E+01   0.8396163005E+02   0.3583145244E+02   0.1381345353E+02  -0.3684913696E+00   0.7881862694E-02
     29.   4.  -0.1358564853E+02   0.5627359870E+01   0.8396163005E+02   0.3582192275E+02   0.1395265137E+02  -0.3402663631E+00   0.7882509145E-02
     29.   5.  -0.1358564853E+02   0.5627359870E+01   0.8396163005E+02   0.3582276305E+02   0.1396417749E+02  -0.3430409988E+00   0.7882648690E-02
     29.   6.  -0.1358564853E+02   0.5627359870E+01   0.8396163005E+02   0.3582367012E+02   0.1398124593E+02  -0.3119356478E+00   0.7882659620E-02
     30.   1.  -0.1407180764E+02   0.4268636180E+01   0.8404166375E+02   0.2892004261E+02   0.1024348412E+02  -0.2289394285E+00   0.8855929890E-02
     30.   2.  -0.1407180764E+02   0.4268636180E+01   0.8404166375E+02   0.3751588483E+02   0.1327954932E+02  -0.2998070948E+00   0.8838988457E-02
     30.   3.  -0.1407180764E+02   0.4268636180E+01   0.8404166375E+02   0.3839502576E+02   0.1354316391E+02  -0.3218769665E+00   0.8844152607E-02
     30.   4.  -0.1407180764E+02   0.4268636180E+01   0.8404166375E+02   0.3839140123E+02   0.1380451125E+02  -0.2981464429E+00   0.8844898548E-02
     30.   5.  -0.1407180764E+02   0.4268636180E+01   0.8404166375E+02   0.3839222436E+02   0.1381696135E+02  -0.3005769738E+00   0.8845078888E-02
     30.   6.  -0.1407180764E+02   0.4268636180E+01   0.8404166375E+02   0.3839312238E+02   0.1383486261E+02  -0.2698603101E+00   0.8845121864E-02
     31.   1.  -0.1442244755E+02   0.2868803190E+01   0.8410108482E+02   0.3032066142E+02   0.1006854843E+02  -0.1657766988E+00   0.9611376172E-02
     31.   2.  -0.1442244755E+02   0.2868803190E+01   0.8410108482E+02   0.3936718645E+02   0.1317808574E+02  -0.2139698343E+00   0.9592943328E-02
     31.   3.  -0.1442244755E+02   0.2868803190E+01   0.8410108482E+02   0.4029386045E+02   0.1344266936E+02  -0.2290993476E+00   0.9598576117E-02
     31.   4.  -0.1442244755E+02   0.2868803190E+01   0.8410108482E+02   0.4029043615E+02   0.1370285840E+02  -0.2129339408E+00   0.9599399293E-02
     31.   5.  -0.1442244755E+02   0.2868803190E+01   0.8410108482E+02   0.4029122784E+02   0.1371610106E+02  -0.2146741589E+00   0.9599610080E-02
     31.   6.  -0.1442244755E+02   0.2868803190E+01   0.8410108482E+02   0.4029212666E+02   0.1373484776E+02  -0.1842588584E+00   0.9599675686E-02
     32.   1.  -0.1463419141E+02   0.1441342050E+01   0.8413765526E+02   0.3116229208E+02   0.9957030805E+01  -0.8500964409E-01   0.1009301629E-01
     32.   2.  -0.1463419141E+02   0.1441342050E+01   0.8413765526E+02   0.4050296198E+02   0.1311800087E+02  -0.1059770105E+00   0.1007362986E-01
     32.   3.  -0.1463419141E+02   0.1441342050E+01   0.8413765526E+02   0.4145894682E+02   0.1338375684E+02  -0.1136701966E+00   0.1007956188E-01
     32.   4.  -0.1463419141E+02   0.1441342050E+01   0.8413765526E+02   0.4145559128E+02   0.1364334090E+02  -0.1054856648E+00   0.1008043395E-01
     32.   5.  -0.1463419141E+02   0.1441342050E+01   0.8413765526E+02   0.4145608631E+02   0.1364996427E+02  -0.1073506509E+00   0.1008066349E-01
     32.   6.  -0.1463419141E+02   0.1441342050E+01   0.8413765526E+02   0.4145747514E+02   0.1367603658E+02  -0.9039459882E-01   0.1008074246E-01
     33.   1.  -0.1470500000E+02   0.0000000000E+00   0.8415000000E+02   0.3143421652E+02   0.9917872663E+01   0.2399309873E-08   0.1025844551E-01
     33.   2.  -0.1470500000E+02   0.0000000000E+00   0.8415000000E+02   0.4087738525E+02   0.1313062739E+02   0.4239066147E-09   0.1023873116E-01
     33.   3.  -0.1470500000E+02   0.0000000000E+00   0.8415000000E+02   0.4185158832E+02   0.1336373034E+02   0.7123924358E-09   0.1024476601E-01
     33.   4.  -0.1470500000E+02   0.0000000000E+00   0.8415000000E+02   0.4184824588E+02   0.1362313092E+02   0.5301872709E-09   0.1024565481E-01
     33.   5.  -0.1470500000E+02   0.0000000000E+00   0.8415000000E+02   0.4184874888E+02   0.1362995831E+02   0.4725732708E-09   0.1024589069E-01
     33.   6.  -0.1470500000E+02   0.0000000000E+00   0.8415000000E+02   0.4185009798E+02   0.1366452407E+02   0.6729022036E-09   0.1024597406E-01
     34.   1.  -0.1463419141E+02  -0.1441342050E+01   0.8413765526E+02   0.3116229208E+02   0.9957030805E+01   0.8500964496E-01   0.1009301628E-01
     34.   2.  -0.1463419141E+02  -0.1441342050E+01   0.8413765526E+02   0.4050296198E+02   0.1311800087E+02   0.1059770119E+00   0.1007362986E-01
     34.   3.  -0.1463419141E+02  -0.1441342050E+01   0.8413765526E+02   0.4145894682E+02   0.1338375684E+02   0.1136701981E+00   0.1007956188E-01
     34.   4.  -0.1463419141E+02  -0.1441342050E+01   0.8413765526E+02   0.4145559128E+02   0.1364334090E+02   0.1054856663E+00   0.1008043395E-01
     34.   5.  -0.1463419141E+02  -0.1441342050E+01   0.8413765526E+02   0.4145608631E+02   0.1364996427E+02   0.1073506524E+00   0.1008066349E-01
     34.   6.  -0.1463419141E+02  -0.1441342050E+01   0.8413765526E+02   0.4145747514E+02   0.1367603658E+02   0.9039460035E-01   0.1008074246E-01
     35.   1.  -0.1442244755E+02  -0.2868803190E+01   0.8410108482E+02   0.3032066142E+02   0.1006854843E+02   0.1657766999E+00   0.9611376172E-02
     35.   2.  -0.1442244755E+02  -0.2868803190E+01   0.8410108482E+02   0.3936718645E+02   0.1317808574E+02   0.2139698357E+00   0.9592943327E-02
     35.   3.  -0.1442244755E+02  -0.2868803190E+01   0.8410108482E+02   0.4029386045E+02   0.1344266936E+02   0.2290993490E+00   0.9598576116E-02
     35.   4.  -0.1442244755E+02  -0.2868803190E+01   0.8410108482E+02   0.4029043615E+02   0.1370285840E+02   0.2129339422E+00   0.9599399292E-02
     35.   5.  -0.1442244755E+02  -0.2868803190E+01   0.8410108482E+02   0.4029122784E+02   0.1371610106E+02   0.2146741603E+00   0.9599610079E-02
     35.   6.  -0.1442244755E+02  -0.2868803190E+01   0.8410108482E+02   0.4029212666E+02   0.1373484776E+02   0.1842588598E+00   0.9599675685E-02
     36.   1.  -0.1407180764E+02  -0.4268636180E+01   0.8404166375E+02   0.2892004261E+02   0.1024348412E+02   0.2289394295E+00   0.8855929889E-02
     36.   2.  -0.1407180764E+02  -0.4268636180E+01   0.8404166375E+02   0.3751588482E+02   0.1327954932E+02   0.2998070961E+00   0.8838988456E-02
     36.   3.  -0.1407180764E+02  -0.4268636180E+01   0.8404166375E+02   0.3839502576E+02   0.1354316391E+02   0.3218769678E+00   0.8844152607E-02
     36.   4.  -0.1407180764E+02  -0.4268636180E+01   0.8404166375E+02   0.3839140123E+02   0.1380451125E+02   0.2981464442E+00   0.8844898547E-02
     36.   5.  -0.1407180764E+02  -0.4268636180E+01   0.8404166375E+02   0.3839222436E+02   0.1381696135E+02   0.3005769751E+00   0.8845078887E-02
     36.   6.  -0.1407180764E+02  -0.4268636180E+01   0.8404166375E+02   0.3839312238E+02   0.1383486261E+02   0.2698603114E+00   0.8845121863E-02
     37.   1.  -0.1358564853E+02  -0.5627359870E+01   0.8396163005E+02   0.2703941609E+02   0.1047400484E+02   0.2696757203E+00   0.7892341632E-02
     37.   2.  -0.1358564853E+02  -0.5627359870E+01   0.8396163005E+02   0.3501086177E+02   0.1342572559E+02   0.3576726050E+00   0.7877295086E-02
     37.   3.  -0.1358564853E+02  -0.5627359870E+01   0.8396163005E+02   0.3583145244E+02   0.1381345353E+02   0.3684913708E+00   0.7881862693E-02
     37.   4.  -0.1358564853E+02  -0.5627359870E+01   0.8396163005E+02   0.3582192275E+02   0.1395265137E+02   0.3402663644E+00   0.7882509144E-02
     37.   5.  -0.1358564853E+02  -0.5627359870E+01   0.8396163005E+02   0.3582276305E+02   0.1396417749E+02   0.3430410001E+00   0.7882648689E-02
     37.   6.  -0.1358564853E+02  -0.5627359870E+01   0.8396163005E+02   0.3582367012E+02   0.1398124593E+02   0.3119356491E+00   0.7882659619E-02
     38.   1.  -0.1296865219E+02  -0.6931889020E+01   0.8386400548E+02   0.2518676803E+02   0.1094993722E+02   0.2946669712E+00   0.6802439709E-02
     38.   2.  -0.1296865219E+02  -0.6931889020E+01   0.8386400548E+02   0.3193963016E+02   0.1360155130E+02   0.4037065290E+00   0.6789526342E-02
     38.   3.  -0.1296865219E+02  -0.6931889020E+01   0.8386400548E+02   0.3267992758E+02   0.1401629336E+02   0.4134124162E+00   0.6793420881E-02
     38.   4.  -0.1296865219E+02  -0.6931889020E+01   0.8386400548E+02   0.3266928295E+02   0.1415420253E+02   0.3824198076E+00   0.6793953291E-02
     38.   5.  -0.1296865219E+02  -0.6931889020E+01   0.8386400548E+02   0.3267047679E+02   0.1417348257E+02   0.3736488731E+00   0.6794043744E-02
     38.   6.  -0.1296865219E+02  -0.6931889020E+01   0.8386400548E+02   0.3267088030E+02   0.1419231409E+02   0.3523886280E+00   0.6794013570E-02
     39.   1.  -0.1222676065E+02  -0.8169660280E+01   0.8375248743E+02   0.2278459097E+02   0.1136435723E+02   0.2934599216E+00   0.5675175592E-02
     39.   2.  -0.1222676065E+02  -0.8169660280E+01   0.8375248743E+02   0.2840677148E+02   0.1388307382E+02   0.4134748048E+00   0.5664456130E-02
     39.   3.  -0.1222676065E+02  -0.8169660280E+01   0.8375248743E+02   0.2905948542E+02   0.1441298394E+02   0.3952735328E+00   0.5667656531E-02
     39.   4.  -0.1222676065E+02  -0.8169660280E+01   0.8375248743E+02   0.2904434828E+02   0.1442302677E+02   0.4022123165E+00   0.5668068962E-02
     39.   5.  -0.1222676065E+02  -0.8169660280E+01   0.8375248743E+02   0.2904510085E+02   0.1444232086E+02   0.3830168558E+00   0.5668104626E-02
     39.   6.  -0.1222676065E+02  -0.8169660280E+01   0.8375248743E+02   0.2904531954E+02   0.1445271082E+02   0.3774966759E+00   0.5668025403E-02
     40.   1.  -0.1136711872E+02  -0.9328753240E+01   0.8363131509E+02   0.1998452017E+02   0.1170085818E+02   0.2702553721E+00   0.4596601218E-02
     40.   2.  -0.1136711872E+02  -0.9328753240E+01   0.8363131509E+02   0.2451225987E+02   0.1411051625E+02   0.4127971013E+00   0.4587966089E-02
     40.   3.  -0.1136711872E+02  -0.9328753240E+01   0.8363131509E+02   0.2509174493E+02   0.1474119304E+02   0.3805107266E+00   0.4590504583E-02
     40.   4.  -0.1136711872E+02  -0.9328753240E+01   0.8363131509E+02   0.2507532092E+02   0.1474391357E+02   0.3873664298E+00   0.4590799591E-02
     40.   5.  -0.1136711872E+02  -0.9328753240E+01   0.8363131509E+02   0.2507611399E+02   0.1476307860E+02   0.3675305130E+00   0.4590777775E-02
     40.   6.  -0.1136711872E+02  -0.9328753240E+01   0.8363131509E+02   0.2507636293E+02   0.1477287562E+02   0.3606670146E+00   0.4590643457E-02
     41.   1.  -0.1039800522E+02  -0.1039800522E+02   0.8350511354E+02   0.1698700797E+02   0.1195454499E+02   0.2363851795E+00   0.3640077185E-02
     41.   2.  -0.1039800522E+02  -0.1039800522E+02   0.8350511354E+02   0.2044807938E+02   0.1451085551E+02   0.3858007940E+00   0.3633273298E-02
     41.   3.  -0.1039800522E+02  -0.1039800522E+02   0.8350511354E+02   0.2092527694E+02   0.1513014325E+02   0.3623620072E+00   0.3635227391E-02
     41.   4.  -0.1039800522E+02  -0.1039800522E+02   0.8350511354E+02   0.2090894423E+02   0.1513483659E+02   0.3618701708E+00   0.3635414954E-02
     41.   5.  -0.1039800522E+02  -0.1039800522E+02   0.8350511354E+02   0.2090939401E+02   0.1515655903E+02   0.3452978809E+00   0.3635335916E-02
     41.   6.  -0.1039800522E+02  -0.1039800522E+02   0.8350511354E+02   0.2090946353E+02   0.1515435304E+02   0.3438602658E+00   0.3635142916E-02
     42.   1.  -0.9328753240E+01  -0.1136711872E+02   0.8337872098E+02   0.1428494165E+02   0.1206704641E+02   0.1895705122E+00   0.2858060356E-02
     42.   2.  -0.9328753240E+01  -0.1136711872E+02   0.8337872098E+02   0.1707588063E+02   0.1507703090E+02   0.3229125785E+00   0.2852731053E-02
     42.   3.  -0.9328753240E+01  -0.1136711872E+02   0.8337872098E+02   0.1743945556E+02   0.1558402709E+02   0.3035668185E+00   0.2854210662E-02
     42.   4.  -0.9328753240E+01  -0.1136711872E+02   0.8337872098E+02   0.1742441613E+02   0.1558049754E+02   0.2945531275E+00   0.2854306217E-02
     42.   5.  -0.9328753240E+01  -0.1136711872E+02   0.8337872098E+02   0.1742470802E+02   0.1559132435E+02   0.2888176108E+00   0.2854172741E-02
     42.   6.  -0.9328753240E+01  -0.1136711872E+02   0.8337872098E+02   0.1742475611E+02   0.1558835897E+02   0.2862069936E+00   0.2853920165E-02
     43.   1.  -0.8169660280E+01  -0.1222676065E+02   0.8325700465E+02   0.1049573654E+02   0.1207900486E+02   0.2632888338E+00   0.2276733177E-02
     43.   2.  -0.8169660280E+01  -0.1222676065E+02   0.8325700465E+02   0.1310210551E+02   0.1568300479E+02   0.2534795528E+00   0.2272470087E-02
     43.   3.  -0.8169660280E+01  -0.1222676065E+02   0.8325700465E+02   0.1335078786E+02   0.1608002800E+02   0.2639706026E+00   0.2273601241E-02
     43.   4.  -0.8169660280E+01  -0.1222676065E+02   0.8325700465E+02   0.1333996212E+02   0.1607003814E+02   0.2546921509E+00   0.2273623187E-02
     43.   5.  -0.8169660280E+01  -0.1222676065E+02   0.8325700465E+02   0.1334000406E+02   0.1606815838E+02   0.2531923586E+00   0.2273439897E-02
     43.   6.  -0.8169660280E+01  -0.1222676065E+02   0.8325700465E+02   0.1334002788E+02   0.1606473312E+02   0.2496210804E+00   0.2273129373E-02
     44.   1.  -0.6931889020E+01  -0.1296865219E+02   0.8314467247E+02   0.7551223530E+01   0.1272547648E+02   0.2009965508E+00   0.1894468900E-02
     44.   2.  -0.6931889020E+01  -0.1296865219E+02   0.8314467247E+02   0.9402644125E+01   0.1615249294E+02   0.1961025484E+00   0.1890867384E-02
     44.   3.  -0.6931889020E+01  -0.1296865219E+02   0.8314467247E+02   0.9545726630E+01   0.1658790459E+02   0.2009740533E+00   0.1891774922E-02
     44.   4.  -0.6931889020E+01  -0.1296865219E+02   0.8314467247E+02   0.9541267938E+01   0.1655928940E+02   0.1984071421E+00   0.1891741967E-02
     44.   5.  -0.6931889020E+01  -0.1296865219E+02   0.8314467247E+02   0.9541256534E+01   0.1655718156E+02   0.1962116314E+00   0.1891514572E-02
     44.   6.  -0.6931889020E+01  -0.1296865219E+02   0.8314467247E+02   0.9541255314E+01   0.1655357666E+02   0.1920555104E+00   0.1891149893E-02
     45.   1.  -0.5627359870E+01  -0.1358564853E+02   0.8304608753E+02   0.4983080321E+01   0.1326334950E+02   0.1442848787E+00   0.1684621750E-02
     45.   2.  -0.5627359870E+01  -0.1358564853E+02   0.8304608753E+02   0.6072420104E+01   0.1662071961E+02   0.1551607872E+00   0.1681333457E-02
     45.   3.  -0.5627359870E+01  -0.1358564853E+02   0.8304608753E+02   0.6181230343E+01   0.1707763616E+02   0.1517853801E+00   0.1682125109E-02
     45.   4.  -0.5627359870E+01  -0.1358564853E+02   0.8304608753E+02   0.6183054236E+01   0.1703353091E+02   0.1516848407E+00   0.1682054036E-02
     45.   5.  -0.5627359870E+01  -0.1358564853E+02   0.8304608753E+02   0.6182992455E+01   0.1703139924E+02   0.1491764361E+00   0.1681788821E-02
     45.   6.  -0.5627359870E+01  -0.1358564853E+02   0.8304608753E+02   0.6182967565E+01   0.1702783695E+02   0.1449261404E+00   0.1681375604E-02
     46.   1.  -0.4268636180E+01  -0.1407180764E+02   0.8296509344E+02   0.2768371072E+01   0.1386133681E+02   0.1010470758E+00   0.1602472873E-02
     46.   2.  -0.4268636180E+01  -0.1407180764E+02   0.8296509344E+02   0.3352301511E+01   0.1703896536E+02   0.1081955359E+00   0.1599246106E-02
     46.   3.  -0.4268636180E+01  -0.1407180764E+02   0.8296509344E+02   0.3399992584E+01   0.1749915082E+02   0.1037412064E+00   0.1600000606E-02
     46.   4.  -0.4268636180E+01  -0.1407180764E+02   0.8296509344E+02   0.3406689466E+01   0.1745448220E+02   0.1030017854E+00   0.1599904994E-02
     46.   5.  -0.4268636180E+01  -0.1407180764E+02   0.8296509344E+02   0.3406583979E+01   0.1745245886E+02   0.1006115893E+00   0.1599608759E-02
     46.   6.  -0.4268636180E+01  -0.1407180764E+02   0.8296509344E+02   0.3406538702E+01   0.1744907613E+02   0.9680299428E-01   0.1599154417E-02
     47.   1.  -0.2868803190E+01  -0.1442244755E+02   0.8290485816E+02   0.1194593476E+01   0.1418903190E+02   0.5836379076E-01   0.1595368927E-02
     47.   2.  -0.2868803190E+01  -0.1442244755E+02   0.8290485816E+02   0.1334659764E+01   0.1737870799E+02   0.6696234177E-01   0.1592068497E-02
     47.   3.  -0.2868803190E+01  -0.1442244755E+02   0.8290485816E+02   0.1321903113E+01   0.1783155886E+02   0.6572714355E-01   0.1592830246E-02
     47.   4.  -0.2868803190E+01  -0.1442244755E+02   0.8290485816E+02   0.1331516997E+01   0.1778726739E+02   0.6487696157E-01   0.1592720127E-02
     47.   5.  -0.2868803190E+01  -0.1442244755E+02   0.8290485816E+02   0.1331377736E+01   0.1778540171E+02   0.6301355028E-01   0.1592400455E-02
     47.   6.  -0.2868803190E+01  -0.1442244755E+02   0.8290485816E+02   0.1331316870E+01   0.1778223932E+02   0.6014687505E-01   0.1591914397E-02
     48.   1.  -0.1441342050E+01  -0.1463419141E+02   0.8286774368E+02   0.2245437381E+00   0.1437314143E+02   0.2695435150E-01   0.1614318950E-02
     48.   2.  -0.1441342050E+01  -0.1463419141E+02   0.8286774368E+02   0.8749149900E-01   0.1758728173E+02   0.3218931365E-01   0.1610920734E-02
     48.   3.  -0.1441342050E+01  -0.1463419141E+02   0.8286774368E+02   0.3724648141E-01   0.1804478202E+02   0.3169385214E-01   0.1611702111E-02
     48.   4.  -0.1441342050E+01  -0.1463419141E+02   0.8286774368E+02   0.4832324353E-01   0.1800085555E+02   0.3115346876E-01   0.1611584534E-02
     48.   5.  -0.1441342050E+01  -0.1463419141E+02   0.8286774368E+02   0.4816265291E-01   0.1799912053E+02   0.3013486792E-01   0.1611250108E-02
     48.   6.  -0.1441342050E+01  -0.1463419141E+02   0.8286774368E+02   0.4809204056E-01   0.1799613156E+02   0.2859640573E-01   0.1610743865E-02
     49.   1.   0.0000000000E+00  -0.1470500000E+02   0.8285520789E+02  -0.1018281821E+00   0.1443118785E+02  -0.2817443201E-07   0.1624781250E-02
     49.   2.   0.0000000000E+00  -0.1470500000E+02   0.8285520789E+02  -0.3344688907E+00   0.1765873812E+02  -0.3768504620E-07   0.1621340808E-02
     49.   3.   0.0000000000E+00  -0.1470500000E+02   0.8285520789E+02  -0.3973988278E+00   0.1811832646E+02  -0.3821757975E-07   0.1622131455E-02
     49.   4.   0.0000000000E+00  -0.1470500000E+02   0.8285520789E+02  -0.3858801605E+00   0.1807452330E+02  -0.3822702913E-07   0.1622011610E-02
     49.   5.   0.0000000000E+00  -0.1470500000E+02   0.8285520789E+02  -0.3860480417E+00   0.1807283831E+02  -0.3817586371E-07   0.1621672133E-02
     49.   6.   0.0000000000E+00  -0.1470500000E+02   0.8285520789E+02  -0.3861219716E+00   0.1806991446E+02  -0.3834402314E-07   0.1621158935E-02
     50.   1.   0.1441342050E+01  -0.1463419141E+02   0.8286774368E+02   0.2245437343E+00   0.1437314143E+02  -0.2695441168E-01   0.1614318950E-02
     50.   2.   0.1441342050E+01  -0.1463419141E+02   0.8286774368E+02   0.8749149456E-01   0.1758728173E+02  -0.3218938785E-01   0.1610920734E-02
     50.   3.   0.1441342050E+01  -0.1463419141E+02   0.8286774368E+02   0.3724647679E-01   0.1804478202E+02  -0.3169392807E-01   0.1611702111E-02
     50.   4.   0.1441342050E+01  -0.1463419141E+02   0.8286774368E+02   0.4832323896E-01   0.1800085555E+02  -0.3115354468E-01   0.1611584534E-02
     50.   5.   0.1441342050E+01  -0.1463419141E+02   0.8286774368E+02   0.4816264829E-01   0.1799912053E+02  -0.3013494382E-01   0.1611250108E-02
     50.   6.   0.1441342050E+01  -0.1463419141E+02   0.8286774368E+02   0.4809203584E-01   0.1799613157E+02  -0.2859648165E-01   0.1610743866E-02
     51.   1.   0.2868803190E+01  -0.1442244755E+02   0.8290485816E+02   0.1194593468E+01   0.1418903190E+02  -0.5836385011E-01   0.1595368927E-02
     51.   2.   0.2868803190E+01  -0.1442244755E+02   0.8290485816E+02   0.1334659754E+01   0.1737870799E+02  -0.6696241504E-01   0.1592068497E-02
     51.   3.   0.2868803190E+01  -0.1442244755E+02   0.8290485816E+02   0.1321903103E+01   0.1783155887E+02  -0.6572721855E-01   0.1592830246E-02
     51.   4.   0.2868803190E+01  -0.1442244755E+02   0.8290485816E+02   0.1331516987E+01   0.1778726739E+02  -0.6487703655E-01   0.1592720126E-02
     51.   5.   0.2868803190E+01  -0.1442244755E+02   0.8290485816E+02   0.1331377726E+01   0.1778540171E+02  -0.6301362525E-01   0.1592400455E-02
     51.   6.   0.2868803190E+01  -0.1442244755E+02   0.8290485816E+02   0.1331316860E+01   0.1778223932E+02  -0.6014695001E-01   0.1591914397E-02
     52.   1.   0.4268636180E+01  -0.1407180764E+02   0.8296509344E+02   0.2768371060E+01   0.1386133681E+02  -0.1010471340E+00   0.1602472872E-02
     52.   2.   0.4268636180E+01  -0.1407180764E+02   0.8296509344E+02   0.3352301497E+01   0.1703896536E+02  -0.1081956076E+00   0.1599246105E-02
     52.   3.   0.4268636180E+01  -0.1407180764E+02   0.8296509344E+02   0.3399992569E+01   0.1749915082E+02  -0.1037412797E+00   0.1600000605E-02
     52.   4.   0.4268636180E+01  -0.1407180764E+02   0.8296509344E+02   0.3406689452E+01   0.1745448220E+02  -0.1030018587E+00   0.1599904993E-02
     52.   5.   0.4268636180E+01  -0.1407180764E+02   0.8296509344E+02   0.3406583965E+01   0.1745245886E+02  -0.1006116626E+00   0.1599608759E-02
     52.   6.   0.4268636180E+01  -0.1407180764E+02   0.8296509344E+02   0.3406538687E+01   0.1744907614E+02  -0.9680306763E-01   0.1599154416E-02
     53.   1.   0.5627359870E+01  -0.1358564853E+02   0.8304608753E+02   0.4983080305E+01   0.1326334950E+02  -0.1442849344E+00   0.1684621749E-02
     53.   2.   0.5627359870E+01  -0.1358564853E+02   0.8304608753E+02   0.6072420084E+01   0.1662071961E+02  -0.1551608566E+00   0.1681333456E-02
     53.   3.   0.5627359870E+01  -0.1358564853E+02   0.8304608753E+02   0.6181230324E+01   0.1707763617E+02  -0.1517854513E+00   0.1682125107E-02
     53.   4.   0.5627359870E+01  -0.1358564853E+02   0.8304608753E+02   0.6183054216E+01   0.1703353091E+02  -0.1516849118E+00   0.1682054035E-02
     53.   5.   0.5627359870E+01  -0.1358564853E+02   0.8304608753E+02   0.6182992435E+01   0.1703139925E+02  -0.1491765073E+00   0.1681788820E-02
     53.   6.   0.5627359870E+01  -0.1358564853E+02   0.8304608753E+02   0.6182967545E+01   0.1702783695E+02  -0.1449262115E+00   0.1681375602E-02
     54.   1.   0.6931889020E+01  -0.1296865219E+02   0.8314467247E+02   0.7551223510E+01   0.1272547648E+02  -0.2009966045E+00   0.1894468898E-02
     54.   2.   0.6931889020E+01  -0.1296865219E+02   0.8314467247E+02   0.9402644100E+01   0.1615249294E+02  -0.1961026150E+00   0.1890867382E-02
     54.   3.   0.6931889020E+01  -0.1296865219E+02   0.8314467247E+02   0.9545726606E+01   0.1658790460E+02  -0.2009741217E+00   0.1891774920E-02
     54.   4.   0.6931889020E+01  -0.1296865219E+02   0.8314467247E+02   0.9541267913E+01   0.1655928940E+02  -0.1984072105E+00   0.1891741965E-02
     54.   5.   0.6931889020E+01  -0.1296865219E+02   0.8314467247E+02   0.9541256509E+01   0.1655718156E+02  -0.1962116997E+00   0.1891514570E-02
     54.   6.   0.6931889020E+01  -0.1296865219E+02   0.8314467247E+02   0.9541255289E+01   0.1655357666E+02  -0.1920555788E+00   0.1891149890E-02
     55.   1.   0.8169660280E+01  -0.1222676065E+02   0.8325700465E+02   0.1049573652E+02   0.1207900486E+02  -0.2632888842E+00   0.2276733173E-02
     55.   2.   0.8169660280E+01  -0.1222676065E+02   0.8325700465E+02   0.1310210548E+02   0.1568300479E+02  -0.2534796159E+00   0.2272470084E-02
     55.   3.   0.8169660280E+01  -0.1222676065E+02   0.8325700465E+02   0.1335078783E+02   0.1608002800E+02  -0.2639706673E+00   0.2273601237E-02
     55.   4.   0.8169660280E+01  -0.1222676065E+02   0.8325700465E+02   0.1333996209E+02   0.1607003815E+02  -0.2546922156E+00   0.2273623184E-02
     55.   5.   0.8169660280E+01  -0.1222676065E+02   0.8325700465E+02   0.1334000403E+02   0.1606815838E+02  -0.2531924234E+00   0.2273439893E-02
     55.   6.   0.8169660280E+01  -0.1222676065E+02   0.8325700465E+02   0.1334002785E+02   0.1606473312E+02  -0.2496211452E+00   0.2273129369E-02
     56.   1.   0.9328753240E+01  -0.1136711872E+02   0.8337872098E+02   0.1428494163E+02   0.1206704641E+02  -0.1895705575E+00   0.2858060350E-02
     56.   2.   0.9328753240E+01  -0.1136711872E+02   0.8337872098E+02   0.1707588060E+02   0.1507703091E+02  -0.3229126373E+00   0.2852731047E-02
     56.   3.   0.9328753240E+01  -0.1136711872E+02   0.8337872098E+02   0.1743945553E+02   0.1558402709E+02  -0.3035668789E+00   0.2854210656E-02
     56.   4.   0.9328753240E+01  -0.1136711872E+02   0.8337872098E+02   0.1742441610E+02   0.1558049754E+02  -0.2945531880E+00   0.2854306211E-02
     56.   5.   0.9328753240E+01  -0.1136711872E+02   0.8337872098E+02   0.1742470799E+02   0.1559132435E+02  -0.2888176714E+00   0.2854172735E-02
     56.   6.   0.9328753240E+01  -0.1136711872E+02   0.8337872098E+02   0.1742475607E+02   0.1558835897E+02  -0.2862070542E+00   0.2853920159E-02
     57.   1.   0.1039800522E+02  -0.1039800522E+02   0.8350511354E+02   0.1698700794E+02   0.1195454499E+02  -0.2363852217E+00   0.3640077177E-02
     57.   2.   0.1039800522E+02  -0.1039800522E+02   0.8350511354E+02   0.2044807934E+02   0.1451085551E+02  -0.3858008478E+00   0.3633273290E-02
     57.   3.   0.1039800522E+02  -0.1039800522E+02   0.8350511354E+02   0.2092527690E+02   0.1513014325E+02  -0.3623620628E+00   0.3635227382E-02
     57.   4.   0.1039800522E+02  -0.1039800522E+02   0.8350511354E+02   0.2090894420E+02   0.1513483659E+02  -0.3618702264E+00   0.3635414945E-02
     57.   5.   0.1039800522E+02  -0.1039800522E+02   0.8350511354E+02   0.2090939397E+02   0.1515655903E+02  -0.3452979365E+00   0.3635335908E-02
     57.   6.   0.1039800522E+02  -0.1039800522E+02   0.8350511354E+02   0.2090946349E+02   0.1515435304E+02  -0.3438603214E+00   0.3635142907E-02
     58.   1.   0.1136711872E+02  -0.9328753240E+01   0.8363131509E+02   0.1998452013E+02   0.1170085818E+02  -0.2702554100E+00   0.4596601206E-02
     58.   2.   0.1136711872E+02  -0.9328753240E+01   0.8363131509E+02   0.2451225983E+02   0.1411051625E+02  -0.4127971497E+00   0.4587966078E-02
     58.   3.   0.1136711872E+02  -0.9328753240E+01   0.8363131509E+02   0.2509174489E+02   0.1474119304E+02  -0.3805107766E+00   0.4590504572E-02
     58.   4.   0.1136711872E+02  -0.9328753240E+01   0.8363131509E+02   0.2507532088E+02   0.1474391357E+02  -0.3873664799E+00   0.4590799579E-02
     58.   5.   0.1136711872E+02  -0.9328753240E+01   0.8363131509E+02   0.2507611394E+02   0.1476307861E+02  -0.3675305631E+00   0.4590777764E-02
     58.   6.   0.1136711872E+02  -0.9328753240E+01   0.8363131509E+02   0.2507636289E+02   0.1477287562E+02  -0.3606670647E+00   0.4590643446E-02
     59.   1.   0.1222676065E+02  -0.8169660280E+01   0.8375248743E+02   0.2278459093E+02   0.1136435723E+02  -0.2934599547E+00   0.5675175578E-02
     59.   2.   0.1222676065E+02  -0.8169660280E+01   0.8375248743E+02   0.2840677143E+02   0.1388307382E+02  -0.4134748473E+00   0.5664456116E-02
     59.   3.   0.1222676065E+02  -0.8169660280E+01   0.8375248743E+02   0.2905948537E+02   0.1441298394E+02  -0.3952735767E+00   0.5667656517E-02
     59.   4.   0.1222676065E+02  -0.8169660280E+01   0.8375248743E+02   0.2904434823E+02   0.1442302677E+02  -0.4022123604E+00   0.5668068948E-02
     59.   5.   0.1222676065E+02  -0.8169660280E+01   0.8375248743E+02   0.2904510080E+02   0.1444232086E+02  -0.3830168999E+00   0.5668104611E-02
     59.   6.   0.1222676065E+02  -0.8169660280E+01   0.8375248743E+02   0.2904531949E+02   0.1445271082E+02  -0.3774967199E+00   0.5668025389E-02
     60.   1.   0.1296865219E+02  -0.6931889020E+01   0.8386400548E+02   0.2518676799E+02   0.1094993722E+02  -0.2946669988E+00   0.6802439692E-02
     60.   2.   0.1296865219E+02  -0.6931889020E+01   0.8386400548E+02   0.3193963011E+02   0.1360155130E+02  -0.4037065650E+00   0.6789526325E-02
     60.   3.   0.1296865219E+02  -0.6931889020E+01   0.8386400548E+02   0.3267992753E+02   0.1401629336E+02  -0.4134124533E+00   0.6793420864E-02
     60.   4.   0.1296865219E+02  -0.6931889020E+01   0.8386400548E+02   0.3266928289E+02   0.1415420253E+02  -0.3824198449E+00   0.6793953274E-02
     60.   5.   0.1296865219E+02  -0.6931889020E+01   0.8386400548E+02   0.3267047674E+02   0.1417348257E+02  -0.3736489104E+00   0.6794043726E-02
     60.   6.   0.1296865219E+02  -0.6931889020E+01   0.8386400548E+02   0.3267088025E+02   0.1419231409E+02  -0.3523886653E+00   0.6794013553E-02
     61.   1.   0.1358564853E+02  -0.5627359870E+01   0.8396163005E+02   0.2703941605E+02   0.1047400484E+02  -0.2696757425E+00   0.7892341612E-02
     61.   2.   0.1358564853E+02  -0.5627359870E+01   0.8396163005E+02   0.3501086172E+02   0.1342572559E+02  -0.3576726341E+00   0.7877295066E-02
     61.   3.   0.1358564853E+02  -0.5627359870E+01   0.8396163005E+02   0.3583145239E+02   0.1381345353E+02  -0.3684914009E+00   0.7881862673E-02
     61.   4.   0.1358564853E+02  -0.5627359870E+01   0.8396163005E+02   0.3582192270E+02   0.1395265136E+02  -0.3402663945E+00   0.7882509124E-02
     61.   5.   0.1358564853E+02  -0.5627359870E+01   0.8396163005E+02   0.3582276299E+02   0.1396417749E+02  -0.3430410302E+00   0.7882648669E-02
     61.   6.   0.1358564853E+02  -0.5627359870E+01   0.8396163005E+02   0.3582367006E+02   0.1398124593E+02  -0.3119356793E+00   0.7882659599E-02
     62.   1.   0.1407180764E+02  -0.4268636180E+01   0.8404166375E+02   0.2892004257E+02   0.1024348412E+02  -0.2289394467E+00   0.8855929866E-02
     62.   2.   0.1407180764E+02  -0.4268636180E+01   0.8404166375E+02   0.3751588477E+02   0.1327954932E+02  -0.2998071181E+00   0.8838988433E-02
     62.   3.   0.1407180764E+02  -0.4268636180E+01   0.8404166375E+02   0.3839502570E+02   0.1354316390E+02  -0.3218769904E+00   0.8844152583E-02
     62.   4.   0.1407180764E+02  -0.4268636180E+01   0.8404166375E+02   0.3839140117E+02   0.1380451125E+02  -0.2981464669E+00   0.8844898524E-02
     62.   5.   0.1407180764E+02  -0.4268636180E+01   0.8404166375E+02   0.3839222430E+02   0.1381696135E+02  -0.3005769979E+00   0.8845078864E-02
     62.   6.   0.1407180764E+02  -0.4268636180E+01   0.8404166375E+02   0.3839312232E+02   0.1383486260E+02  -0.2698603342E+00   0.8845121840E-02
     63.   1.   0.1442244755E+02  -0.2868803190E+01   0.8410108482E+02   0.3032066137E+02   0.1006854843E+02  -0.1657767110E+00   0.9611376147E-02
     63.   2.   0.1442244755E+02  -0.2868803190E+01   0.8410108482E+02   0.3936718639E+02   0.1317808574E+02  -0.2139698502E+00   0.9592943302E-02
     63.   3.   0.1442244755E+02  -0.2868803190E+01   0.8410108482E+02   0.4029386039E+02   0.1344266936E+02  -0.2290993639E+00   0.9598576091E-02
     63.   4.   0.1442244755E+02  -0.2868803190E+01   0.8410108482E+02   0.4029043609E+02   0.1370285840E+02  -0.2129339573E+00   0.9599399267E-02
     63.   5.   0.1442244755E+02  -0.2868803190E+01   0.8410108482E+02   0.4029122778E+02   0.1371610106E+02  -0.2146741754E+00   0.9599610054E-02
     63.   6.   0.1442244755E+02  -0.2868803190E+01   0.8410108482E+02   0.4029212660E+02   0.1373484775E+02  -0.1842588749E+00   0.9599675660E-02
     64.   1.   0.1463419141E+02  -0.1441342050E+01   0.8413765526E+02   0.3116229204E+02   0.9957030803E+01  -0.8500965056E-01   0.1009301626E-01
     64.   2.   0.1463419141E+02  -0.1441342050E+01   0.8413765526E+02   0.4050296192E+02   0.1311800087E+02  -0.1059770188E+00   0.1007362983E-01
     64.   3.   0.1463419141E+02  -0.1441342050E+01   0.8413765526E+02   0.4145894676E+02   0.1338375684E+02  -0.1136702052E+00   0.1007956185E-01
     64.   4.   0.1463419141E+02  -0.1441342050E+01   0.8413765526E+02   0.4145559122E+02   0.1364334090E+02  -0.1054856734E+00   0.1008043392E-01
     64.   5.   0.1463419141E+02  -0.1441342050E+01   0.8413765526E+02   0.4145608625E+02   0.1364996426E+02  -0.1073506596E+00   0.1008066346E-01
     64.   6.   0.1463419141E+02  -0.1441342050E+01   0.8413765526E+02   0.4145747508E+02   0.1367603657E+02  -0.9039460751E-01   0.1008074244E-01
