# digitalmodel weldolet_crack start-node SIFS audit
# units: K=MPa*sqrt(mm); A = CINT 1 (starts at node 1), B = CINT 3 (starts at node 2)
# sign_factors  -1.0   1.0
# columns: node contour K1A K2A K3A K1B K2B K3B
      1.   1.   0.3837001792E+02   0.1085443171E+02  -0.1735523773E-02   0.3857598099E+02  -0.1113340188E+02   0.3118815978E-09
      1.   2.   0.4198882608E+02   0.1186121514E+02  -0.1315989007E-01   0.4199399365E+02  -0.1196956435E+02  -0.6812485238E-09
      1.   3.   0.4200783283E+02   0.1200645404E+02  -0.2520095025E-01   0.4200762932E+02  -0.1201690121E+02  -0.2236978748E-09
      1.   4.   0.4200992245E+02   0.1201914956E+02  -0.2621914429E-01   0.4200957681E+02  -0.1201920857E+02   0.1576289107E-08
      1.   5.   0.4201038624E+02   0.1202050227E+02  -0.2650289178E-01   0.4201004377E+02  -0.1202056902E+02   0.1366632573E-08
      1.   6.   0.4201051864E+02   0.1202147066E+02  -0.2680301338E-01   0.4201017782E+02  -0.1202154152E+02   0.1043014037E-08
      2.   1.   0.3855360448E+02   0.1113438009E+02   0.5180864098E-01   0.3834786263E+02  -0.1085546796E+02   0.5371037222E-01
      2.   2.   0.4196951523E+02   0.1197062038E+02   0.5722302159E-01   0.4196423188E+02  -0.1186242027E+02   0.7066921875E-01
      2.   3.   0.4198314382E+02   0.1201796100E+02   0.5724595846E-01   0.4198324727E+02  -0.1200774972E+02   0.8252316851E-01
      2.   4.   0.4198509010E+02   0.1202026600E+02   0.5731176061E-01   0.4198533817E+02  -0.1202047373E+02   0.8356725790E-01
      2.   5.   0.4198555672E+02   0.1202162444E+02   0.5735483735E-01   0.4198580145E+02  -0.1202185312E+02   0.8389375041E-01
      2.   6.   0.4198569067E+02   0.1202259490E+02   0.5738438559E-01   0.4198593364E+02  -0.1202285079E+02   0.8422307634E-01
      3.   1.   0.3848651678E+02   0.1113734861E+02   0.1035249538E+00   0.3848651678E+02  -0.1113734861E+02   0.1035249538E+00
      3.   2.   0.4189612877E+02   0.1197379364E+02   0.1143453302E+00   0.4189612877E+02  -0.1197379364E+02   0.1143453302E+00
      3.   3.   0.4190973597E+02   0.1202114390E+02   0.1143907782E+00   0.4190973597E+02  -0.1202114390E+02   0.1143907782E+00
      3.   4.   0.4191167859E+02   0.1202344212E+02   0.1145219725E+00   0.4191167859E+02  -0.1202344212E+02   0.1145219725E+00
      3.   5.   0.4191214426E+02   0.1202479434E+02   0.1146077563E+00   0.4191214426E+02  -0.1202479434E+02   0.1146077563E+00
      3.   6.   0.4191227785E+02   0.1202575868E+02   0.1146665190E+00   0.4191227785E+02  -0.1202575868E+02   0.1146665190E+00
