# digitalmodel weldolet_crotch CINT table
# units: length=mm force=N stress=MPa K=MPa*sqrt(mm) J=N/mm
# mesh_level     1.
# front_nodes      49.
# contours   6.
# columns: node contour x y z K1 K2 K3 J
      1.   1.   0.1190500000E+02   0.0000000000E+00   0.8465000000E+02   0.1703336519E+03   0.0000000000E+00   0.0000000000E+00   0.1909252262E+00
      1.   2.   0.1190500000E+02   0.0000000000E+00   0.8465000000E+02   0.1965588165E+03   0.0000000000E+00   0.0000000000E+00   0.1905618863E+00
      1.   3.   0.1190500000E+02   0.0000000000E+00   0.8465000000E+02   0.1966655599E+03   0.0000000000E+00   0.0000000000E+00   0.1907587933E+00
      1.   4.   0.1190500000E+02   0.0000000000E+00   0.8465000000E+02   0.1966990844E+03   0.0000000000E+00   0.0000000000E+00   0.1908349193E+00
      1.   5.   0.1190500000E+02   0.0000000000E+00   0.8465000000E+02   0.1967199312E+03   0.0000000000E+00   0.0000000000E+00   0.1908490948E+00
      1.   6.   0.1190500000E+02   0.0000000000E+00   0.8465000000E+02   0.1967342488E+03   0.0000000000E+00   0.0000000000E+00   0.1908287363E+00
      2.   1.   0.1213792894E+02   0.0000000000E+00   0.8464029463E+02   0.1771386266E+03   0.0000000000E+00   0.0000000000E+00   0.1872249585E+00
      2.   2.   0.1213792894E+02   0.0000000000E+00   0.8464029463E+02   0.1934048657E+03   0.0000000000E+00   0.0000000000E+00   0.1868190482E+00
      2.   3.   0.1213792894E+02   0.0000000000E+00   0.8464029463E+02   0.1934766342E+03   0.0000000000E+00   0.0000000000E+00   0.1868946713E+00
      2.   4.   0.1213792894E+02   0.0000000000E+00   0.8464029463E+02   0.1934929293E+03   0.0000000000E+00   0.0000000000E+00   0.1868820372E+00
      2.   5.   0.1213792894E+02   0.0000000000E+00   0.8464029463E+02   0.1935017491E+03   0.0000000000E+00   0.0000000000E+00   0.1868829445E+00
      2.   6.   0.1213792894E+02   0.0000000000E+00   0.8464029463E+02   0.1935080470E+03   0.0000000000E+00   0.0000000000E+00   0.1868963970E+00
      3.   1.   0.1236844828E+02   0.0000000000E+00   0.8461137931E+02   0.1710204236E+03   0.0000000000E+00   0.0000000000E+00   0.1742916034E+00
      3.   2.   0.1236844828E+02   0.0000000000E+00   0.8461137931E+02   0.1866684498E+03   0.0000000000E+00   0.0000000000E+00   0.1739329034E+00
      3.   3.   0.1236844828E+02   0.0000000000E+00   0.8461137931E+02   0.1867329864E+03   0.0000000000E+00   0.0000000000E+00   0.1740405165E+00
      3.   4.   0.1236844828E+02   0.0000000000E+00   0.8461137931E+02   0.1867435969E+03   0.0000000000E+00   0.0000000000E+00   0.1740562132E+00
      3.   5.   0.1236844828E+02   0.0000000000E+00   0.8461137931E+02   0.1867466546E+03   0.0000000000E+00   0.0000000000E+00   0.1740599893E+00
      3.   6.   0.1236844828E+02   0.0000000000E+00   0.8461137931E+02   0.1867475696E+03   0.0000000000E+00   0.0000000000E+00   0.1740606744E+00
      4.   1.   0.1259423077E+02   0.0000000000E+00   0.8456384615E+02   0.1659535476E+03   0.0000000000E+00   0.0000000000E+00   0.1638279191E+00
      4.   2.   0.1259423077E+02   0.0000000000E+00   0.8456384615E+02   0.1809844413E+03   0.0000000000E+00   0.0000000000E+00   0.1634938715E+00
      4.   3.   0.1259423077E+02   0.0000000000E+00   0.8456384615E+02   0.1810447179E+03   0.0000000000E+00   0.0000000000E+00   0.1635941810E+00
      4.   4.   0.1259423077E+02   0.0000000000E+00   0.8456384615E+02   0.1810533464E+03   0.0000000000E+00   0.0000000000E+00   0.1636087828E+00
      4.   5.   0.1259423077E+02   0.0000000000E+00   0.8456384615E+02   0.1810554041E+03   0.0000000000E+00   0.0000000000E+00   0.1636123727E+00
      4.   6.   0.1259423077E+02   0.0000000000E+00   0.8456384615E+02   0.1810560246E+03   0.0000000000E+00   0.0000000000E+00   0.1636134993E+00
      5.   1.   0.1281310811E+02   0.0000000000E+00   0.8449864865E+02   0.1620269892E+03   0.0000000000E+00   0.0000000000E+00   0.1557516781E+00
      5.   2.   0.1281310811E+02   0.0000000000E+00   0.8449864865E+02   0.1764654177E+03   0.0000000000E+00   0.0000000000E+00   0.1554372716E+00
      5.   3.   0.1281310811E+02   0.0000000000E+00   0.8449864865E+02   0.1765236662E+03   0.0000000000E+00   0.0000000000E+00   0.1555317176E+00
      5.   4.   0.1281310811E+02   0.0000000000E+00   0.8449864865E+02   0.1765319357E+03   0.0000000000E+00   0.0000000000E+00   0.1555454757E+00
      5.   5.   0.1281310811E+02   0.0000000000E+00   0.8449864865E+02   0.1765339814E+03   0.0000000000E+00   0.0000000000E+00   0.1555488642E+00
      5.   6.   0.1281310811E+02   0.0000000000E+00   0.8449864865E+02   0.1765346638E+03   0.0000000000E+00   0.0000000000E+00   0.1555499255E+00
      6.   1.   0.1302313644E+02   0.0000000000E+00   0.8441705491E+02   0.1590557402E+03   0.0000000000E+00   0.0000000000E+00   0.1495364750E+00
      6.   2.   0.1302313644E+02   0.0000000000E+00   0.8441705491E+02   0.1729060083E+03   0.0000000000E+00   0.0000000000E+00   0.1492373805E+00
      6.   3.   0.1302313644E+02   0.0000000000E+00   0.8441705491E+02   0.1729629514E+03   0.0000000000E+00   0.0000000000E+00   0.1493272972E+00
      6.   4.   0.1302313644E+02   0.0000000000E+00   0.8441705491E+02   0.1729710329E+03   0.0000000000E+00   0.0000000000E+00   0.1493403970E+00
      6.   5.   0.1302313644E+02   0.0000000000E+00   0.8441705491E+02   0.1729730638E+03   0.0000000000E+00   0.0000000000E+00   0.1493436518E+00
      6.   6.   0.1302313644E+02   0.0000000000E+00   0.8441705491E+02   0.1729737639E+03   0.0000000000E+00   0.0000000000E+00   0.1493447033E+00
      7.   1.   0.1322264706E+02   0.0000000000E+00   0.8432058824E+02   0.1568866428E+03   0.0000000000E+00   0.0000000000E+00   0.1447971115E+00
      7.   2.   0.1322264706E+02   0.0000000000E+00   0.8432058824E+02   0.1701415476E+03   0.0000000000E+00   0.0000000000E+00   0.1445100082E+00
      7.   3.   0.1322264706E+02   0.0000000000E+00   0.8432058824E+02   0.1701974790E+03   0.0000000000E+00   0.0000000000E+00   0.1445963989E+00
      7.   4.   0.1322264706E+02   0.0000000000E+00   0.8432058824E+02   0.1702054340E+03   0.0000000000E+00   0.0000000000E+00   0.1446089922E+00
      7.   5.   0.1322264706E+02   0.0000000000E+00   0.8432058824E+02   0.1702074643E+03   0.0000000000E+00   0.0000000000E+00   0.1446121465E+00
      7.   6.   0.1322264706E+02   0.0000000000E+00   0.8432058824E+02   0.1702081851E+03   0.0000000000E+00   0.0000000000E+00   0.1446131855E+00
      8.   1.   0.1341028000E+02   0.0000000000E+00   0.8421096000E+02   0.1554054745E+03   0.0000000000E+00   0.0000000000E+00   0.1412583152E+00
      8.   2.   0.1341028000E+02   0.0000000000E+00   0.8421096000E+02   0.1680479694E+03   0.0000000000E+00   0.0000000000E+00   0.1409805078E+00
      8.   3.   0.1341028000E+02   0.0000000000E+00   0.8421096000E+02   0.1681031000E+03   0.0000000000E+00   0.0000000000E+00   0.1410641962E+00
      8.   4.   0.1341028000E+02   0.0000000000E+00   0.8421096000E+02   0.1681109535E+03   0.0000000000E+00   0.0000000000E+00   0.1410764030E+00
      8.   5.   0.1341028000E+02   0.0000000000E+00   0.8421096000E+02   0.1681129830E+03   0.0000000000E+00   0.0000000000E+00   0.1410794846E+00
      8.   6.   0.1341028000E+02   0.0000000000E+00   0.8421096000E+02   0.1681137220E+03   0.0000000000E+00   0.0000000000E+00   0.1410805196E+00
      9.   1.   0.1358500000E+02   0.0000000000E+00   0.8409000000E+02   0.1545269540E+03   0.0000000000E+00   0.0000000000E+00   0.1387151007E+00
      9.   2.   0.1358500000E+02   0.0000000000E+00   0.8409000000E+02   0.1665276278E+03   0.0000000000E+00   0.0000000000E+00   0.1384443533E+00
      9.   3.   0.1358500000E+02   0.0000000000E+00   0.8409000000E+02   0.1665821239E+03   0.0000000000E+00   0.0000000000E+00   0.1385260156E+00
      9.   4.   0.1358500000E+02   0.0000000000E+00   0.8409000000E+02   0.1665899002E+03   0.0000000000E+00   0.0000000000E+00   0.1385379351E+00
      9.   5.   0.1358500000E+02   0.0000000000E+00   0.8409000000E+02   0.1665919330E+03   0.0000000000E+00   0.0000000000E+00   0.1385409663E+00
      9.   6.   0.1358500000E+02   0.0000000000E+00   0.8409000000E+02   0.1665926902E+03   0.0000000000E+00   0.0000000000E+00   0.1385420019E+00
     10.   1.   0.1374609589E+02   0.0000000000E+00   0.8395958904E+02   0.1541882567E+03   0.0000000000E+00   0.0000000000E+00   0.1370082549E+00
     10.   2.   0.1374609589E+02   0.0000000000E+00   0.8395958904E+02   0.1655001045E+03   0.0000000000E+00   0.0000000000E+00   0.1367426793E+00
     10.   3.   0.1374609589E+02   0.0000000000E+00   0.8395958904E+02   0.1655541060E+03   0.0000000000E+00   0.0000000000E+00   0.1368228821E+00
     10.   4.   0.1374609589E+02   0.0000000000E+00   0.8395958904E+02   0.1655618249E+03   0.0000000000E+00   0.0000000000E+00   0.1368345966E+00
     10.   5.   0.1374609589E+02   0.0000000000E+00   0.8395958904E+02   0.1655638636E+03   0.0000000000E+00   0.0000000000E+00   0.1368375957E+00
     10.   6.   0.1374609589E+02   0.0000000000E+00   0.8395958904E+02   0.1655646382E+03   0.0000000000E+00   0.0000000000E+00   0.1368386357E+00
     11.   1.   0.1389316568E+02   0.0000000000E+00   0.8382159763E+02   0.1543462328E+03   0.0000000000E+00   0.0000000000E+00   0.1360094529E+00
     11.   2.   0.1389316568E+02   0.0000000000E+00   0.8382159763E+02   0.1648966713E+03   0.0000000000E+00   0.0000000000E+00   0.1357474858E+00
     11.   3.   0.1389316568E+02   0.0000000000E+00   0.8382159763E+02   0.1649502981E+03   0.0000000000E+00   0.0000000000E+00   0.1358267054E+00
     11.   4.   0.1389316568E+02   0.0000000000E+00   0.8382159763E+02   0.1649579770E+03   0.0000000000E+00   0.0000000000E+00   0.1358382841E+00
     11.   5.   0.1389316568E+02   0.0000000000E+00   0.8382159763E+02   0.1649600238E+03   0.0000000000E+00   0.0000000000E+00   0.1358412659E+00
     11.   6.   0.1389316568E+02   0.0000000000E+00   0.8382159763E+02   0.1649608151E+03   0.0000000000E+00   0.0000000000E+00   0.1358423137E+00
     12.   1.   0.1402609039E+02   0.0000000000E+00   0.8367783357E+02   0.1549882260E+03   0.0000000000E+00   0.0000000000E+00   0.1356124113E+00
     12.   2.   0.1402609039E+02   0.0000000000E+00   0.8367783357E+02   0.1646571434E+03   0.0000000000E+00   0.0000000000E+00   0.1353527084E+00
     12.   3.   0.1402609039E+02   0.0000000000E+00   0.8367783357E+02   0.1647104979E+03   0.0000000000E+00   0.0000000000E+00   0.1354313478E+00
     12.   4.   0.1402609039E+02   0.0000000000E+00   0.8367783357E+02   0.1647181517E+03   0.0000000000E+00   0.0000000000E+00   0.1354428491E+00
     12.   5.   0.1402609039E+02   0.0000000000E+00   0.8367783357E+02   0.1647202082E+03   0.0000000000E+00   0.0000000000E+00   0.1354458263E+00
     12.   6.   0.1402609039E+02   0.0000000000E+00   0.8367783357E+02   0.1647210153E+03   0.0000000000E+00   0.0000000000E+00   0.1354468841E+00
     13.   1.   0.1414500000E+02   0.0000000000E+00   0.8353000000E+02   0.1561821588E+03   0.0000000000E+00   0.0000000000E+00   0.1357272785E+00
     13.   2.   0.1414500000E+02   0.0000000000E+00   0.8353000000E+02   0.1647279781E+03   0.0000000000E+00   0.0000000000E+00   0.1354686991E+00
     13.   3.   0.1414500000E+02   0.0000000000E+00   0.8353000000E+02   0.1647811504E+03   0.0000000000E+00   0.0000000000E+00   0.1355471013E+00
     13.   4.   0.1414500000E+02   0.0000000000E+00   0.8353000000E+02   0.1647887918E+03   0.0000000000E+00   0.0000000000E+00   0.1355585742E+00
     13.   5.   0.1414500000E+02   0.0000000000E+00   0.8353000000E+02   0.1647908595E+03   0.0000000000E+00   0.0000000000E+00   0.1355615574E+00
     13.   6.   0.1414500000E+02   0.0000000000E+00   0.8353000000E+02   0.1647916815E+03   0.0000000000E+00   0.0000000000E+00   0.1355626268E+00
     14.   1.   0.1425023490E+02   0.0000000000E+00   0.8337966443E+02   0.1581959898E+03   0.0000000000E+00   0.0000000000E+00   0.1362770429E+00
     14.   2.   0.1425023490E+02   0.0000000000E+00   0.8337966443E+02   0.1650607490E+03   0.0000000000E+00   0.0000000000E+00   0.1360186176E+00
     14.   3.   0.1425023490E+02   0.0000000000E+00   0.8337966443E+02   0.1651138174E+03   0.0000000000E+00   0.0000000000E+00   0.1360970738E+00
     14.   4.   0.1425023490E+02   0.0000000000E+00   0.8337966443E+02   0.1651214577E+03   0.0000000000E+00   0.0000000000E+00   0.1361085603E+00
     14.   5.   0.1425023490E+02   0.0000000000E+00   0.8337966443E+02   0.1651235375E+03   0.0000000000E+00   0.0000000000E+00   0.1361115579E+00
     14.   6.   0.1425023490E+02   0.0000000000E+00   0.8337966443E+02   0.1651243735E+03   0.0000000000E+00   0.0000000000E+00   0.1361126405E+00
     15.   1.   0.1434230570E+02   0.0000000000E+00   0.8322823834E+02   0.1613167266E+03   0.0000000000E+00   0.0000000000E+00   0.1371949852E+00
     15.   2.   0.1434230570E+02   0.0000000000E+00   0.8322823834E+02   0.1656115722E+03   0.0000000000E+00   0.0000000000E+00   0.1369358866E+00
     15.   3.   0.1434230570E+02   0.0000000000E+00   0.8322823834E+02   0.1656646060E+03   0.0000000000E+00   0.0000000000E+00   0.1370146443E+00
     15.   4.   0.1434230570E+02   0.0000000000E+00   0.8322823834E+02   0.1656722547E+03   0.0000000000E+00   0.0000000000E+00   0.1370261795E+00
     15.   5.   0.1434230570E+02   0.0000000000E+00   0.8322823834E+02   0.1656743475E+03   0.0000000000E+00   0.0000000000E+00   0.1370291990E+00
     15.   6.   0.1434230570E+02   0.0000000000E+00   0.8322823834E+02   0.1656751965E+03   0.0000000000E+00   0.0000000000E+00   0.1370302955E+00
     16.   1.   0.1442185393E+02   0.0000000000E+00   0.8307696629E+02   0.1644072731E+03   0.0000000000E+00   0.0000000000E+00   0.1384228815E+00
     16.   2.   0.1442185393E+02   0.0000000000E+00   0.8307696629E+02   0.1663456959E+03   0.0000000000E+00   0.0000000000E+00   0.1381624237E+00
     16.   3.   0.1442185393E+02   0.0000000000E+00   0.8307696629E+02   0.1663987560E+03   0.0000000000E+00   0.0000000000E+00   0.1382416915E+00
     16.   4.   0.1442185393E+02   0.0000000000E+00   0.8307696629E+02   0.1664064211E+03   0.0000000000E+00   0.0000000000E+00   0.1382533049E+00
     16.   5.   0.1442185393E+02   0.0000000000E+00   0.8307696629E+02   0.1664085276E+03   0.0000000000E+00   0.0000000000E+00   0.1382563521E+00
     16.   6.   0.1442185393E+02   0.0000000000E+00   0.8307696629E+02   0.1664093887E+03   0.0000000000E+00   0.0000000000E+00   0.1382574635E+00
     17.   1.   0.1448961538E+02   0.0000000000E+00   0.8292692308E+02   0.1659558599E+03   0.0000000000E+00   0.0000000000E+00   0.1399100284E+00
     17.   2.   0.1448961538E+02   0.0000000000E+00   0.8292692308E+02   0.1672366100E+03   0.0000000000E+00   0.0000000000E+00   0.1396476052E+00
     17.   3.   0.1448961538E+02   0.0000000000E+00   0.8292692308E+02   0.1672897499E+03   0.0000000000E+00   0.0000000000E+00   0.1397275597E+00
     17.   4.   0.1448961538E+02   0.0000000000E+00   0.8292692308E+02   0.1672974386E+03   0.0000000000E+00   0.0000000000E+00   0.1397392763E+00
     17.   5.   0.1448961538E+02   0.0000000000E+00   0.8292692308E+02   0.1672995593E+03   0.0000000000E+00   0.0000000000E+00   0.1397423563E+00
     17.   6.   0.1448961538E+02   0.0000000000E+00   0.8292692308E+02   0.1673004317E+03   0.0000000000E+00   0.0000000000E+00   0.1397434829E+00
     18.   1.   0.1454638728E+02   0.0000000000E+00   0.8277901734E+02   0.1668070084E+03   0.0000000000E+00   0.0000000000E+00   0.1416124207E+00
     18.   2.   0.1454638728E+02   0.0000000000E+00   0.8277901734E+02   0.1682545587E+03   0.0000000000E+00   0.0000000000E+00   0.1413475201E+00
     18.   3.   0.1454638728E+02   0.0000000000E+00   0.8277901734E+02   0.1683078256E+03   0.0000000000E+00   0.0000000000E+00   0.1414283105E+00
     18.   4.   0.1454638728E+02   0.0000000000E+00   0.8277901734E+02   0.1683155439E+03   0.0000000000E+00   0.0000000000E+00   0.1414401512E+00
     18.   5.   0.1454638728E+02   0.0000000000E+00   0.8277901734E+02   0.1683176792E+03   0.0000000000E+00   0.0000000000E+00   0.1414432681E+00
     18.   6.   0.1454638728E+02   0.0000000000E+00   0.8277901734E+02   0.1683185620E+03   0.0000000000E+00   0.0000000000E+00   0.1414444103E+00
     19.   1.   0.1459300000E+02   0.0000000000E+00   0.8263400000E+02   0.1677610984E+03   0.0000000000E+00   0.0000000000E+00   0.1434919707E+00
     19.   2.   0.1459300000E+02   0.0000000000E+00   0.8263400000E+02   0.1693719695E+03   0.0000000000E+00   0.0000000000E+00   0.1432241872E+00
     19.   3.   0.1459300000E+02   0.0000000000E+00   0.8263400000E+02   0.1694254044E+03   0.0000000000E+00   0.0000000000E+00   0.1433059357E+00
     19.   4.   0.1459300000E+02   0.0000000000E+00   0.8263400000E+02   0.1694331577E+03   0.0000000000E+00   0.0000000000E+00   0.1433179185E+00
     19.   5.   0.1459300000E+02   0.0000000000E+00   0.8263400000E+02   0.1694353077E+03   0.0000000000E+00   0.0000000000E+00   0.1433210754E+00
     19.   6.   0.1459300000E+02   0.0000000000E+00   0.8263400000E+02   0.1694362003E+03   0.0000000000E+00   0.0000000000E+00   0.1433222336E+00
     20.   1.   0.1463029349E+02   0.0000000000E+00   0.8249247599E+02   0.1689101826E+03   0.0000000000E+00   0.0000000000E+00   0.1455158734E+00
     20.   2.   0.1463029349E+02   0.0000000000E+00   0.8249247599E+02   0.1705668702E+03   0.0000000000E+00   0.0000000000E+00   0.1452448487E+00
     20.   3.   0.1463029349E+02   0.0000000000E+00   0.8249247599E+02   0.1706205088E+03   0.0000000000E+00   0.0000000000E+00   0.1453276592E+00
     20.   4.   0.1463029349E+02   0.0000000000E+00   0.8249247599E+02   0.1706283014E+03   0.0000000000E+00   0.0000000000E+00   0.1453397981E+00
     20.   5.   0.1463029349E+02   0.0000000000E+00   0.8249247599E+02   0.1706304664E+03   0.0000000000E+00   0.0000000000E+00   0.1453429979E+00
     20.   6.   0.1463029349E+02   0.0000000000E+00   0.8249247599E+02   0.1706313681E+03   0.0000000000E+00   0.0000000000E+00   0.1453441721E+00
     21.   1.   0.1465909836E+02   0.0000000000E+00   0.8235491803E+02   0.1701907894E+03   0.0000000000E+00   0.0000000000E+00   0.1476558852E+00
     21.   2.   0.1465909836E+02   0.0000000000E+00   0.8235491803E+02   0.1718211829E+03   0.0000000000E+00   0.0000000000E+00   0.1473813402E+00
     21.   3.   0.1465909836E+02   0.0000000000E+00   0.8235491803E+02   0.1718750570E+03   0.0000000000E+00   0.0000000000E+00   0.1474652980E+00
     21.   4.   0.1465909836E+02   0.0000000000E+00   0.8235491803E+02   0.1718828924E+03   0.0000000000E+00   0.0000000000E+00   0.1474776049E+00
     21.   5.   0.1465909836E+02   0.0000000000E+00   0.8235491803E+02   0.1718850725E+03   0.0000000000E+00   0.0000000000E+00   0.1474808498E+00
     21.   6.   0.1465909836E+02   0.0000000000E+00   0.8235491803E+02   0.1718859827E+03   0.0000000000E+00   0.0000000000E+00   0.1474820399E+00
     22.   1.   0.1468022124E+02   0.0000000000E+00   0.8222168142E+02   0.1715525500E+03   0.0000000000E+00   0.0000000000E+00   0.1498878457E+00
     22.   2.   0.1468022124E+02   0.0000000000E+00   0.8222168142E+02   0.1731196578E+03   0.0000000000E+00   0.0000000000E+00   0.1496095230E+00
     22.   3.   0.1468022124E+02   0.0000000000E+00   0.8222168142E+02   0.1731737946E+03   0.0000000000E+00   0.0000000000E+00   0.1496946982E+00
     22.   4.   0.1468022124E+02   0.0000000000E+00   0.8222168142E+02   0.1731816762E+03   0.0000000000E+00   0.0000000000E+00   0.1497071830E+00
     22.   5.   0.1468022124E+02   0.0000000000E+00   0.8222168142E+02   0.1731838715E+03   0.0000000000E+00   0.0000000000E+00   0.1497104744E+00
     22.   6.   0.1468022124E+02   0.0000000000E+00   0.8222168142E+02   0.1731847896E+03   0.0000000000E+00   0.0000000000E+00   0.1497116806E+00
     23.   1.   0.1469443396E+02   0.0000000000E+00   0.8209301887E+02   0.1729670578E+03   0.0000000000E+00   0.0000000000E+00   0.1521910606E+00
     23.   2.   0.1469443396E+02   0.0000000000E+00   0.8209301887E+02   0.1744494080E+03   0.0000000000E+00   0.0000000000E+00   0.1519087575E+00
     23.   3.   0.1469443396E+02   0.0000000000E+00   0.8209301887E+02   0.1745038312E+03   0.0000000000E+00   0.0000000000E+00   0.1519952073E+00
     23.   4.   0.1469443396E+02   0.0000000000E+00   0.8209301887E+02   0.1745117617E+03   0.0000000000E+00   0.0000000000E+00   0.1520078778E+00
     23.   5.   0.1469443396E+02   0.0000000000E+00   0.8209301887E+02   0.1745139721E+03   0.0000000000E+00   0.0000000000E+00   0.1520112171E+00
     23.   6.   0.1469443396E+02   0.0000000000E+00   0.8209301887E+02   0.1745148975E+03   0.0000000000E+00   0.0000000000E+00   0.1520124391E+00
     24.   1.   0.1470246606E+02   0.0000000000E+00   0.8196909502E+02   0.1744182314E+03   0.0000000000E+00   0.0000000000E+00   0.1545475477E+00
     24.   2.   0.1470246606E+02   0.0000000000E+00   0.8196909502E+02   0.1757994161E+03   0.0000000000E+00   0.0000000000E+00   0.1542611060E+00
     24.   3.   0.1470246606E+02   0.0000000000E+00   0.8196909502E+02   0.1758541452E+03   0.0000000000E+00   0.0000000000E+00   0.1543488732E+00
     24.   4.   0.1470246606E+02   0.0000000000E+00   0.8196909502E+02   0.1758621268E+03   0.0000000000E+00   0.0000000000E+00   0.1543617356E+00
     24.   5.   0.1470246606E+02   0.0000000000E+00   0.8196909502E+02   0.1758643526E+03   0.0000000000E+00   0.0000000000E+00   0.1543651237E+00
     24.   6.   0.1470246606E+02   0.0000000000E+00   0.8196909502E+02   0.1758652850E+03   0.0000000000E+00   0.0000000000E+00   0.1543663617E+00
     25.   1.   0.1470500000E+02   0.0000000000E+00   0.8185000000E+02   0.1758159330E+03   0.0000000000E+00   0.0000000000E+00   0.1569693315E+00
     25.   2.   0.1470500000E+02   0.0000000000E+00   0.8185000000E+02   0.1771757942E+03   0.0000000000E+00   0.0000000000E+00   0.1566787002E+00
     25.   3.   0.1470500000E+02   0.0000000000E+00   0.8185000000E+02   0.1772308823E+03   0.0000000000E+00   0.0000000000E+00   0.1567677867E+00
     25.   4.   0.1470500000E+02   0.0000000000E+00   0.8185000000E+02   0.1772389235E+03   0.0000000000E+00   0.0000000000E+00   0.1567808463E+00
     25.   5.   0.1470500000E+02   0.0000000000E+00   0.8185000000E+02   0.1772411680E+03   0.0000000000E+00   0.0000000000E+00   0.1567842840E+00
     25.   6.   0.1470500000E+02   0.0000000000E+00   0.8185000000E+02   0.1772421096E+03   0.0000000000E+00   0.0000000000E+00   0.1567855383E+00
     26.   1.   0.1470246606E+02   0.0000000000E+00   0.8173090498E+02   0.1772035320E+03   0.0000000000E+00   0.0000000000E+00   0.1595214506E+00
     26.   2.   0.1470246606E+02   0.0000000000E+00   0.8173090498E+02   0.1786089345E+03   0.0000000000E+00   0.0000000000E+00   0.1592257686E+00
     26.   3.   0.1470246606E+02   0.0000000000E+00   0.8173090498E+02   0.1786645388E+03   0.0000000000E+00   0.0000000000E+00   0.1593163602E+00
     26.   4.   0.1470246606E+02   0.0000000000E+00   0.8173090498E+02   0.1786726476E+03   0.0000000000E+00   0.0000000000E+00   0.1593296326E+00
     26.   5.   0.1470246606E+02   0.0000000000E+00   0.8173090498E+02   0.1786749083E+03   0.0000000000E+00   0.0000000000E+00   0.1593331228E+00
     26.   6.   0.1470246606E+02   0.0000000000E+00   0.8173090498E+02   0.1786758549E+03   0.0000000000E+00   0.0000000000E+00   0.1593343921E+00
     27.   1.   0.1469443396E+02   0.0000000000E+00   0.8160698113E+02   0.1786216200E+03   0.0000000000E+00   0.0000000000E+00   0.1622976783E+00
     27.   2.   0.1469443396E+02   0.0000000000E+00   0.8160698113E+02   0.1801551764E+03   0.0000000000E+00   0.0000000000E+00   0.1619965751E+00
     27.   3.   0.1469443396E+02   0.0000000000E+00   0.8160698113E+02   0.1802113802E+03   0.0000000000E+00   0.0000000000E+00   0.1620887679E+00
     27.   4.   0.1469443396E+02   0.0000000000E+00   0.8160698113E+02   0.1802195691E+03   0.0000000000E+00   0.0000000000E+00   0.1621022718E+00
     27.   5.   0.1469443396E+02   0.0000000000E+00   0.8160698113E+02   0.1802218504E+03   0.0000000000E+00   0.0000000000E+00   0.1621058189E+00
     27.   6.   0.1469443396E+02   0.0000000000E+00   0.8160698113E+02   0.1802228046E+03   0.0000000000E+00   0.0000000000E+00   0.1621071047E+00
     28.   1.   0.1468022124E+02   0.0000000000E+00   0.8147831858E+02   0.1801878278E+03   0.0000000000E+00   0.0000000000E+00   0.1653442346E+00
     28.   2.   0.1468022124E+02   0.0000000000E+00   0.8147831858E+02   0.1818371968E+03   0.0000000000E+00   0.0000000000E+00   0.1650371248E+00
     28.   3.   0.1468022124E+02   0.0000000000E+00   0.8147831858E+02   0.1818940601E+03   0.0000000000E+00   0.0000000000E+00   0.1651310881E+00
     28.   4.   0.1468022124E+02   0.0000000000E+00   0.8147831858E+02   0.1819023370E+03   0.0000000000E+00   0.0000000000E+00   0.1651448480E+00
     28.   5.   0.1468022124E+02   0.0000000000E+00   0.8147831858E+02   0.1819046407E+03   0.0000000000E+00   0.0000000000E+00   0.1651484572E+00
     28.   6.   0.1468022124E+02   0.0000000000E+00   0.8147831858E+02   0.1819056027E+03   0.0000000000E+00   0.0000000000E+00   0.1651497609E+00
     29.   1.   0.1465909836E+02   0.0000000000E+00   0.8134508197E+02   0.1819187152E+03   0.0000000000E+00   0.0000000000E+00   0.1686870433E+00
     29.   2.   0.1465909836E+02   0.0000000000E+00   0.8134508197E+02   0.1836655121E+03   0.0000000000E+00   0.0000000000E+00   0.1683732719E+00
     29.   3.   0.1465909836E+02   0.0000000000E+00   0.8134508197E+02   0.1837231001E+03   0.0000000000E+00   0.0000000000E+00   0.1684691957E+00
     29.   4.   0.1465909836E+02   0.0000000000E+00   0.8134508197E+02   0.1837314734E+03   0.0000000000E+00   0.0000000000E+00   0.1684832386E+00
     29.   5.   0.1465909836E+02   0.0000000000E+00   0.8134508197E+02   0.1837338010E+03   0.0000000000E+00   0.0000000000E+00   0.1684869159E+00
     29.   6.   0.1465909836E+02   0.0000000000E+00   0.8134508197E+02   0.1837347708E+03   0.0000000000E+00   0.0000000000E+00   0.1684882385E+00
     30.   1.   0.1463029349E+02   0.0000000000E+00   0.8120752401E+02   0.1838432510E+03   0.0000000000E+00   0.0000000000E+00   0.1723544343E+00
     30.   2.   0.1463029349E+02   0.0000000000E+00   0.8120752401E+02   0.1856511611E+03   0.0000000000E+00   0.0000000000E+00   0.1720332641E+00
     30.   3.   0.1463029349E+02   0.0000000000E+00   0.8120752401E+02   0.1857095430E+03   0.0000000000E+00   0.0000000000E+00   0.1721313591E+00
     30.   4.   0.1463029349E+02   0.0000000000E+00   0.8120752401E+02   0.1857180218E+03   0.0000000000E+00   0.0000000000E+00   0.1721457150E+00
     30.   5.   0.1463029349E+02   0.0000000000E+00   0.8120752401E+02   0.1857203747E+03   0.0000000000E+00   0.0000000000E+00   0.1721494666E+00
     30.   6.   0.1463029349E+02   0.0000000000E+00   0.8120752401E+02   0.1857213522E+03   0.0000000000E+00   0.0000000000E+00   0.1721508093E+00
     31.   1.   0.1459300000E+02   0.0000000000E+00   0.8106600000E+02   0.1860142999E+03   0.0000000000E+00   0.0000000000E+00   0.1763778235E+00
     31.   2.   0.1459300000E+02   0.0000000000E+00   0.8106600000E+02   0.1878059337E+03   0.0000000000E+00   0.0000000000E+00   0.1760484651E+00
     31.   3.   0.1459300000E+02   0.0000000000E+00   0.8106600000E+02   0.1878651835E+03   0.0000000000E+00   0.0000000000E+00   0.1761489637E+00
     31.   4.   0.1459300000E+02   0.0000000000E+00   0.8106600000E+02   0.1878737771E+03   0.0000000000E+00   0.0000000000E+00   0.1761636659E+00
     31.   5.   0.1459300000E+02   0.0000000000E+00   0.8106600000E+02   0.1878761568E+03   0.0000000000E+00   0.0000000000E+00   0.1761674987E+00
     31.   6.   0.1459300000E+02   0.0000000000E+00   0.8106600000E+02   0.1878771418E+03   0.0000000000E+00   0.0000000000E+00   0.1761688627E+00
     32.   1.   0.1454638728E+02   0.0000000000E+00   0.8092098266E+02   0.1885004113E+03   0.0000000000E+00   0.0000000000E+00   0.1807922561E+00
     32.   2.   0.1454638728E+02   0.0000000000E+00   0.8092098266E+02   0.1901426047E+03   0.0000000000E+00   0.0000000000E+00   0.1804538144E+00
     32.   3.   0.1454638728E+02   0.0000000000E+00   0.8092098266E+02   0.1902027998E+03   0.0000000000E+00   0.0000000000E+00   0.1805569761E+00
     32.   4.   0.1454638728E+02   0.0000000000E+00   0.8092098266E+02   0.1902115179E+03   0.0000000000E+00   0.0000000000E+00   0.1805720607E+00
     32.   5.   0.1454638728E+02   0.0000000000E+00   0.8092098266E+02   0.1902139259E+03   0.0000000000E+00   0.0000000000E+00   0.1805759826E+00
     32.   6.   0.1454638728E+02   0.0000000000E+00   0.8092098266E+02   0.1902149181E+03   0.0000000000E+00   0.0000000000E+00   0.1805773692E+00
     33.   1.   0.1448961538E+02   0.0000000000E+00   0.8077307692E+02   0.1911921411E+03   0.0000000000E+00   0.0000000000E+00   0.1856368569E+00
     33.   2.   0.1448961538E+02   0.0000000000E+00   0.8077307692E+02   0.1926758303E+03   0.0000000000E+00   0.0000000000E+00   0.1852883663E+00
     33.   3.   0.1448961538E+02   0.0000000000E+00   0.8077307692E+02   0.1927370516E+03   0.0000000000E+00   0.0000000000E+00   0.1853944761E+00
     33.   4.   0.1448961538E+02   0.0000000000E+00   0.8077307692E+02   0.1927459051E+03   0.0000000000E+00   0.0000000000E+00   0.1854099846E+00
     33.   5.   0.1448961538E+02   0.0000000000E+00   0.8077307692E+02   0.1927483427E+03   0.0000000000E+00   0.0000000000E+00   0.1854140039E+00
     33.   6.   0.1448961538E+02   0.0000000000E+00   0.8077307692E+02   0.1927493417E+03   0.0000000000E+00   0.0000000000E+00   0.1854154145E+00
     34.   1.   0.1442185393E+02   0.0000000000E+00   0.8062303371E+02   0.1931346900E+03   0.0000000000E+00   0.0000000000E+00   0.1909556199E+00
     34.   2.   0.1442185393E+02   0.0000000000E+00   0.8062303371E+02   0.1954240215E+03   0.0000000000E+00   0.0000000000E+00   0.1905959612E+00
     34.   3.   0.1442185393E+02   0.0000000000E+00   0.8062303371E+02   0.1954863538E+03   0.0000000000E+00   0.0000000000E+00   0.1907053419E+00
     34.   4.   0.1442185393E+02   0.0000000000E+00   0.8062303371E+02   0.1954953535E+03   0.0000000000E+00   0.0000000000E+00   0.1907213196E+00
     34.   5.   0.1442185393E+02   0.0000000000E+00   0.8062303371E+02   0.1954978221E+03   0.0000000000E+00   0.0000000000E+00   0.1907254457E+00
     34.   6.   0.1442185393E+02   0.0000000000E+00   0.8062303371E+02   0.1954988274E+03   0.0000000000E+00   0.0000000000E+00   0.1907268819E+00
     35.   1.   0.1434230570E+02   0.0000000000E+00   0.8047176166E+02   0.1932447906E+03   0.0000000000E+00   0.0000000000E+00   0.1967982037E+00
     35.   2.   0.1434230570E+02   0.0000000000E+00   0.8047176166E+02   0.1984052878E+03   0.0000000000E+00   0.0000000000E+00   0.1964261394E+00
     35.   3.   0.1434230570E+02   0.0000000000E+00   0.8047176166E+02   0.1984688194E+03   0.0000000000E+00   0.0000000000E+00   0.1965391494E+00
     35.   4.   0.1434230570E+02   0.0000000000E+00   0.8047176166E+02   0.1984779765E+03   0.0000000000E+00   0.0000000000E+00   0.1965556474E+00
     35.   5.   0.1434230570E+02   0.0000000000E+00   0.8047176166E+02   0.1984804774E+03   0.0000000000E+00   0.0000000000E+00   0.1965598907E+00
     35.   6.   0.1434230570E+02   0.0000000000E+00   0.8047176166E+02   0.1984814881E+03   0.0000000000E+00   0.0000000000E+00   0.1965613538E+00
     36.   1.   0.1425023490E+02   0.0000000000E+00   0.8032033557E+02   0.1932297640E+03   0.0000000000E+00   0.0000000000E+00   0.2032212735E+00
     36.   2.   0.1425023490E+02   0.0000000000E+00   0.8032033557E+02   0.2016304666E+03   0.0000000000E+00   0.0000000000E+00   0.2028354344E+00
     36.   3.   0.1425023490E+02   0.0000000000E+00   0.8032033557E+02   0.2016952871E+03   0.0000000000E+00   0.0000000000E+00   0.2029524751E+00
     36.   4.   0.1425023490E+02   0.0000000000E+00   0.8032033557E+02   0.2017046138E+03   0.0000000000E+00   0.0000000000E+00   0.2029695506E+00
     36.   5.   0.1425023490E+02   0.0000000000E+00   0.8032033557E+02   0.2017071480E+03   0.0000000000E+00   0.0000000000E+00   0.2029739226E+00
     36.   6.   0.1425023490E+02   0.0000000000E+00   0.8032033557E+02   0.2017081631E+03   0.0000000000E+00   0.0000000000E+00   0.2029754145E+00
     37.   1.   0.1414500000E+02   0.0000000000E+00   0.8017000000E+02   0.1944602011E+03   0.0000000000E+00   0.0000000000E+00   0.2102901120E+00
     37.   2.   0.1414500000E+02   0.0000000000E+00   0.8017000000E+02   0.2051167092E+03   0.0000000000E+00   0.0000000000E+00   0.2098889374E+00
     37.   3.   0.1414500000E+02   0.0000000000E+00   0.8017000000E+02   0.2051829115E+03   0.0000000000E+00   0.0000000000E+00   0.2100104628E+00
     37.   4.   0.1414500000E+02   0.0000000000E+00   0.8017000000E+02   0.2051924202E+03   0.0000000000E+00   0.0000000000E+00   0.2100281806E+00
     37.   5.   0.1414500000E+02   0.0000000000E+00   0.8017000000E+02   0.2051949887E+03   0.0000000000E+00   0.0000000000E+00   0.2100326945E+00
     37.   6.   0.1414500000E+02   0.0000000000E+00   0.8017000000E+02   0.2051960071E+03   0.0000000000E+00   0.0000000000E+00   0.2100342172E+00
     38.   1.   0.1402609039E+02   0.0000000000E+00   0.8002216643E+02   0.1966060711E+03   0.0000000000E+00   0.0000000000E+00   0.2180803132E+00
     38.   2.   0.1402609039E+02   0.0000000000E+00   0.8002216643E+02   0.2088891954E+03   0.0000000000E+00   0.0000000000E+00   0.2176620797E+00
     38.   3.   0.1402609039E+02   0.0000000000E+00   0.8002216643E+02   0.2089568735E+03   0.0000000000E+00   0.0000000000E+00   0.2177886035E+00
     38.   4.   0.1402609039E+02   0.0000000000E+00   0.8002216643E+02   0.2089665771E+03   0.0000000000E+00   0.0000000000E+00   0.2178070367E+00
     38.   5.   0.1402609039E+02   0.0000000000E+00   0.8002216643E+02   0.2089691808E+03   0.0000000000E+00   0.0000000000E+00   0.2178117076E+00
     38.   6.   0.1402609039E+02   0.0000000000E+00   0.8002216643E+02   0.2089702010E+03   0.0000000000E+00   0.0000000000E+00   0.2178132634E+00
     39.   1.   0.1389316568E+02   0.0000000000E+00   0.7987840237E+02   0.1993306264E+03   0.0000000000E+00   0.0000000000E+00   0.2266806251E+00
     39.   2.   0.1389316568E+02   0.0000000000E+00   0.7987840237E+02   0.2129759053E+03   0.0000000000E+00   0.0000000000E+00   0.2262433371E+00
     39.   3.   0.1389316568E+02   0.0000000000E+00   0.7987840237E+02   0.2130451573E+03   0.0000000000E+00   0.0000000000E+00   0.2263754426E+00
     39.   4.   0.1389316568E+02   0.0000000000E+00   0.7987840237E+02   0.2130550692E+03   0.0000000000E+00   0.0000000000E+00   0.2263946753E+00
     39.   5.   0.1389316568E+02   0.0000000000E+00   0.7987840237E+02   0.2130577087E+03   0.0000000000E+00   0.0000000000E+00   0.2263995200E+00
     39.   6.   0.1389316568E+02   0.0000000000E+00   0.7987840237E+02   0.2130587293E+03   0.0000000000E+00   0.0000000000E+00   0.2264011119E+00
     40.   1.   0.1374609589E+02   0.0000000000E+00   0.7974041096E+02   0.2025287023E+03   0.0000000000E+00   0.0000000000E+00   0.2361978237E+00
     40.   2.   0.1374609589E+02   0.0000000000E+00   0.7974041096E+02   0.2174089429E+03   0.0000000000E+00   0.0000000000E+00   0.2357392258E+00
     40.   3.   0.1374609589E+02   0.0000000000E+00   0.7974041096E+02   0.2174798689E+03   0.0000000000E+00   0.0000000000E+00   0.2358775812E+00
     40.   4.   0.1374609589E+02   0.0000000000E+00   0.7974041096E+02   0.2174900035E+03   0.0000000000E+00   0.0000000000E+00   0.2358977096E+00
     40.   5.   0.1374609589E+02   0.0000000000E+00   0.7974041096E+02   0.2174926794E+03   0.0000000000E+00   0.0000000000E+00   0.2359027483E+00
     40.   6.   0.1374609589E+02   0.0000000000E+00   0.7974041096E+02   0.2174936986E+03   0.0000000000E+00   0.0000000000E+00   0.2359043798E+00
     41.   1.   0.1358500000E+02   0.0000000000E+00   0.7961000000E+02   0.2061909706E+03   0.0000000000E+00   0.0000000000E+00   0.2467648586E+00
     41.   2.   0.1358500000E+02   0.0000000000E+00   0.7961000000E+02   0.2222277824E+03   0.0000000000E+00   0.0000000000E+00   0.2462823728E+00
     41.   3.   0.1358500000E+02   0.0000000000E+00   0.7961000000E+02   0.2223004900E+03   0.0000000000E+00   0.0000000000E+00   0.2464277476E+00
     41.   4.   0.1358500000E+02   0.0000000000E+00   0.7961000000E+02   0.2223108628E+03   0.0000000000E+00   0.0000000000E+00   0.2464488839E+00
     41.   5.   0.1358500000E+02   0.0000000000E+00   0.7961000000E+02   0.2223135759E+03   0.0000000000E+00   0.0000000000E+00   0.2464541397E+00
     41.   6.   0.1358500000E+02   0.0000000000E+00   0.7961000000E+02   0.2223145920E+03   0.0000000000E+00   0.0000000000E+00   0.2464558155E+00
     42.   1.   0.1341028000E+02   0.0000000000E+00   0.7948904000E+02   0.2103458988E+03   0.0000000000E+00   0.0000000000E+00   0.2585532533E+00
     42.   2.   0.1341028000E+02   0.0000000000E+00   0.7948904000E+02   0.2274834783E+03   0.0000000000E+00   0.0000000000E+00   0.2580438439E+00
     42.   3.   0.1341028000E+02   0.0000000000E+00   0.7948904000E+02   0.2275580891E+03   0.0000000000E+00   0.0000000000E+00   0.2581971426E+00
     42.   4.   0.1341028000E+02   0.0000000000E+00   0.7948904000E+02   0.2275687169E+03   0.0000000000E+00   0.0000000000E+00   0.2582194184E+00
     42.   5.   0.1341028000E+02   0.0000000000E+00   0.7948904000E+02   0.2275714676E+03   0.0000000000E+00   0.0000000000E+00   0.2582249194E+00
     42.   6.   0.1341028000E+02   0.0000000000E+00   0.7948904000E+02   0.2275724785E+03   0.0000000000E+00   0.0000000000E+00   0.2582266452E+00
     43.   1.   0.1322264706E+02   0.0000000000E+00   0.7937941176E+02   0.2150492301E+03   0.0000000000E+00   0.0000000000E+00   0.2717931253E+00
     43.   2.   0.1322264706E+02   0.0000000000E+00   0.7937941176E+02   0.2332451750E+03   0.0000000000E+00   0.0000000000E+00   0.2712532301E+00
     43.   3.   0.1322264706E+02   0.0000000000E+00   0.7937941176E+02   0.2333218283E+03   0.0000000000E+00   0.0000000000E+00   0.2714155286E+00
     43.   4.   0.1322264706E+02   0.0000000000E+00   0.7937941176E+02   0.2333327322E+03   0.0000000000E+00   0.0000000000E+00   0.2714391020E+00
     43.   5.   0.1322264706E+02   0.0000000000E+00   0.7937941176E+02   0.2333355227E+03   0.0000000000E+00   0.0000000000E+00   0.2714448822E+00
     43.   6.   0.1322264706E+02   0.0000000000E+00   0.7937941176E+02   0.2333365272E+03   0.0000000000E+00   0.0000000000E+00   0.2714466643E+00
     44.   1.   0.1302313644E+02   0.0000000000E+00   0.7928294509E+02   0.2203917732E+03   0.0000000000E+00   0.0000000000E+00   0.2868083123E+00
     44.   2.   0.1302313644E+02   0.0000000000E+00   0.7928294509E+02   0.2396112912E+03   0.0000000000E+00   0.0000000000E+00   0.2862335896E+00
     44.   3.   0.1302313644E+02   0.0000000000E+00   0.7928294509E+02   0.2396901784E+03   0.0000000000E+00   0.0000000000E+00   0.2864062059E+00
     44.   4.   0.1302313644E+02   0.0000000000E+00   0.7928294509E+02   0.2397013777E+03   0.0000000000E+00   0.0000000000E+00   0.2864312699E+00
     44.   5.   0.1302313644E+02   0.0000000000E+00   0.7928294509E+02   0.2397042038E+03   0.0000000000E+00   0.0000000000E+00   0.2864373728E+00
     44.   6.   0.1302313644E+02   0.0000000000E+00   0.7928294509E+02   0.2397051973E+03   0.0000000000E+00   0.0000000000E+00   0.2864392245E+00
     45.   1.   0.1281310811E+02   0.0000000000E+00   0.7920135135E+02   0.2265144558E+03   0.0000000000E+00   0.0000000000E+00   0.3040787951E+00
     45.   2.   0.1281310811E+02   0.0000000000E+00   0.7920135135E+02   0.2467289154E+03   0.0000000000E+00   0.0000000000E+00   0.3034638168E+00
     45.   3.   0.1281310811E+02   0.0000000000E+00   0.7920135135E+02   0.2468103312E+03   0.0000000000E+00   0.0000000000E+00   0.3036483816E+00
     45.   4.   0.1281310811E+02   0.0000000000E+00   0.7920135135E+02   0.2468218961E+03   0.0000000000E+00   0.0000000000E+00   0.3036751851E+00
     45.   5.   0.1281310811E+02   0.0000000000E+00   0.7920135135E+02   0.2468247734E+03   0.0000000000E+00   0.0000000000E+00   0.3036816640E+00
     45.   6.   0.1281310811E+02   0.0000000000E+00   0.7920135135E+02   0.2468257591E+03   0.0000000000E+00   0.0000000000E+00   0.3036835772E+00
     46.   1.   0.1259423077E+02   0.0000000000E+00   0.7913615385E+02   0.2336359085E+03   0.0000000000E+00   0.0000000000E+00   0.3243564788E+00
     46.   2.   0.1259423077E+02   0.0000000000E+00   0.7913615385E+02   0.2548282106E+03   0.0000000000E+00   0.0000000000E+00   0.3236938564E+00
     46.   3.   0.1259423077E+02   0.0000000000E+00   0.7913615385E+02   0.2549130651E+03   0.0000000000E+00   0.0000000000E+00   0.3238926619E+00
     46.   4.   0.1259423077E+02   0.0000000000E+00   0.7913615385E+02   0.2549252254E+03   0.0000000000E+00   0.0000000000E+00   0.3239215241E+00
     46.   5.   0.1259423077E+02   0.0000000000E+00   0.7913615385E+02   0.2549281467E+03   0.0000000000E+00   0.0000000000E+00   0.3239285040E+00
     46.   6.   0.1259423077E+02   0.0000000000E+00   0.7913615385E+02   0.2549290611E+03   0.0000000000E+00   0.0000000000E+00   0.3239305969E+00
     47.   1.   0.1236844828E+02   0.0000000000E+00   0.7908862069E+02   0.2420763643E+03   0.0000000000E+00   0.0000000000E+00   0.3488358297E+00
     47.   2.   0.1236844828E+02   0.0000000000E+00   0.7908862069E+02   0.2642609164E+03   0.0000000000E+00   0.0000000000E+00   0.3481166366E+00
     47.   3.   0.1236844828E+02   0.0000000000E+00   0.7908862069E+02   0.2643522700E+03   0.0000000000E+00   0.0000000000E+00   0.3483322544E+00
     47.   4.   0.1236844828E+02   0.0000000000E+00   0.7908862069E+02   0.2643673203E+03   0.0000000000E+00   0.0000000000E+00   0.3483636468E+00
     47.   5.   0.1236844828E+02   0.0000000000E+00   0.7908862069E+02   0.2643716911E+03   0.0000000000E+00   0.0000000000E+00   0.3483711000E+00
     47.   6.   0.1236844828E+02   0.0000000000E+00   0.7908862069E+02   0.2643730434E+03   0.0000000000E+00   0.0000000000E+00   0.3483724000E+00
     48.   1.   0.1213792894E+02   0.0000000000E+00   0.7905970537E+02   0.2515825597E+03   0.0000000000E+00   0.0000000000E+00   0.3784368681E+00
     48.   2.   0.1213792894E+02   0.0000000000E+00   0.7905970537E+02   0.2743258198E+03   0.0000000000E+00   0.0000000000E+00   0.3776155119E+00
     48.   3.   0.1213792894E+02   0.0000000000E+00   0.7905970537E+02   0.2740293418E+03   0.0000000000E+00   0.0000000000E+00   0.3777688107E+00
     48.   4.   0.1213792894E+02   0.0000000000E+00   0.7905970537E+02   0.2736515439E+03   0.0000000000E+00   0.0000000000E+00   0.3777437750E+00
     48.   5.   0.1213792894E+02   0.0000000000E+00   0.7905970537E+02   0.2732399483E+03   0.0000000000E+00   0.0000000000E+00   0.3777465621E+00
     48.   6.   0.1213792894E+02   0.0000000000E+00   0.7905970537E+02   0.2727896034E+03   0.0000000000E+00   0.0000000000E+00   0.3777746552E+00
     49.   1.   0.1190500000E+02   0.0000000000E+00   0.7905000000E+02   0.2424643971E+03   0.0000000000E+00   0.0000000000E+00   0.3895987374E+00
     49.   2.   0.1190500000E+02   0.0000000000E+00   0.7905000000E+02   0.2787043712E+03   0.0000000000E+00   0.0000000000E+00   0.3888549654E+00
     49.   3.   0.1190500000E+02   0.0000000000E+00   0.7905000000E+02   0.2780447047E+03   0.0000000000E+00   0.0000000000E+00   0.3892543674E+00
     49.   4.   0.1190500000E+02   0.0000000000E+00   0.7905000000E+02   0.2772826642E+03   0.0000000000E+00   0.0000000000E+00   0.3894073747E+00
     49.   5.   0.1190500000E+02   0.0000000000E+00   0.7905000000E+02   0.2764591809E+03   0.0000000000E+00   0.0000000000E+00   0.3894340342E+00
     49.   6.   0.1190500000E+02   0.0000000000E+00   0.7905000000E+02   0.2755577151E+03   0.0000000000E+00   0.0000000000E+00   0.3893908401E+00
