# digitalmodel weldolet_crotch CINT table
# units: length=mm force=N stress=MPa K=MPa*sqrt(mm) J=N/mm
# mesh_level     0.
# front_nodes      25.
# contours   6.
# columns: node contour x y z K1 K2 K3 J
      1.   1.   0.1190500000E+02   0.0000000000E+00   0.8465000000E+02   0.1570259805E+03   0.0000000000E+00   0.0000000000E+00   0.1888020813E+00
      1.   2.   0.1190500000E+02   0.0000000000E+00   0.8465000000E+02   0.1932332333E+03   0.0000000000E+00   0.0000000000E+00   0.1884477522E+00
      1.   3.   0.1190500000E+02   0.0000000000E+00   0.8465000000E+02   0.1933503463E+03   0.0000000000E+00   0.0000000000E+00   0.1886518715E+00
      1.   4.   0.1190500000E+02   0.0000000000E+00   0.8465000000E+02   0.1933939193E+03   0.0000000000E+00   0.0000000000E+00   0.1887445604E+00
      1.   5.   0.1190500000E+02   0.0000000000E+00   0.8465000000E+02   0.1934235109E+03   0.0000000000E+00   0.0000000000E+00   0.1887783165E+00
      1.   6.   0.1190500000E+02   0.0000000000E+00   0.8465000000E+02   0.1934439614E+03   0.0000000000E+00   0.0000000000E+00   0.1887744233E+00
      2.   1.   0.1236844828E+02   0.0000000000E+00   0.8461137931E+02   0.1623722237E+03   0.0000000000E+00   0.0000000000E+00   0.1746454297E+00
      2.   2.   0.1236844828E+02   0.0000000000E+00   0.8461137931E+02   0.1863807388E+03   0.0000000000E+00   0.0000000000E+00   0.1742608677E+00
      2.   3.   0.1236844828E+02   0.0000000000E+00   0.8461137931E+02   0.1871518789E+03   0.0000000000E+00   0.0000000000E+00   0.1743203968E+00
      2.   4.   0.1236844828E+02   0.0000000000E+00   0.8461137931E+02   0.1871738894E+03   0.0000000000E+00   0.0000000000E+00   0.1742980370E+00
      2.   5.   0.1236844828E+02   0.0000000000E+00   0.8461137931E+02   0.1871887574E+03   0.0000000000E+00   0.0000000000E+00   0.1742891450E+00
      2.   6.   0.1236844828E+02   0.0000000000E+00   0.8461137931E+02   0.1872003634E+03   0.0000000000E+00   0.0000000000E+00   0.1742947037E+00
      3.   1.   0.1281310811E+02   0.0000000000E+00   0.8449864865E+02   0.1537941158E+03   0.0000000000E+00   0.0000000000E+00   0.1559821116E+00
      3.   2.   0.1281310811E+02   0.0000000000E+00   0.8449864865E+02   0.1763518219E+03   0.0000000000E+00   0.0000000000E+00   0.1556629887E+00
      3.   3.   0.1281310811E+02   0.0000000000E+00   0.8449864865E+02   0.1769489897E+03   0.0000000000E+00   0.0000000000E+00   0.1557561859E+00
      3.   4.   0.1281310811E+02   0.0000000000E+00   0.8449864865E+02   0.1769607600E+03   0.0000000000E+00   0.0000000000E+00   0.1557700634E+00
      3.   5.   0.1281310811E+02   0.0000000000E+00   0.8449864865E+02   0.1769649135E+03   0.0000000000E+00   0.0000000000E+00   0.1557737289E+00
      3.   6.   0.1281310811E+02   0.0000000000E+00   0.8449864865E+02   0.1769664226E+03   0.0000000000E+00   0.0000000000E+00   0.1557744934E+00
      4.   1.   0.1322264706E+02   0.0000000000E+00   0.8432058824E+02   0.1487704172E+03   0.0000000000E+00   0.0000000000E+00   0.1449062433E+00
      4.   2.   0.1322264706E+02   0.0000000000E+00   0.8432058824E+02   0.1703394290E+03   0.0000000000E+00   0.0000000000E+00   0.1446159132E+00
      4.   3.   0.1322264706E+02   0.0000000000E+00   0.8432058824E+02   0.1705115733E+03   0.0000000000E+00   0.0000000000E+00   0.1447012210E+00
      4.   4.   0.1322264706E+02   0.0000000000E+00   0.8432058824E+02   0.1705196884E+03   0.0000000000E+00   0.0000000000E+00   0.1447138841E+00
      4.   5.   0.1322264706E+02   0.0000000000E+00   0.8432058824E+02   0.1705218771E+03   0.0000000000E+00   0.0000000000E+00   0.1447173098E+00
      4.   6.   0.1322264706E+02   0.0000000000E+00   0.8432058824E+02   0.1705227378E+03   0.0000000000E+00   0.0000000000E+00   0.1447185727E+00
      5.   1.   0.1358500000E+02   0.0000000000E+00   0.8409000000E+02   0.1463346946E+03   0.0000000000E+00   0.0000000000E+00   0.1387495244E+00
      5.   2.   0.1358500000E+02   0.0000000000E+00   0.8409000000E+02   0.1667203205E+03   0.0000000000E+00   0.0000000000E+00   0.1384771731E+00
      5.   3.   0.1358500000E+02   0.0000000000E+00   0.8409000000E+02   0.1668254625E+03   0.0000000000E+00   0.0000000000E+00   0.1385577198E+00
      5.   4.   0.1358500000E+02   0.0000000000E+00   0.8409000000E+02   0.1668332489E+03   0.0000000000E+00   0.0000000000E+00   0.1385696889E+00
      5.   5.   0.1358500000E+02   0.0000000000E+00   0.8409000000E+02   0.1668354819E+03   0.0000000000E+00   0.0000000000E+00   0.1385729330E+00
      5.   6.   0.1358500000E+02   0.0000000000E+00   0.8409000000E+02   0.1668364884E+03   0.0000000000E+00   0.0000000000E+00   0.1385741121E+00
      6.   1.   0.1389316568E+02   0.0000000000E+00   0.8382159763E+02   0.1458947438E+03   0.0000000000E+00   0.0000000000E+00   0.1359925166E+00
      6.   2.   0.1389316568E+02   0.0000000000E+00   0.8382159763E+02   0.1650621559E+03   0.0000000000E+00   0.0000000000E+00   0.1357305280E+00
      6.   3.   0.1389316568E+02   0.0000000000E+00   0.8382159763E+02   0.1651450305E+03   0.0000000000E+00   0.0000000000E+00   0.1358086340E+00
      6.   4.   0.1389316568E+02   0.0000000000E+00   0.8382159763E+02   0.1651527963E+03   0.0000000000E+00   0.0000000000E+00   0.1358202538E+00
      6.   5.   0.1389316568E+02   0.0000000000E+00   0.8382159763E+02   0.1651550685E+03   0.0000000000E+00   0.0000000000E+00   0.1358234408E+00
      6.   6.   0.1389316568E+02   0.0000000000E+00   0.8382159763E+02   0.1651561232E+03   0.0000000000E+00   0.0000000000E+00   0.1358246352E+00
      7.   1.   0.1414500000E+02   0.0000000000E+00   0.8353000000E+02   0.1470677670E+03   0.0000000000E+00   0.0000000000E+00   0.1356717600E+00
      7.   2.   0.1414500000E+02   0.0000000000E+00   0.8353000000E+02   0.1648727037E+03   0.0000000000E+00   0.0000000000E+00   0.1354147711E+00
      7.   3.   0.1414500000E+02   0.0000000000E+00   0.8353000000E+02   0.1649328962E+03   0.0000000000E+00   0.0000000000E+00   0.1354920475E+00
      7.   4.   0.1414500000E+02   0.0000000000E+00   0.8353000000E+02   0.1649407049E+03   0.0000000000E+00   0.0000000000E+00   0.1355035567E+00
      7.   5.   0.1414500000E+02   0.0000000000E+00   0.8353000000E+02   0.1649430246E+03   0.0000000000E+00   0.0000000000E+00   0.1355067392E+00
      7.   6.   0.1414500000E+02   0.0000000000E+00   0.8353000000E+02   0.1649441268E+03   0.0000000000E+00   0.0000000000E+00   0.1355079499E+00
      8.   1.   0.1434230570E+02   0.0000000000E+00   0.8322823834E+02   0.1499674466E+03   0.0000000000E+00   0.0000000000E+00   0.1371101824E+00
      8.   2.   0.1434230570E+02   0.0000000000E+00   0.8322823834E+02   0.1657007468E+03   0.0000000000E+00   0.0000000000E+00   0.1368542811E+00
      8.   3.   0.1434230570E+02   0.0000000000E+00   0.8322823834E+02   0.1657550535E+03   0.0000000000E+00   0.0000000000E+00   0.1369318920E+00
      8.   4.   0.1434230570E+02   0.0000000000E+00   0.8322823834E+02   0.1657629083E+03   0.0000000000E+00   0.0000000000E+00   0.1369434590E+00
      8.   5.   0.1434230570E+02   0.0000000000E+00   0.8322823834E+02   0.1657652647E+03   0.0000000000E+00   0.0000000000E+00   0.1369466759E+00
      8.   6.   0.1434230570E+02   0.0000000000E+00   0.8322823834E+02   0.1657664035E+03   0.0000000000E+00   0.0000000000E+00   0.1369479135E+00
      9.   1.   0.1448961538E+02   0.0000000000E+00   0.8292692308E+02   0.1535401286E+03   0.0000000000E+00   0.0000000000E+00   0.1398039926E+00
      9.   2.   0.1448961538E+02   0.0000000000E+00   0.8292692308E+02   0.1672615360E+03   0.0000000000E+00   0.0000000000E+00   0.1395463267E+00
      9.   3.   0.1448961538E+02   0.0000000000E+00   0.8292692308E+02   0.1673150315E+03   0.0000000000E+00   0.0000000000E+00   0.1396251085E+00
      9.   4.   0.1448961538E+02   0.0000000000E+00   0.8292692308E+02   0.1673229421E+03   0.0000000000E+00   0.0000000000E+00   0.1396368540E+00
      9.   5.   0.1448961538E+02   0.0000000000E+00   0.8292692308E+02   0.1673253326E+03   0.0000000000E+00   0.0000000000E+00   0.1396401308E+00
      9.   6.   0.1448961538E+02   0.0000000000E+00   0.8292692308E+02   0.1673265023E+03   0.0000000000E+00   0.0000000000E+00   0.1396413988E+00
     10.   1.   0.1459300000E+02   0.0000000000E+00   0.8263400000E+02   0.1570266743E+03   0.0000000000E+00   0.0000000000E+00   0.1433718381E+00
     10.   2.   0.1459300000E+02   0.0000000000E+00   0.8263400000E+02   0.1693821925E+03   0.0000000000E+00   0.0000000000E+00   0.1431103372E+00
     10.   3.   0.1459300000E+02   0.0000000000E+00   0.8263400000E+02   0.1694359567E+03   0.0000000000E+00   0.0000000000E+00   0.1431908830E+00
     10.   4.   0.1459300000E+02   0.0000000000E+00   0.8263400000E+02   0.1694439313E+03   0.0000000000E+00   0.0000000000E+00   0.1432028917E+00
     10.   5.   0.1459300000E+02   0.0000000000E+00   0.8263400000E+02   0.1694463535E+03   0.0000000000E+00   0.0000000000E+00   0.1432062463E+00
     10.   6.   0.1459300000E+02   0.0000000000E+00   0.8263400000E+02   0.1694475489E+03   0.0000000000E+00   0.0000000000E+00   0.1432075470E+00
     11.   1.   0.1465909836E+02   0.0000000000E+00   0.8235491803E+02   0.1614070725E+03   0.0000000000E+00   0.0000000000E+00   0.1475272178E+00
     11.   2.   0.1465909836E+02   0.0000000000E+00   0.8235491803E+02   0.1718168439E+03   0.0000000000E+00   0.0000000000E+00   0.1472603776E+00
     11.   3.   0.1465909836E+02   0.0000000000E+00   0.8235491803E+02   0.1718710759E+03   0.0000000000E+00   0.0000000000E+00   0.1473431025E+00
     11.   4.   0.1465909836E+02   0.0000000000E+00   0.8235491803E+02   0.1718791246E+03   0.0000000000E+00   0.0000000000E+00   0.1473554337E+00
     11.   5.   0.1465909836E+02   0.0000000000E+00   0.8235491803E+02   0.1718815768E+03   0.0000000000E+00   0.0000000000E+00   0.1473588777E+00
     11.   6.   0.1465909836E+02   0.0000000000E+00   0.8235491803E+02   0.1718827938E+03   0.0000000000E+00   0.0000000000E+00   0.1473602120E+00
     12.   1.   0.1469443396E+02   0.0000000000E+00   0.8209301887E+02   0.1676114332E+03   0.0000000000E+00   0.0000000000E+00   0.1520565811E+00
     12.   2.   0.1469443396E+02   0.0000000000E+00   0.8209301887E+02   0.1744227901E+03   0.0000000000E+00   0.0000000000E+00   0.1517833590E+00
     12.   3.   0.1469443396E+02   0.0000000000E+00   0.8209301887E+02   0.1744775310E+03   0.0000000000E+00   0.0000000000E+00   0.1518685398E+00
     12.   4.   0.1469443396E+02   0.0000000000E+00   0.8209301887E+02   0.1744856646E+03   0.0000000000E+00   0.0000000000E+00   0.1518812331E+00
     12.   5.   0.1469443396E+02   0.0000000000E+00   0.8209301887E+02   0.1744881481E+03   0.0000000000E+00   0.0000000000E+00   0.1518847749E+00
     12.   6.   0.1469443396E+02   0.0000000000E+00   0.8209301887E+02   0.1744893846E+03   0.0000000000E+00   0.0000000000E+00   0.1518861446E+00
     13.   1.   0.1470500000E+02   0.0000000000E+00   0.8185000000E+02   0.1747796672E+03   0.0000000000E+00   0.0000000000E+00   0.1569103868E+00
     13.   2.   0.1470500000E+02   0.0000000000E+00   0.8185000000E+02   0.1771593220E+03   0.0000000000E+00   0.0000000000E+00   0.1566295542E+00
     13.   3.   0.1470500000E+02   0.0000000000E+00   0.8185000000E+02   0.1772147337E+03   0.0000000000E+00   0.0000000000E+00   0.1567173118E+00
     13.   4.   0.1470500000E+02   0.0000000000E+00   0.8185000000E+02   0.1772229834E+03   0.0000000000E+00   0.0000000000E+00   0.1567303733E+00
     13.   5.   0.1470500000E+02   0.0000000000E+00   0.8185000000E+02   0.1772255109E+03   0.0000000000E+00   0.0000000000E+00   0.1567339869E+00
     13.   6.   0.1470500000E+02   0.0000000000E+00   0.8185000000E+02   0.1772267731E+03   0.0000000000E+00   0.0000000000E+00   0.1567353545E+00
     14.   1.   0.1469443396E+02   0.0000000000E+00   0.8160698113E+02   0.1731660605E+03   0.0000000000E+00   0.0000000000E+00   0.1623177104E+00
     14.   2.   0.1469443396E+02   0.0000000000E+00   0.8160698113E+02   0.1802283630E+03   0.0000000000E+00   0.0000000000E+00   0.1620259489E+00
     14.   3.   0.1469443396E+02   0.0000000000E+00   0.8160698113E+02   0.1802849292E+03   0.0000000000E+00   0.0000000000E+00   0.1621168795E+00
     14.   4.   0.1469443396E+02   0.0000000000E+00   0.8160698113E+02   0.1802933331E+03   0.0000000000E+00   0.0000000000E+00   0.1621304154E+00
     14.   5.   0.1469443396E+02   0.0000000000E+00   0.8160698113E+02   0.1802958978E+03   0.0000000000E+00   0.0000000000E+00   0.1621341726E+00
     14.   6.   0.1469443396E+02   0.0000000000E+00   0.8160698113E+02   0.1802971743E+03   0.0000000000E+00   0.0000000000E+00   0.1621356095E+00
     15.   1.   0.1465909836E+02   0.0000000000E+00   0.8134508197E+02   0.1726201066E+03   0.0000000000E+00   0.0000000000E+00   0.1687141508E+00
     15.   2.   0.1465909836E+02   0.0000000000E+00   0.8134508197E+02   0.1837780045E+03   0.0000000000E+00   0.0000000000E+00   0.1684087588E+00
     15.   3.   0.1465909836E+02   0.0000000000E+00   0.8134508197E+02   0.1838360127E+03   0.0000000000E+00   0.0000000000E+00   0.1685033796E+00
     15.   4.   0.1465909836E+02   0.0000000000E+00   0.8134508197E+02   0.1838446195E+03   0.0000000000E+00   0.0000000000E+00   0.1685174538E+00
     15.   5.   0.1465909836E+02   0.0000000000E+00   0.8134508197E+02   0.1838472391E+03   0.0000000000E+00   0.0000000000E+00   0.1685213450E+00
     15.   6.   0.1465909836E+02   0.0000000000E+00   0.8134508197E+02   0.1838485387E+03   0.0000000000E+00   0.0000000000E+00   0.1685228207E+00
     16.   1.   0.1459300000E+02   0.0000000000E+00   0.8106600000E+02   0.1742126291E+03   0.0000000000E+00   0.0000000000E+00   0.1764101200E+00
     16.   2.   0.1459300000E+02   0.0000000000E+00   0.8106600000E+02   0.1879517242E+03   0.0000000000E+00   0.0000000000E+00   0.1760879711E+00
     16.   3.   0.1459300000E+02   0.0000000000E+00   0.8106600000E+02   0.1880113781E+03   0.0000000000E+00   0.0000000000E+00   0.1761871119E+00
     16.   4.   0.1459300000E+02   0.0000000000E+00   0.8106600000E+02   0.1880202224E+03   0.0000000000E+00   0.0000000000E+00   0.1762018449E+00
     16.   5.   0.1459300000E+02   0.0000000000E+00   0.8106600000E+02   0.1880229049E+03   0.0000000000E+00   0.0000000000E+00   0.1762058981E+00
     16.   6.   0.1459300000E+02   0.0000000000E+00   0.8106600000E+02   0.1880242283E+03   0.0000000000E+00   0.0000000000E+00   0.1762074194E+00
     17.   1.   0.1448961538E+02   0.0000000000E+00   0.8077307692E+02   0.1770025965E+03   0.0000000000E+00   0.0000000000E+00   0.1856735630E+00
     17.   2.   0.1448961538E+02   0.0000000000E+00   0.8077307692E+02   0.1928550340E+03   0.0000000000E+00   0.0000000000E+00   0.1853307828E+00
     17.   3.   0.1448961538E+02   0.0000000000E+00   0.8077307692E+02   0.1929167049E+03   0.0000000000E+00   0.0000000000E+00   0.1854354710E+00
     17.   4.   0.1448961538E+02   0.0000000000E+00   0.8077307692E+02   0.1929258186E+03   0.0000000000E+00   0.0000000000E+00   0.1854510113E+00
     17.   5.   0.1448961538E+02   0.0000000000E+00   0.8077307692E+02   0.1929285683E+03   0.0000000000E+00   0.0000000000E+00   0.1854552596E+00
     17.   6.   0.1448961538E+02   0.0000000000E+00   0.8077307692E+02   0.1929299136E+03   0.0000000000E+00   0.0000000000E+00   0.1854568340E+00
     18.   1.   0.1434230570E+02   0.0000000000E+00   0.8047176166E+02   0.1797289976E+03   0.0000000000E+00   0.0000000000E+00   0.1968385172E+00
     18.   2.   0.1434230570E+02   0.0000000000E+00   0.8047176166E+02   0.1986686062E+03   0.0000000000E+00   0.0000000000E+00   0.1964703461E+00
     18.   3.   0.1434230570E+02   0.0000000000E+00   0.8047176166E+02   0.1987337202E+03   0.0000000000E+00   0.0000000000E+00   0.1965818564E+00
     18.   4.   0.1434230570E+02   0.0000000000E+00   0.8047176166E+02   0.1987431278E+03   0.0000000000E+00   0.0000000000E+00   0.1965983886E+00
     18.   5.   0.1434230570E+02   0.0000000000E+00   0.8047176166E+02   0.1987459456E+03   0.0000000000E+00   0.0000000000E+00   0.1966028740E+00
     18.   6.   0.1434230570E+02   0.0000000000E+00   0.8047176166E+02   0.1987473088E+03   0.0000000000E+00   0.0000000000E+00   0.1966045122E+00
     19.   1.   0.1414500000E+02   0.0000000000E+00   0.8017000000E+02   0.1832069706E+03   0.0000000000E+00   0.0000000000E+00   0.2103340291E+00
     19.   2.   0.1414500000E+02   0.0000000000E+00   0.8017000000E+02   0.2054729949E+03   0.0000000000E+00   0.0000000000E+00   0.2099345698E+00
     19.   3.   0.1414500000E+02   0.0000000000E+00   0.8017000000E+02   0.2055480710E+03   0.0000000000E+00   0.0000000000E+00   0.2100545047E+00
     19.   4.   0.1414500000E+02   0.0000000000E+00   0.8017000000E+02   0.2055577896E+03   0.0000000000E+00   0.0000000000E+00   0.2100722627E+00
     19.   5.   0.1414500000E+02   0.0000000000E+00   0.8017000000E+02   0.2055606743E+03   0.0000000000E+00   0.0000000000E+00   0.2100770380E+00
     19.   6.   0.1414500000E+02   0.0000000000E+00   0.8017000000E+02   0.2055620501E+03   0.0000000000E+00   0.0000000000E+00   0.2100787519E+00
     20.   1.   0.1389316568E+02   0.0000000000E+00   0.7987840237E+02   0.1885104389E+03   0.0000000000E+00   0.0000000000E+00   0.2267302252E+00
     20.   2.   0.1389316568E+02   0.0000000000E+00   0.7987840237E+02   0.2133780709E+03   0.0000000000E+00   0.0000000000E+00   0.2262921107E+00
     20.   3.   0.1389316568E+02   0.0000000000E+00   0.7987840237E+02   0.2134851312E+03   0.0000000000E+00   0.0000000000E+00   0.2264225214E+00
     20.   4.   0.1389316568E+02   0.0000000000E+00   0.7987840237E+02   0.2134951539E+03   0.0000000000E+00   0.0000000000E+00   0.2264418058E+00
     20.   5.   0.1389316568E+02   0.0000000000E+00   0.7987840237E+02   0.2134980877E+03   0.0000000000E+00   0.0000000000E+00   0.2264469432E+00
     20.   6.   0.1389316568E+02   0.0000000000E+00   0.7987840237E+02   0.2134994606E+03   0.0000000000E+00   0.0000000000E+00   0.2264487594E+00
     21.   1.   0.1358500000E+02   0.0000000000E+00   0.7961000000E+02   0.1953512883E+03   0.0000000000E+00   0.0000000000E+00   0.2468309409E+00
     21.   2.   0.1358500000E+02   0.0000000000E+00   0.7961000000E+02   0.2226841619E+03   0.0000000000E+00   0.0000000000E+00   0.2463448081E+00
     21.   3.   0.1358500000E+02   0.0000000000E+00   0.7961000000E+02   0.2228216391E+03   0.0000000000E+00   0.0000000000E+00   0.2464883512E+00
     21.   4.   0.1358500000E+02   0.0000000000E+00   0.7961000000E+02   0.2228320230E+03   0.0000000000E+00   0.0000000000E+00   0.2465095608E+00
     21.   5.   0.1358500000E+02   0.0000000000E+00   0.7961000000E+02   0.2228350091E+03   0.0000000000E+00   0.0000000000E+00   0.2465151526E+00
     21.   6.   0.1358500000E+02   0.0000000000E+00   0.7961000000E+02   0.2228363768E+03   0.0000000000E+00   0.0000000000E+00   0.2465170760E+00
     22.   1.   0.1322264706E+02   0.0000000000E+00   0.7937941176E+02   0.2040120566E+03   0.0000000000E+00   0.0000000000E+00   0.2719158951E+00
     22.   2.   0.1322264706E+02   0.0000000000E+00   0.7937941176E+02   0.2337100383E+03   0.0000000000E+00   0.0000000000E+00   0.2713691637E+00
     22.   3.   0.1322264706E+02   0.0000000000E+00   0.7937941176E+02   0.2339481584E+03   0.0000000000E+00   0.0000000000E+00   0.2715296005E+00
     22.   4.   0.1322264706E+02   0.0000000000E+00   0.7937941176E+02   0.2339592990E+03   0.0000000000E+00   0.0000000000E+00   0.2715532918E+00
     22.   5.   0.1322264706E+02   0.0000000000E+00   0.7937941176E+02   0.2339623186E+03   0.0000000000E+00   0.0000000000E+00   0.2715595328E+00
     22.   6.   0.1322264706E+02   0.0000000000E+00   0.7937941176E+02   0.2339635368E+03   0.0000000000E+00   0.0000000000E+00   0.2715617292E+00
     23.   1.   0.1281310811E+02   0.0000000000E+00   0.7920135135E+02   0.2150936277E+03   0.0000000000E+00   0.0000000000E+00   0.3043756685E+00
     23.   2.   0.1281310811E+02   0.0000000000E+00   0.7920135135E+02   0.2467688028E+03   0.0000000000E+00   0.0000000000E+00   0.3037506733E+00
     23.   3.   0.1281310811E+02   0.0000000000E+00   0.7920135135E+02   0.2476128996E+03   0.0000000000E+00   0.0000000000E+00   0.3039328903E+00
     23.   4.   0.1281310811E+02   0.0000000000E+00   0.7920135135E+02   0.2476294416E+03   0.0000000000E+00   0.0000000000E+00   0.3039598284E+00
     23.   5.   0.1281310811E+02   0.0000000000E+00   0.7920135135E+02   0.2476353311E+03   0.0000000000E+00   0.0000000000E+00   0.3039666165E+00
     23.   6.   0.1281310811E+02   0.0000000000E+00   0.7920135135E+02   0.2476375250E+03   0.0000000000E+00   0.0000000000E+00   0.3039677313E+00
     24.   1.   0.1236844828E+02   0.0000000000E+00   0.7908862069E+02   0.2294687442E+03   0.0000000000E+00   0.0000000000E+00   0.3495124718E+00
     24.   2.   0.1236844828E+02   0.0000000000E+00   0.7908862069E+02   0.2630443580E+03   0.0000000000E+00   0.0000000000E+00   0.3487421720E+00
     24.   3.   0.1236844828E+02   0.0000000000E+00   0.7908862069E+02   0.2636162878E+03   0.0000000000E+00   0.0000000000E+00   0.3488635688E+00
     24.   4.   0.1236844828E+02   0.0000000000E+00   0.7908862069E+02   0.2631102522E+03   0.0000000000E+00   0.0000000000E+00   0.3488217164E+00
     24.   5.   0.1236844828E+02   0.0000000000E+00   0.7908862069E+02   0.2625711640E+03   0.0000000000E+00   0.0000000000E+00   0.3488077949E+00
     24.   6.   0.1236844828E+02   0.0000000000E+00   0.7908862069E+02   0.2619926877E+03   0.0000000000E+00   0.0000000000E+00   0.3488224549E+00
     25.   1.   0.1190500000E+02   0.0000000000E+00   0.7905000000E+02   0.2226857604E+03   0.0000000000E+00   0.0000000000E+00   0.3834105316E+00
     25.   2.   0.1190500000E+02   0.0000000000E+00   0.7905000000E+02   0.2727092045E+03   0.0000000000E+00   0.0000000000E+00   0.3826847662E+00
     25.   3.   0.1190500000E+02   0.0000000000E+00   0.7905000000E+02   0.2717659180E+03   0.0000000000E+00   0.0000000000E+00   0.3830930626E+00
     25.   4.   0.1190500000E+02   0.0000000000E+00   0.7905000000E+02   0.2707363417E+03   0.0000000000E+00   0.0000000000E+00   0.3832737430E+00
     25.   5.   0.1190500000E+02   0.0000000000E+00   0.7905000000E+02   0.2696485826E+03   0.0000000000E+00   0.0000000000E+00   0.3833344728E+00
     25.   6.   0.1190500000E+02   0.0000000000E+00   0.7905000000E+02   0.2684829685E+03   0.0000000000E+00   0.0000000000E+00   0.3833205949E+00
