# digitalmodel weldolet_limit solved reaction sum per result set
# units: length=mm force=N stress=MPa
# mapdl_rev    26.10
# columns: set time pressure_mpa reaction_sum loaded_area_mm2
      1.   0.6250000000E-01   0.1175000000E+01  -0.1095440157E+05   0.9322930040E+04
      2.   0.1250000000E+00   0.2350000000E+01  -0.2190880313E+05   0.9322930040E+04
      3.   0.1875000000E+00   0.3525000000E+01  -0.3286320470E+05   0.9322930040E+04
      4.   0.2500000000E+00   0.4700000000E+01  -0.4381760626E+05   0.9322930040E+04
      5.   0.3125000000E+00   0.5875000000E+01  -0.5477200783E+05   0.9322930040E+04
      6.   0.3653811181E+00   0.6869165021E+01  -0.6404050388E+05   0.9322930040E+04
      7.   0.4071410675E+00   0.7654252068E+01  -0.7135978795E+05   0.9322930040E+04
      8.   0.4412107828E+00   0.8294762717E+01  -0.7733120144E+05   0.9322930040E+04
      9.   0.4690307022E+00   0.8817777202E+01  -0.8220721054E+05   0.9322930040E+04
     10.   0.4918292071E+00   0.9246389093E+01  -0.8620311417E+05   0.9322930040E+04
     11.   0.5104513297E+00   0.9596484998E+01  -0.8946702152E+05   0.9322930040E+04
     12.   0.5254718314E+00   0.9878870431E+01  -0.9209967125E+05   0.9322930040E+04
     13.   0.5378659533E+00   0.1011187992E+02  -0.9427199426E+05   0.9322930040E+04
     14.   0.5482706269E+00   0.1030748779E+02  -0.9609562581E+05   0.9322930040E+04
     15.   0.5571272790E+00   0.1047399285E+02  -0.9764793500E+05   0.9322930040E+04
     16.   0.5647512629E+00   0.1061732374E+02  -0.9898419390E+05   0.9322930040E+04
     17.   0.5713810085E+00   0.1074196296E+02  -0.1001461922E+06   0.9322930040E+04
     18.   0.5772289548E+00   0.1085190435E+02  -0.1011711643E+06   0.9322930040E+04
     19.   0.5824299585E+00   0.1094968322E+02  -0.1020827464E+06   0.9322930040E+04
     20.   0.5855549585E+00   0.1100843322E+02  -0.1026304665E+06   0.9322930040E+04
     21.   0.5886799585E+00   0.1106718322E+02  -0.1031781865E+06   0.9322930040E+04
     22.   0.5918049585E+00   0.1112593322E+02  -0.1037259066E+06   0.9322930040E+04
     23.   0.5949299585E+00   0.1118468322E+02  -0.1042736267E+06   0.9322930040E+04
     24.   0.5980549585E+00   0.1124343322E+02  -0.1048213468E+06   0.9322930040E+04
     25.   0.6011799585E+00   0.1130218322E+02  -0.1053690669E+06   0.9322930040E+04
     26.   0.6043049585E+00   0.1136093322E+02  -0.1059167869E+06   0.9322930040E+04
     27.   0.6074299585E+00   0.1141968322E+02  -0.1064645070E+06   0.9322930040E+04
     28.   0.6105549585E+00   0.1147843322E+02  -0.1070122271E+06   0.9322930040E+04
     29.   0.6136799585E+00   0.1153718322E+02  -0.1075599472E+06   0.9322930040E+04
     30.   0.6168049585E+00   0.1159593322E+02  -0.1081076673E+06   0.9322930040E+04
     31.   0.6199299585E+00   0.1165468322E+02  -0.1086553873E+06   0.9322930040E+04
     32.   0.6230549585E+00   0.1171343322E+02  -0.1092031077E+06   0.9322930040E+04
     33.   0.6261799585E+00   0.1177218322E+02  -0.1097508275E+06   0.9322930040E+04
     34.   0.6293049585E+00   0.1183093322E+02  -0.1102985475E+06   0.9322930040E+04
     35.   0.6324299585E+00   0.1188968322E+02  -0.1108462676E+06   0.9322930040E+04
     36.   0.6355549585E+00   0.1194843322E+02  -0.1113939875E+06   0.9322930040E+04
     37.   0.6386799585E+00   0.1200718322E+02  -0.1119417071E+06   0.9322930040E+04
     38.   0.6418049585E+00   0.1206593322E+02  -0.1124894250E+06   0.9322930040E+04
     39.   0.6449299585E+00   0.1212468322E+02  -0.1130371483E+06   0.9322930040E+04
     40.   0.6480549585E+00   0.1218343322E+02  -0.1135848658E+06   0.9322930040E+04
     41.   0.6511799585E+00   0.1224218322E+02  -0.1141325618E+06   0.9322930040E+04
     42.   0.1000000000E+01   0.1880000000E+02  -0.1152216393E+06   0.9322930040E+04
