# digitalmodel weldolet_limit load-deflection record (every result set)
# units: length=mm force=N stress=MPa
# columns: set time load_factor pressure_mpa uz_branch_end_mm ur_far_field_od_mm
      1.   0.6250000000E-01   0.2500000000E+00   0.1175000000E+01   0.3512602461E-02   0.4470095260E-02
      2.   0.1250000000E+00   0.5000000000E+00   0.2350000000E+01   0.7025241149E-02   0.8940100143E-02
      3.   0.1875000000E+00   0.7500000000E+00   0.3525000000E+01   0.1053783734E-01   0.1340964044E-01
      4.   0.2500000000E+00   0.1000000000E+01   0.4700000000E+01   0.1402873773E-01   0.1786834856E-01
      5.   0.3125000000E+00   0.1250000000E+01   0.5875000000E+01   0.1744245106E-01   0.2228582372E-01
      6.   0.3653811181E+00   0.1461524473E+01   0.6869165021E+01   0.2022043866E-01   0.2596111515E-01
      7.   0.4071410675E+00   0.1628564270E+01   0.7654252068E+01   0.2228548196E-01   0.2879235676E-01
      8.   0.4412107828E+00   0.1764843131E+01   0.8294762717E+01   0.2381772669E-01   0.3102158283E-01
      9.   0.4690307022E+00   0.1876122809E+01   0.8817777202E+01   0.2489879900E-01   0.3274995204E-01
     10.   0.4918292071E+00   0.1967316828E+01   0.9246389093E+01   0.2561950428E-01   0.3406549732E-01
     11.   0.5104513297E+00   0.2041805319E+01   0.9596484998E+01   0.2606084071E-01   0.3503108006E-01
     12.   0.5254718314E+00   0.2101887326E+01   0.9878870431E+01   0.2632211852E-01   0.3569861623E-01
     13.   0.5378659533E+00   0.2151463813E+01   0.1011187992E+02   0.2648386449E-01   0.3614412130E-01
     14.   0.5482706269E+00   0.2193082507E+01   0.1030748779E+02   0.2660841873E-01   0.3642315433E-01
     15.   0.5571272790E+00   0.2228509116E+01   0.1047399285E+02   0.2674422161E-01   0.3657567620E-01
     16.   0.5647512629E+00   0.2259005052E+01   0.1061732374E+02   0.2692090266E-01   0.3663588570E-01
     17.   0.5713810085E+00   0.2285524034E+01   0.1074196296E+02   0.2715798738E-01   0.3661597798E-01
     18.   0.5772289548E+00   0.2308915819E+01   0.1085190435E+02   0.2745158078E-01   0.3654239265E-01
     19.   0.5824299585E+00   0.2329719834E+01   0.1094968322E+02   0.2780349646E-01   0.3641652658E-01
     20.   0.5855549585E+00   0.2342219834E+01   0.1100843322E+02   0.2807290684E-01   0.3630988734E-01
     21.   0.5886799585E+00   0.2354719834E+01   0.1106718322E+02   0.2839720653E-01   0.3618197715E-01
     22.   0.5918049585E+00   0.2367219834E+01   0.1112593322E+02   0.2877494983E-01   0.3602426544E-01
     23.   0.5949299585E+00   0.2379719834E+01   0.1118468322E+02   0.2921980831E-01   0.3583391135E-01
     24.   0.5980549585E+00   0.2392219834E+01   0.1124343322E+02   0.2974756048E-01   0.3560688122E-01
     25.   0.6011799585E+00   0.2404719834E+01   0.1130218322E+02   0.3037214715E-01   0.3533867483E-01
     26.   0.6043049585E+00   0.2417219834E+01   0.1136093322E+02   0.3111657152E-01   0.3502457660E-01
     27.   0.6074299585E+00   0.2429719834E+01   0.1141968322E+02   0.3200418198E-01   0.3465311218E-01
     28.   0.6105549585E+00   0.2442219834E+01   0.1147843322E+02   0.3305622132E-01   0.3421682947E-01
     29.   0.6136799585E+00   0.2454719834E+01   0.1153718322E+02   0.3432532961E-01   0.3370150540E-01
     30.   0.6168049585E+00   0.2467219834E+01   0.1159593322E+02   0.3582731242E-01   0.3306473670E-01
     31.   0.6199299585E+00   0.2479719834E+01   0.1165468322E+02   0.3764509471E-01   0.3226664304E-01
     32.   0.6230549585E+00   0.2492219834E+01   0.1171343322E+02   0.3990326332E-01   0.3126352559E-01
     33.   0.6261799585E+00   0.2504719834E+01   0.1177218322E+02   0.4268787210E-01   0.2998825421E-01
     34.   0.6293049585E+00   0.2517219834E+01   0.1183093322E+02   0.4634870115E-01   0.2837823145E-01
     35.   0.6324299585E+00   0.2529719834E+01   0.1188968322E+02   0.5124487754E-01   0.2635002451E-01
     36.   0.6355549585E+00   0.2542219834E+01   0.1194843322E+02   0.5819242760E-01   0.2374518054E-01
     37.   0.6386799585E+00   0.2554719834E+01   0.1200718322E+02   0.6867774089E-01   0.2038696013E-01
     38.   0.6418049585E+00   0.2567219834E+01   0.1206593322E+02   0.8560592237E-01   0.1593640381E-01
     39.   0.6449299585E+00   0.2579719834E+01   0.1212468322E+02   0.1157061342E+00   0.9654216124E-02
     40.   0.6480549585E+00   0.2592219834E+01   0.1218343322E+02   0.1923262348E+00  -0.5565502954E-03
     41.   0.6511799585E+00   0.2604719834E+01   0.1224218322E+02   0.7979051565E+00  -0.4706915041E-01
     42.   0.1000000000E+01   0.4000000000E+01   0.1880000000E+02   0.5468186258E+07   0.1211941621E+07
