# digitalmodel weldolet_limit convergence record (converged substeps, numeric columns of the MAPDL monitor file)
# columns: step substep attempts iterations total_iterations time_increment time
1 1 1 2 2 6.25000E-02 6.25000E-02
1 2 1 1 3 6.25000E-02 1.25000E-01
1 3 1 1 4 6.25000E-02 1.87500E-01
1 4 1 2 6 6.25000E-02 2.50000E-01
1 5 1 2 8 6.25000E-02 3.12500E-01
1 6 2 2 12 5.28810E-02 3.65380E-01
1 7 2 2 16 4.17600E-02 4.07140E-01
1 8 2 2 20 3.40700E-02 4.41210E-01
1 9 2 2 24 2.78200E-02 4.69030E-01
1 10 2 2 28 2.27990E-02 4.91830E-01
1 11 2 2 32 1.86220E-02 5.10450E-01
1 12 2 2 36 1.50210E-02 5.25470E-01
1 13 2 2 40 1.23940E-02 5.37870E-01
1 14 2 2 44 1.04050E-02 5.48270E-01
1 15 2 2 48 8.85670E-03 5.57130E-01
1 16 2 1 51 7.62400E-03 5.64750E-01
1 17 2 2 55 6.62970E-03 5.71380E-01
1 18 2 1 58 5.84790E-03 5.77230E-01
1 19 2 1 61 5.20100E-03 5.82430E-01
1 20 2 1 64 3.12500E-03 5.85550E-01
1 21 1 1 65 3.12500E-03 5.88680E-01
1 22 2 1 67 3.12500E-03 5.91800E-01
1 23 1 1 68 3.12500E-03 5.94930E-01
1 24 2 1 70 3.12500E-03 5.98050E-01
1 25 1 1 71 3.12500E-03 6.01180E-01
1 26 2 1 74 3.12500E-03 6.04300E-01
1 27 1 2 76 3.12500E-03 6.07430E-01
1 28 1 2 78 3.12500E-03 6.10550E-01
1 29 1 2 80 3.12500E-03 6.13680E-01
1 30 1 2 82 3.12500E-03 6.16800E-01
1 31 1 2 84 3.12500E-03 6.19930E-01
1 32 1 2 86 3.12500E-03 6.23050E-01
1 33 1 2 88 3.12500E-03 6.26180E-01
1 34 1 2 90 3.12500E-03 6.29300E-01
1 35 1 2 92 3.12500E-03 6.32430E-01
1 36 1 2 94 3.12500E-03 6.35550E-01
1 37 1 2 96 3.12500E-03 6.38680E-01
1 38 1 2 98 3.12500E-03 6.41800E-01
1 39 1 3 101 3.12500E-03 6.44930E-01
1 40 1 3 104 3.12500E-03 6.48050E-01
1 41 1 5 109 3.12500E-03 6.51180E-01
