# digitalmodel weldolet_crotch CINT table
# units: length=mm force=N stress=MPa K=MPa*sqrt(mm) J=N/mm
# mesh_level     1.
# front_nodes      49.
# contours   6.
# columns: node contour x y z K1 K2 K3 J
      1.   1.   0.1190500000E+02   0.0000000000E+00   0.8465000000E+02   0.1607376905E+03   0.0000000000E+00   0.0000000000E+00   0.1563044042E+00
      1.   2.   0.1190500000E+02   0.0000000000E+00   0.8465000000E+02   0.1779041185E+03   0.0000000000E+00   0.0000000000E+00   0.1560178759E+00
      1.   3.   0.1190500000E+02   0.0000000000E+00   0.8465000000E+02   0.1780031505E+03   0.0000000000E+00   0.0000000000E+00   0.1561845209E+00
      1.   4.   0.1190500000E+02   0.0000000000E+00   0.8465000000E+02   0.1780343082E+03   0.0000000000E+00   0.0000000000E+00   0.1562353480E+00
      1.   5.   0.1190500000E+02   0.0000000000E+00   0.8465000000E+02   0.1780527216E+03   0.0000000000E+00   0.0000000000E+00   0.1562328258E+00
      1.   6.   0.1190500000E+02   0.0000000000E+00   0.8465000000E+02   0.1780640898E+03   0.0000000000E+00   0.0000000000E+00   0.1562116441E+00
      2.   1.   0.1210049393E+02   0.0000000000E+00   0.8464185442E+02   0.1623387090E+03   0.0000000000E+00   0.0000000000E+00   0.1537983539E+00
      2.   2.   0.1210049393E+02   0.0000000000E+00   0.8464185442E+02   0.1752935365E+03   0.0000000000E+00   0.0000000000E+00   0.1534596033E+00
      2.   3.   0.1210049393E+02   0.0000000000E+00   0.8464185442E+02   0.1753599175E+03   0.0000000000E+00   0.0000000000E+00   0.1535181414E+00
      2.   4.   0.1210049393E+02   0.0000000000E+00   0.8464185442E+02   0.1753750554E+03   0.0000000000E+00   0.0000000000E+00   0.1535146364E+00
      2.   5.   0.1210049393E+02   0.0000000000E+00   0.8464185442E+02   0.1753830151E+03   0.0000000000E+00   0.0000000000E+00   0.1535228005E+00
      2.   6.   0.1210049393E+02   0.0000000000E+00   0.8464185442E+02   0.1753883456E+03   0.0000000000E+00   0.0000000000E+00   0.1535356365E+00
      3.   1.   0.1229396552E+02   0.0000000000E+00   0.8461758621E+02   0.1571216066E+03   0.0000000000E+00   0.0000000000E+00   0.1438180211E+00
      3.   2.   0.1229396552E+02   0.0000000000E+00   0.8461758621E+02   0.1695738725E+03   0.0000000000E+00   0.0000000000E+00   0.1435241703E+00
      3.   3.   0.1229396552E+02   0.0000000000E+00   0.8461758621E+02   0.1696330957E+03   0.0000000000E+00   0.0000000000E+00   0.1436124265E+00
      3.   4.   0.1229396552E+02   0.0000000000E+00   0.8461758621E+02   0.1696425778E+03   0.0000000000E+00   0.0000000000E+00   0.1436252356E+00
      3.   5.   0.1229396552E+02   0.0000000000E+00   0.8461758621E+02   0.1696451121E+03   0.0000000000E+00   0.0000000000E+00   0.1436282024E+00
      3.   6.   0.1229396552E+02   0.0000000000E+00   0.8461758621E+02   0.1696457646E+03   0.0000000000E+00   0.0000000000E+00   0.1436282203E+00
      4.   1.   0.1248346154E+02   0.0000000000E+00   0.8457769231E+02   0.1528130996E+03   0.0000000000E+00   0.0000000000E+00   0.1356962657E+00
      4.   2.   0.1248346154E+02   0.0000000000E+00   0.8457769231E+02   0.1647220341E+03   0.0000000000E+00   0.0000000000E+00   0.1354209620E+00
      4.   3.   0.1248346154E+02   0.0000000000E+00   0.8457769231E+02   0.1647772892E+03   0.0000000000E+00   0.0000000000E+00   0.1355036203E+00
      4.   4.   0.1248346154E+02   0.0000000000E+00   0.8457769231E+02   0.1647850942E+03   0.0000000000E+00   0.0000000000E+00   0.1355156376E+00
      4.   5.   0.1248346154E+02   0.0000000000E+00   0.8457769231E+02   0.1647869582E+03   0.0000000000E+00   0.0000000000E+00   0.1355185828E+00
      4.   6.   0.1248346154E+02   0.0000000000E+00   0.8457769231E+02   0.1647875480E+03   0.0000000000E+00   0.0000000000E+00   0.1355194602E+00
      5.   1.   0.1266716216E+02   0.0000000000E+00   0.8452297297E+02   0.1494869188E+03   0.0000000000E+00   0.0000000000E+00   0.1293957874E+00
      5.   2.   0.1266716216E+02   0.0000000000E+00   0.8452297297E+02   0.1608511804E+03   0.0000000000E+00   0.0000000000E+00   0.1291355051E+00
      5.   3.   0.1266716216E+02   0.0000000000E+00   0.8452297297E+02   0.1609046011E+03   0.0000000000E+00   0.0000000000E+00   0.1292136926E+00
      5.   4.   0.1266716216E+02   0.0000000000E+00   0.8452297297E+02   0.1609121489E+03   0.0000000000E+00   0.0000000000E+00   0.1292250664E+00
      5.   5.   0.1266716216E+02   0.0000000000E+00   0.8452297297E+02   0.1609140299E+03   0.0000000000E+00   0.0000000000E+00   0.1292278491E+00
      5.   6.   0.1266716216E+02   0.0000000000E+00   0.8452297297E+02   0.1609146628E+03   0.0000000000E+00   0.0000000000E+00   0.1292286939E+00
      6.   1.   0.1284343594E+02   0.0000000000E+00   0.8445449251E+02   0.1469743524E+03   0.0000000000E+00   0.0000000000E+00   0.1245054456E+00
      6.   2.   0.1284343594E+02   0.0000000000E+00   0.8445449251E+02   0.1577800874E+03   0.0000000000E+00   0.0000000000E+00   0.1242569543E+00
      6.   3.   0.1284343594E+02   0.0000000000E+00   0.8445449251E+02   0.1578322795E+03   0.0000000000E+00   0.0000000000E+00   0.1243316543E+00
      6.   4.   0.1284343594E+02   0.0000000000E+00   0.8445449251E+02   0.1578396611E+03   0.0000000000E+00   0.0000000000E+00   0.1243425238E+00
      6.   5.   0.1284343594E+02   0.0000000000E+00   0.8445449251E+02   0.1578415253E+03   0.0000000000E+00   0.0000000000E+00   0.1243452095E+00
      6.   6.   0.1284343594E+02   0.0000000000E+00   0.8445449251E+02   0.1578421719E+03   0.0000000000E+00   0.0000000000E+00   0.1243460576E+00
      7.   1.   0.1301088235E+02   0.0000000000E+00   0.8437352941E+02   0.1451483096E+03   0.0000000000E+00   0.0000000000E+00   0.1207271978E+00
      7.   2.   0.1301088235E+02   0.0000000000E+00   0.8437352941E+02   0.1553656599E+03   0.0000000000E+00   0.0000000000E+00   0.1204880600E+00
      7.   3.   0.1301088235E+02   0.0000000000E+00   0.8437352941E+02   0.1554168804E+03   0.0000000000E+00   0.0000000000E+00   0.1205600153E+00
      7.   4.   0.1301088235E+02   0.0000000000E+00   0.8437352941E+02   0.1554241457E+03   0.0000000000E+00   0.0000000000E+00   0.1205704915E+00
      7.   5.   0.1301088235E+02   0.0000000000E+00   0.8437352941E+02   0.1554260044E+03   0.0000000000E+00   0.0000000000E+00   0.1205730988E+00
      7.   6.   0.1301088235E+02   0.0000000000E+00   0.8437352941E+02   0.1554266655E+03   0.0000000000E+00   0.0000000000E+00   0.1205739383E+00
      8.   1.   0.1316836000E+02   0.0000000000E+00   0.8428152000E+02   0.1439238105E+03   0.0000000000E+00   0.0000000000E+00   0.1178509478E+00
      8.   2.   0.1316836000E+02   0.0000000000E+00   0.8428152000E+02   0.1535022938E+03   0.0000000000E+00   0.0000000000E+00   0.1176191556E+00
      8.   3.   0.1316836000E+02   0.0000000000E+00   0.8428152000E+02   0.1535527282E+03   0.0000000000E+00   0.0000000000E+00   0.1176889752E+00
      8.   4.   0.1316836000E+02   0.0000000000E+00   0.8428152000E+02   0.1535598970E+03   0.0000000000E+00   0.0000000000E+00   0.1176991462E+00
      8.   5.   0.1316836000E+02   0.0000000000E+00   0.8428152000E+02   0.1535617505E+03   0.0000000000E+00   0.0000000000E+00   0.1177016957E+00
      8.   6.   0.1316836000E+02   0.0000000000E+00   0.8428152000E+02   0.1535624248E+03   0.0000000000E+00   0.0000000000E+00   0.1177025320E+00
      9.   1.   0.1331500000E+02   0.0000000000E+00   0.8418000000E+02   0.1432522559E+03   0.0000000000E+00   0.0000000000E+00   0.1157217754E+00
      9.   2.   0.1331500000E+02   0.0000000000E+00   0.8418000000E+02   0.1521083337E+03   0.0000000000E+00   0.0000000000E+00   0.1154956768E+00
      9.   3.   0.1331500000E+02   0.0000000000E+00   0.8418000000E+02   0.1521581299E+03   0.0000000000E+00   0.0000000000E+00   0.1155638628E+00
      9.   4.   0.1331500000E+02   0.0000000000E+00   0.8418000000E+02   0.1521652236E+03   0.0000000000E+00   0.0000000000E+00   0.1155738016E+00
      9.   5.   0.1331500000E+02   0.0000000000E+00   0.8418000000E+02   0.1521670758E+03   0.0000000000E+00   0.0000000000E+00   0.1155763087E+00
      9.   6.   0.1331500000E+02   0.0000000000E+00   0.8418000000E+02   0.1521677632E+03   0.0000000000E+00   0.0000000000E+00   0.1155771442E+00
     10.   1.   0.1345020548E+02   0.0000000000E+00   0.8407054795E+02   0.1431390035E+03   0.0000000000E+00   0.0000000000E+00   0.1142202293E+00
     10.   2.   0.1345020548E+02   0.0000000000E+00   0.8407054795E+02   0.1511173608E+03   0.0000000000E+00   0.0000000000E+00   0.1139984228E+00
     10.   3.   0.1345020548E+02   0.0000000000E+00   0.8407054795E+02   0.1511666470E+03   0.0000000000E+00   0.0000000000E+00   0.1140653961E+00
     10.   4.   0.1345020548E+02   0.0000000000E+00   0.8407054795E+02   0.1511736828E+03   0.0000000000E+00   0.0000000000E+00   0.1140751637E+00
     10.   5.   0.1345020548E+02   0.0000000000E+00   0.8407054795E+02   0.1511755363E+03   0.0000000000E+00   0.0000000000E+00   0.1140776418E+00
     10.   6.   0.1345020548E+02   0.0000000000E+00   0.8407054795E+02   0.1511762363E+03   0.0000000000E+00   0.0000000000E+00   0.1140784789E+00
     11.   1.   0.1357363905E+02   0.0000000000E+00   0.8395473373E+02   0.1437027195E+03   0.0000000000E+00   0.0000000000E+00   0.1132505517E+00
     11.   2.   0.1357363905E+02   0.0000000000E+00   0.8395473373E+02   0.1504728312E+03   0.0000000000E+00   0.0000000000E+00   0.1130318632E+00
     11.   3.   0.1357363905E+02   0.0000000000E+00   0.8395473373E+02   0.1505217166E+03   0.0000000000E+00   0.0000000000E+00   0.1130979802E+00
     11.   4.   0.1357363905E+02   0.0000000000E+00   0.8395473373E+02   0.1505287099E+03   0.0000000000E+00   0.0000000000E+00   0.1131076281E+00
     11.   5.   0.1357363905E+02   0.0000000000E+00   0.8395473373E+02   0.1505305668E+03   0.0000000000E+00   0.0000000000E+00   0.1131100883E+00
     11.   6.   0.1357363905E+02   0.0000000000E+00   0.8395473373E+02   0.1505312790E+03   0.0000000000E+00   0.0000000000E+00   0.1131109290E+00
     12.   1.   0.1368520086E+02   0.0000000000E+00   0.8383407461E+02   0.1451907820E+03   0.0000000000E+00   0.0000000000E+00   0.1127337103E+00
     12.   2.   0.1368520086E+02   0.0000000000E+00   0.8383407461E+02   0.1501248820E+03   0.0000000000E+00   0.0000000000E+00   0.1125171305E+00
     12.   3.   0.1368520086E+02   0.0000000000E+00   0.8383407461E+02   0.1501734615E+03   0.0000000000E+00   0.0000000000E+00   0.1125826925E+00
     12.   4.   0.1368520086E+02   0.0000000000E+00   0.8383407461E+02   0.1501804253E+03   0.0000000000E+00   0.0000000000E+00   0.1125922643E+00
     12.   5.   0.1368520086E+02   0.0000000000E+00   0.8383407461E+02   0.1501822875E+03   0.0000000000E+00   0.0000000000E+00   0.1125947158E+00
     12.   6.   0.1368520086E+02   0.0000000000E+00   0.8383407461E+02   0.1501830113E+03   0.0000000000E+00   0.0000000000E+00   0.1125955617E+00
     13.   1.   0.1378500000E+02   0.0000000000E+00   0.8371000000E+02   0.1473623898E+03   0.0000000000E+00   0.0000000000E+00   0.1126030333E+00
     13.   2.   0.1378500000E+02   0.0000000000E+00   0.8371000000E+02   0.1500307964E+03   0.0000000000E+00   0.0000000000E+00   0.1123877123E+00
     13.   3.   0.1378500000E+02   0.0000000000E+00   0.8371000000E+02   0.1500791539E+03   0.0000000000E+00   0.0000000000E+00   0.1124529782E+00
     13.   4.   0.1378500000E+02   0.0000000000E+00   0.8371000000E+02   0.1500860997E+03   0.0000000000E+00   0.0000000000E+00   0.1124625108E+00
     13.   5.   0.1378500000E+02   0.0000000000E+00   0.8371000000E+02   0.1500879685E+03   0.0000000000E+00   0.0000000000E+00   0.1124649613E+00
     13.   6.   0.1378500000E+02   0.0000000000E+00   0.8371000000E+02   0.1500887032E+03   0.0000000000E+00   0.0000000000E+00   0.1124658135E+00
     14.   1.   0.1387332215E+02   0.0000000000E+00   0.8358382550E+02   0.1488349071E+03   0.0000000000E+00   0.0000000000E+00   0.1128014935E+00
     14.   2.   0.1387332215E+02   0.0000000000E+00   0.8358382550E+02   0.1501581487E+03   0.0000000000E+00   0.0000000000E+00   0.1125866816E+00
     14.   3.   0.1387332215E+02   0.0000000000E+00   0.8358382550E+02   0.1502063568E+03   0.0000000000E+00   0.0000000000E+00   0.1126518709E+00
     14.   4.   0.1387332215E+02   0.0000000000E+00   0.8358382550E+02   0.1502132945E+03   0.0000000000E+00   0.0000000000E+00   0.1126613959E+00
     14.   5.   0.1387332215E+02   0.0000000000E+00   0.8358382550E+02   0.1502151710E+03   0.0000000000E+00   0.0000000000E+00   0.1126638520E+00
     14.   6.   0.1387332215E+02   0.0000000000E+00   0.8358382550E+02   0.1502159162E+03   0.0000000000E+00   0.0000000000E+00   0.1126647115E+00
     15.   1.   0.1395059585E+02   0.0000000000E+00   0.8345673575E+02   0.1492894416E+03   0.0000000000E+00   0.0000000000E+00   0.1132797828E+00
     15.   2.   0.1395059585E+02   0.0000000000E+00   0.8345673575E+02   0.1504766364E+03   0.0000000000E+00   0.0000000000E+00   0.1130648602E+00
     15.   3.   0.1395059585E+02   0.0000000000E+00   0.8345673575E+02   0.1505247605E+03   0.0000000000E+00   0.0000000000E+00   0.1131301612E+00
     15.   4.   0.1395059585E+02   0.0000000000E+00   0.8345673575E+02   0.1505316986E+03   0.0000000000E+00   0.0000000000E+00   0.1131397052E+00
     15.   5.   0.1395059585E+02   0.0000000000E+00   0.8345673575E+02   0.1505335839E+03   0.0000000000E+00   0.0000000000E+00   0.1131421724E+00
     15.   6.   0.1395059585E+02   0.0000000000E+00   0.8345673575E+02   0.1505343388E+03   0.0000000000E+00   0.0000000000E+00   0.1131430398E+00
     16.   1.   0.1401735955E+02   0.0000000000E+00   0.8332977528E+02   0.1495899605E+03   0.0000000000E+00   0.0000000000E+00   0.1139950065E+00
     16.   2.   0.1401735955E+02   0.0000000000E+00   0.8332977528E+02   0.1509539254E+03   0.0000000000E+00   0.0000000000E+00   0.1137794433E+00
     16.   3.   0.1401735955E+02   0.0000000000E+00   0.8332977528E+02   0.1510020223E+03   0.0000000000E+00   0.0000000000E+00   0.1138450150E+00
     16.   4.   0.1401735955E+02   0.0000000000E+00   0.8332977528E+02   0.1510089682E+03   0.0000000000E+00   0.0000000000E+00   0.1138546008E+00
     16.   5.   0.1401735955E+02   0.0000000000E+00   0.8332977528E+02   0.1510108630E+03   0.0000000000E+00   0.0000000000E+00   0.1138570837E+00
     16.   6.   0.1401735955E+02   0.0000000000E+00   0.8332977528E+02   0.1510116270E+03   0.0000000000E+00   0.0000000000E+00   0.1138579596E+00
     17.   1.   0.1407423077E+02   0.0000000000E+00   0.8320384615E+02   0.1500954988E+03   0.0000000000E+00   0.0000000000E+00   0.1149097645E+00
     17.   2.   0.1407423077E+02   0.0000000000E+00   0.8320384615E+02   0.1515619767E+03   0.0000000000E+00   0.0000000000E+00   0.1146930952E+00
     17.   3.   0.1407423077E+02   0.0000000000E+00   0.8320384615E+02   0.1516100961E+03   0.0000000000E+00   0.0000000000E+00   0.1147590737E+00
     17.   4.   0.1407423077E+02   0.0000000000E+00   0.8320384615E+02   0.1516170562E+03   0.0000000000E+00   0.0000000000E+00   0.1147687204E+00
     17.   5.   0.1407423077E+02   0.0000000000E+00   0.8320384615E+02   0.1516189612E+03   0.0000000000E+00   0.0000000000E+00   0.1147712228E+00
     17.   6.   0.1407423077E+02   0.0000000000E+00   0.8320384615E+02   0.1516197337E+03   0.0000000000E+00   0.0000000000E+00   0.1147721077E+00
     18.   1.   0.1412187861E+02   0.0000000000E+00   0.8307971098E+02   0.1507973187E+03   0.0000000000E+00   0.0000000000E+00   0.1159914008E+00
     18.   2.   0.1412187861E+02   0.0000000000E+00   0.8307971098E+02   0.1522774130E+03   0.0000000000E+00   0.0000000000E+00   0.1157732366E+00
     18.   3.   0.1412187861E+02   0.0000000000E+00   0.8307971098E+02   0.1523255993E+03   0.0000000000E+00   0.0000000000E+00   0.1158397360E+00
     18.   4.   0.1412187861E+02   0.0000000000E+00   0.8307971098E+02   0.1523325792E+03   0.0000000000E+00   0.0000000000E+00   0.1158494599E+00
     18.   5.   0.1412187861E+02   0.0000000000E+00   0.8307971098E+02   0.1523344947E+03   0.0000000000E+00   0.0000000000E+00   0.1158519851E+00
     18.   6.   0.1412187861E+02   0.0000000000E+00   0.8307971098E+02   0.1523352752E+03   0.0000000000E+00   0.0000000000E+00   0.1158528791E+00
     19.   1.   0.1416100000E+02   0.0000000000E+00   0.8295800000E+02   0.1516364432E+03   0.0000000000E+00   0.0000000000E+00   0.1172115071E+00
     19.   2.   0.1416100000E+02   0.0000000000E+00   0.8295800000E+02   0.1530801943E+03   0.0000000000E+00   0.0000000000E+00   0.1169915303E+00
     19.   3.   0.1416100000E+02   0.0000000000E+00   0.8295800000E+02   0.1531284852E+03   0.0000000000E+00   0.0000000000E+00   0.1170586473E+00
     19.   4.   0.1416100000E+02   0.0000000000E+00   0.8295800000E+02   0.1531354896E+03   0.0000000000E+00   0.0000000000E+00   0.1170684620E+00
     19.   5.   0.1416100000E+02   0.0000000000E+00   0.8295800000E+02   0.1531374160E+03   0.0000000000E+00   0.0000000000E+00   0.1170710124E+00
     19.   6.   0.1416100000E+02   0.0000000000E+00   0.8295800000E+02   0.1531382039E+03   0.0000000000E+00   0.0000000000E+00   0.1170719159E+00
     20.   1.   0.1419229989E+02   0.0000000000E+00   0.8283922092E+02   0.1525717602E+03   0.0000000000E+00   0.0000000000E+00   0.1185454765E+00
     20.   2.   0.1419229989E+02   0.0000000000E+00   0.8283922092E+02   0.1539529549E+03   0.0000000000E+00   0.0000000000E+00   0.1183233996E+00
     20.   3.   0.1419229989E+02   0.0000000000E+00   0.8283922092E+02   0.1540013848E+03   0.0000000000E+00   0.0000000000E+00   0.1183912145E+00
     20.   4.   0.1419229989E+02   0.0000000000E+00   0.8283922092E+02   0.1540084175E+03   0.0000000000E+00   0.0000000000E+00   0.1184011314E+00
     20.   5.   0.1419229989E+02   0.0000000000E+00   0.8283922092E+02   0.1540103552E+03   0.0000000000E+00   0.0000000000E+00   0.1184037091E+00
     20.   6.   0.1419229989E+02   0.0000000000E+00   0.8283922092E+02   0.1540111500E+03   0.0000000000E+00   0.0000000000E+00   0.1184046221E+00
     21.   1.   0.1421647541E+02   0.0000000000E+00   0.8272377049E+02   0.1535784028E+03   0.0000000000E+00   0.0000000000E+00   0.1199719948E+00
     21.   2.   0.1421647541E+02   0.0000000000E+00   0.8272377049E+02   0.1548807084E+03   0.0000000000E+00   0.0000000000E+00   0.1197475852E+00
     21.   3.   0.1421647541E+02   0.0000000000E+00   0.8272377049E+02   0.1549293062E+03   0.0000000000E+00   0.0000000000E+00   0.1198161657E+00
     21.   4.   0.1421647541E+02   0.0000000000E+00   0.8272377049E+02   0.1549363708E+03   0.0000000000E+00   0.0000000000E+00   0.1198261940E+00
     21.   5.   0.1421647541E+02   0.0000000000E+00   0.8272377049E+02   0.1549383199E+03   0.0000000000E+00   0.0000000000E+00   0.1198288009E+00
     21.   6.   0.1421647541E+02   0.0000000000E+00   0.8272377049E+02   0.1549391212E+03   0.0000000000E+00   0.0000000000E+00   0.1198297236E+00
     22.   1.   0.1423420354E+02   0.0000000000E+00   0.8261194690E+02   0.1546406923E+03   0.0000000000E+00   0.0000000000E+00   0.1214726835E+00
     22.   2.   0.1423420354E+02   0.0000000000E+00   0.8261194690E+02   0.1558505773E+03   0.0000000000E+00   0.0000000000E+00   0.1212457476E+00
     22.   3.   0.1423420354E+02   0.0000000000E+00   0.8261194690E+02   0.1558993676E+03   0.0000000000E+00   0.0000000000E+00   0.1213151487E+00
     22.   4.   0.1423420354E+02   0.0000000000E+00   0.8261194690E+02   0.1559064671E+03   0.0000000000E+00   0.0000000000E+00   0.1213252965E+00
     22.   5.   0.1423420354E+02   0.0000000000E+00   0.8261194690E+02   0.1559084278E+03   0.0000000000E+00   0.0000000000E+00   0.1213279339E+00
     22.   6.   0.1423420354E+02   0.0000000000E+00   0.8261194690E+02   0.1559092351E+03   0.0000000000E+00   0.0000000000E+00   0.1213288661E+00
     23.   1.   0.1424613208E+02   0.0000000000E+00   0.8250396226E+02   0.1557483240E+03   0.0000000000E+00   0.0000000000E+00   0.1230317087E+00
     23.   2.   0.1424613208E+02   0.0000000000E+00   0.8250396226E+02   0.1568515053E+03   0.0000000000E+00   0.0000000000E+00   0.1228020903E+00
     23.   3.   0.1424613208E+02   0.0000000000E+00   0.8250396226E+02   0.1569005105E+03   0.0000000000E+00   0.0000000000E+00   0.1228723577E+00
     23.   4.   0.1424613208E+02   0.0000000000E+00   0.8250396226E+02   0.1569076473E+03   0.0000000000E+00   0.0000000000E+00   0.1228826312E+00
     23.   5.   0.1424613208E+02   0.0000000000E+00   0.8250396226E+02   0.1569096196E+03   0.0000000000E+00   0.0000000000E+00   0.1228853001E+00
     23.   6.   0.1424613208E+02   0.0000000000E+00   0.8250396226E+02   0.1569104326E+03   0.0000000000E+00   0.0000000000E+00   0.1228862420E+00
     24.   1.   0.1425287330E+02   0.0000000000E+00   0.8239995475E+02   0.1568957835E+03   0.0000000000E+00   0.0000000000E+00   0.1246352568E+00
     24.   2.   0.1425287330E+02   0.0000000000E+00   0.8239995475E+02   0.1578738078E+03   0.0000000000E+00   0.0000000000E+00   0.1244028190E+00
     24.   3.   0.1425287330E+02   0.0000000000E+00   0.8239995475E+02   0.1579230459E+03   0.0000000000E+00   0.0000000000E+00   0.1244739883E+00
     24.   4.   0.1425287330E+02   0.0000000000E+00   0.8239995475E+02   0.1579302221E+03   0.0000000000E+00   0.0000000000E+00   0.1244843924E+00
     24.   5.   0.1425287330E+02   0.0000000000E+00   0.8239995475E+02   0.1579322063E+03   0.0000000000E+00   0.0000000000E+00   0.1244870938E+00
     24.   6.   0.1425287330E+02   0.0000000000E+00   0.8239995475E+02   0.1579330246E+03   0.0000000000E+00   0.0000000000E+00   0.1244880454E+00
     25.   1.   0.1425500000E+02   0.0000000000E+00   0.8230000000E+02   0.1579936034E+03   0.0000000000E+00   0.0000000000E+00   0.1262903621E+00
     25.   2.   0.1425500000E+02   0.0000000000E+00   0.8230000000E+02   0.1589218094E+03   0.0000000000E+00   0.0000000000E+00   0.1260550757E+00
     25.   3.   0.1425500000E+02   0.0000000000E+00   0.8230000000E+02   0.1589713225E+03   0.0000000000E+00   0.0000000000E+00   0.1261271466E+00
     25.   4.   0.1425500000E+02   0.0000000000E+00   0.8230000000E+02   0.1589785450E+03   0.0000000000E+00   0.0000000000E+00   0.1261376855E+00
     25.   5.   0.1425500000E+02   0.0000000000E+00   0.8230000000E+02   0.1589805440E+03   0.0000000000E+00   0.0000000000E+00   0.1261404196E+00
     25.   6.   0.1425500000E+02   0.0000000000E+00   0.8230000000E+02   0.1589813697E+03   0.0000000000E+00   0.0000000000E+00   0.1261413809E+00
     26.   1.   0.1425287330E+02   0.0000000000E+00   0.8220004525E+02   0.1590247673E+03   0.0000000000E+00   0.0000000000E+00   0.1280399805E+00
     26.   2.   0.1425287330E+02   0.0000000000E+00   0.8220004525E+02   0.1600177289E+03   0.0000000000E+00   0.0000000000E+00   0.1278011748E+00
     26.   3.   0.1425287330E+02   0.0000000000E+00   0.8220004525E+02   0.1600676363E+03   0.0000000000E+00   0.0000000000E+00   0.1278742885E+00
     26.   4.   0.1425287330E+02   0.0000000000E+00   0.8220004525E+02   0.1600749096E+03   0.0000000000E+00   0.0000000000E+00   0.1278849736E+00
     26.   5.   0.1425287330E+02   0.0000000000E+00   0.8220004525E+02   0.1600769203E+03   0.0000000000E+00   0.0000000000E+00   0.1278877433E+00
     26.   6.   0.1425287330E+02   0.0000000000E+00   0.8220004525E+02   0.1600777492E+03   0.0000000000E+00   0.0000000000E+00   0.1278887141E+00
     27.   1.   0.1424613208E+02   0.0000000000E+00   0.8209603774E+02   0.1600695413E+03   0.0000000000E+00   0.0000000000E+00   0.1299488336E+00
     27.   2.   0.1424613208E+02   0.0000000000E+00   0.8209603774E+02   0.1612054347E+03   0.0000000000E+00   0.0000000000E+00   0.1297062617E+00
     27.   3.   0.1424613208E+02   0.0000000000E+00   0.8209603774E+02   0.1612558011E+03   0.0000000000E+00   0.0000000000E+00   0.1297804821E+00
     27.   4.   0.1424613208E+02   0.0000000000E+00   0.8209603774E+02   0.1612631352E+03   0.0000000000E+00   0.0000000000E+00   0.1297913269E+00
     27.   5.   0.1424613208E+02   0.0000000000E+00   0.8209603774E+02   0.1612651612E+03   0.0000000000E+00   0.0000000000E+00   0.1297941347E+00
     27.   6.   0.1424613208E+02   0.0000000000E+00   0.8209603774E+02   0.1612659955E+03   0.0000000000E+00   0.0000000000E+00   0.1297951156E+00
     28.   1.   0.1423420354E+02   0.0000000000E+00   0.8198805310E+02   0.1612374729E+03   0.0000000000E+00   0.0000000000E+00   0.1320484955E+00
     28.   2.   0.1423420354E+02   0.0000000000E+00   0.8198805310E+02   0.1625015699E+03   0.0000000000E+00   0.0000000000E+00   0.1318017322E+00
     28.   3.   0.1423420354E+02   0.0000000000E+00   0.8198805310E+02   0.1625524432E+03   0.0000000000E+00   0.0000000000E+00   0.1318771803E+00
     28.   4.   0.1423420354E+02   0.0000000000E+00   0.8198805310E+02   0.1625598445E+03   0.0000000000E+00   0.0000000000E+00   0.1318882019E+00
     28.   5.   0.1423420354E+02   0.0000000000E+00   0.8198805310E+02   0.1625618872E+03   0.0000000000E+00   0.0000000000E+00   0.1318910518E+00
     28.   6.   0.1423420354E+02   0.0000000000E+00   0.8198805310E+02   0.1625627271E+03   0.0000000000E+00   0.0000000000E+00   0.1318920436E+00
     29.   1.   0.1421647541E+02   0.0000000000E+00   0.8187622951E+02   0.1625333560E+03   0.0000000000E+00   0.0000000000E+00   0.1343566600E+00
     29.   2.   0.1421647541E+02   0.0000000000E+00   0.8187622951E+02   0.1639147316E+03   0.0000000000E+00   0.0000000000E+00   0.1341052449E+00
     29.   3.   0.1421647541E+02   0.0000000000E+00   0.8187622951E+02   0.1639661650E+03   0.0000000000E+00   0.0000000000E+00   0.1341820556E+00
     29.   4.   0.1421647541E+02   0.0000000000E+00   0.8187622951E+02   0.1639736401E+03   0.0000000000E+00   0.0000000000E+00   0.1341932731E+00
     29.   5.   0.1421647541E+02   0.0000000000E+00   0.8187622951E+02   0.1639757007E+03   0.0000000000E+00   0.0000000000E+00   0.1341961690E+00
     29.   6.   0.1421647541E+02   0.0000000000E+00   0.8187622951E+02   0.1639765462E+03   0.0000000000E+00   0.0000000000E+00   0.1341971727E+00
     30.   1.   0.1419229989E+02   0.0000000000E+00   0.8176077908E+02   0.1639656770E+03   0.0000000000E+00   0.0000000000E+00   0.1368924810E+00
     30.   2.   0.1419229989E+02   0.0000000000E+00   0.8176077908E+02   0.1654537236E+03   0.0000000000E+00   0.0000000000E+00   0.1366359058E+00
     30.   3.   0.1419229989E+02   0.0000000000E+00   0.8176077908E+02   0.1655057724E+03   0.0000000000E+00   0.0000000000E+00   0.1367142265E+00
     30.   4.   0.1419229989E+02   0.0000000000E+00   0.8176077908E+02   0.1655133285E+03   0.0000000000E+00   0.0000000000E+00   0.1367256612E+00
     30.   5.   0.1419229989E+02   0.0000000000E+00   0.8176077908E+02   0.1655154080E+03   0.0000000000E+00   0.0000000000E+00   0.1367286076E+00
     30.   6.   0.1419229989E+02   0.0000000000E+00   0.8176077908E+02   0.1655162591E+03   0.0000000000E+00   0.0000000000E+00   0.1367296238E+00
     31.   1.   0.1416100000E+02   0.0000000000E+00   0.8164200000E+02   0.1655473133E+03   0.0000000000E+00   0.0000000000E+00   0.1396770042E+00
     31.   2.   0.1416100000E+02   0.0000000000E+00   0.8164200000E+02   0.1671278152E+03   0.0000000000E+00   0.0000000000E+00   0.1394147033E+00
     31.   3.   0.1416100000E+02   0.0000000000E+00   0.8164200000E+02   0.1671805387E+03   0.0000000000E+00   0.0000000000E+00   0.1394946977E+00
     31.   4.   0.1416100000E+02   0.0000000000E+00   0.8164200000E+02   0.1671881832E+03   0.0000000000E+00   0.0000000000E+00   0.1395063728E+00
     31.   5.   0.1416100000E+02   0.0000000000E+00   0.8164200000E+02   0.1671902830E+03   0.0000000000E+00   0.0000000000E+00   0.1395093745E+00
     31.   6.   0.1416100000E+02   0.0000000000E+00   0.8164200000E+02   0.1671911395E+03   0.0000000000E+00   0.0000000000E+00   0.1395104042E+00
     32.   1.   0.1412187861E+02   0.0000000000E+00   0.8152028902E+02   0.1672998436E+03   0.0000000000E+00   0.0000000000E+00   0.1427334401E+00
     32.   2.   0.1412187861E+02   0.0000000000E+00   0.8152028902E+02   0.1689468302E+03   0.0000000000E+00   0.0000000000E+00   0.1424647817E+00
     32.   3.   0.1412187861E+02   0.0000000000E+00   0.8152028902E+02   0.1690002922E+03   0.0000000000E+00   0.0000000000E+00   0.1425466298E+00
     32.   4.   0.1412187861E+02   0.0000000000E+00   0.8152028902E+02   0.1690080331E+03   0.0000000000E+00   0.0000000000E+00   0.1425585707E+00
     32.   5.   0.1412187861E+02   0.0000000000E+00   0.8152028902E+02   0.1690101543E+03   0.0000000000E+00   0.0000000000E+00   0.1425616331E+00
     32.   6.   0.1412187861E+02   0.0000000000E+00   0.8152028902E+02   0.1690110160E+03   0.0000000000E+00   0.0000000000E+00   0.1425626771E+00
     33.   1.   0.1407423077E+02   0.0000000000E+00   0.8139615385E+02   0.1692619385E+03   0.0000000000E+00   0.0000000000E+00   0.1460874277E+00
     33.   2.   0.1407423077E+02   0.0000000000E+00   0.8139615385E+02   0.1709212132E+03   0.0000000000E+00   0.0000000000E+00   0.1458117384E+00
     33.   3.   0.1407423077E+02   0.0000000000E+00   0.8139615385E+02   0.1709754795E+03   0.0000000000E+00   0.0000000000E+00   0.1458956392E+00
     33.   4.   0.1407423077E+02   0.0000000000E+00   0.8139615385E+02   0.1709833251E+03   0.0000000000E+00   0.0000000000E+00   0.1459078744E+00
     33.   5.   0.1407423077E+02   0.0000000000E+00   0.8139615385E+02   0.1709854691E+03   0.0000000000E+00   0.0000000000E+00   0.1459110033E+00
     33.   6.   0.1407423077E+02   0.0000000000E+00   0.8139615385E+02   0.1709863356E+03   0.0000000000E+00   0.0000000000E+00   0.1459120625E+00
     34.   1.   0.1401735955E+02   0.0000000000E+00   0.8127022472E+02   0.1714923119E+03   0.0000000000E+00   0.0000000000E+00   0.1497675170E+00
     34.   2.   0.1401735955E+02   0.0000000000E+00   0.8127022472E+02   0.1730621660E+03   0.0000000000E+00   0.0000000000E+00   0.1494840300E+00
     34.   3.   0.1401735955E+02   0.0000000000E+00   0.8127022472E+02   0.1731173071E+03   0.0000000000E+00   0.0000000000E+00   0.1495702040E+00
     34.   4.   0.1401735955E+02   0.0000000000E+00   0.8127022472E+02   0.1731252665E+03   0.0000000000E+00   0.0000000000E+00   0.1495827649E+00
     34.   5.   0.1401735955E+02   0.0000000000E+00   0.8127022472E+02   0.1731274341E+03   0.0000000000E+00   0.0000000000E+00   0.1495859667E+00
     34.   6.   0.1401735955E+02   0.0000000000E+00   0.8127022472E+02   0.1731283052E+03   0.0000000000E+00   0.0000000000E+00   0.1495870422E+00
     35.   1.   0.1395059585E+02   0.0000000000E+00   0.8114326425E+02   0.1739914011E+03   0.0000000000E+00   0.0000000000E+00   0.1538056114E+00
     35.   2.   0.1395059585E+02   0.0000000000E+00   0.8114326425E+02   0.1753822524E+03   0.0000000000E+00   0.0000000000E+00   0.1535134852E+00
     35.   3.   0.1395059585E+02   0.0000000000E+00   0.8114326425E+02   0.1754383417E+03   0.0000000000E+00   0.0000000000E+00   0.1536021784E+00
     35.   4.   0.1395059585E+02   0.0000000000E+00   0.8114326425E+02   0.1754464241E+03   0.0000000000E+00   0.0000000000E+00   0.1536150998E+00
     35.   5.   0.1395059585E+02   0.0000000000E+00   0.8114326425E+02   0.1754486166E+03   0.0000000000E+00   0.0000000000E+00   0.1536183816E+00
     35.   6.   0.1395059585E+02   0.0000000000E+00   0.8114326425E+02   0.1754494916E+03   0.0000000000E+00   0.0000000000E+00   0.1536194743E+00
     36.   1.   0.1387332215E+02   0.0000000000E+00   0.8101617450E+02   0.1763197604E+03   0.0000000000E+00   0.0000000000E+00   0.1582377013E+00
     36.   2.   0.1387332215E+02   0.0000000000E+00   0.8101617450E+02   0.1778969982E+03   0.0000000000E+00   0.0000000000E+00   0.1579360003E+00
     36.   3.   0.1387332215E+02   0.0000000000E+00   0.8101617450E+02   0.1779541113E+03   0.0000000000E+00   0.0000000000E+00   0.1580274844E+00
     36.   4.   0.1387332215E+02   0.0000000000E+00   0.8101617450E+02   0.1779623263E+03   0.0000000000E+00   0.0000000000E+00   0.1580408053E+00
     36.   5.   0.1387332215E+02   0.0000000000E+00   0.8101617450E+02   0.1779645448E+03   0.0000000000E+00   0.0000000000E+00   0.1580441750E+00
     36.   6.   0.1387332215E+02   0.0000000000E+00   0.8101617450E+02   0.1779654231E+03   0.0000000000E+00   0.0000000000E+00   0.1580452861E+00
     37.   1.   0.1378500000E+02   0.0000000000E+00   0.8089000000E+02   0.1773993040E+03   0.0000000000E+00   0.0000000000E+00   0.1631048892E+00
     37.   2.   0.1378500000E+02   0.0000000000E+00   0.8089000000E+02   0.1806246724E+03   0.0000000000E+00   0.0000000000E+00   0.1627925769E+00
     37.   3.   0.1378500000E+02   0.0000000000E+00   0.8089000000E+02   0.1806828898E+03   0.0000000000E+00   0.0000000000E+00   0.1628871577E+00
     37.   4.   0.1378500000E+02   0.0000000000E+00   0.8089000000E+02   0.1806912477E+03   0.0000000000E+00   0.0000000000E+00   0.1629009213E+00
     37.   5.   0.1378500000E+02   0.0000000000E+00   0.8089000000E+02   0.1806934931E+03   0.0000000000E+00   0.0000000000E+00   0.1629043878E+00
     37.   6.   0.1378500000E+02   0.0000000000E+00   0.8089000000E+02   0.1806943739E+03   0.0000000000E+00   0.0000000000E+00   0.1629055185E+00
     38.   1.   0.1368520086E+02   0.0000000000E+00   0.8076592539E+02   0.1775313181E+03   0.0000000000E+00   0.0000000000E+00   0.1684547272E+00
     38.   2.   0.1368520086E+02   0.0000000000E+00   0.8076592539E+02   0.1835786188E+03   0.0000000000E+00   0.0000000000E+00   0.1681306210E+00
     38.   3.   0.1368520086E+02   0.0000000000E+00   0.8076592539E+02   0.1836380224E+03   0.0000000000E+00   0.0000000000E+00   0.1682286402E+00
     38.   4.   0.1368520086E+02   0.0000000000E+00   0.8076592539E+02   0.1836465338E+03   0.0000000000E+00   0.0000000000E+00   0.1682428956E+00
     38.   5.   0.1368520086E+02   0.0000000000E+00   0.8076592539E+02   0.1836488070E+03   0.0000000000E+00   0.0000000000E+00   0.1682464688E+00
     38.   6.   0.1368520086E+02   0.0000000000E+00   0.8076592539E+02   0.1836496894E+03   0.0000000000E+00   0.0000000000E+00   0.1682476206E+00
     39.   1.   0.1357363905E+02   0.0000000000E+00   0.8064526627E+02   0.1783552270E+03   0.0000000000E+00   0.0000000000E+00   0.1743431153E+00
     39.   2.   0.1357363905E+02   0.0000000000E+00   0.8064526627E+02   0.1867719446E+03   0.0000000000E+00   0.0000000000E+00   0.1740059416E+00
     39.   3.   0.1357363905E+02   0.0000000000E+00   0.8064526627E+02   0.1868326197E+03   0.0000000000E+00   0.0000000000E+00   0.1741077844E+00
     39.   4.   0.1357363905E+02   0.0000000000E+00   0.8064526627E+02   0.1868412962E+03   0.0000000000E+00   0.0000000000E+00   0.1741225870E+00
     39.   5.   0.1357363905E+02   0.0000000000E+00   0.8064526627E+02   0.1868435981E+03   0.0000000000E+00   0.0000000000E+00   0.1741262779E+00
     39.   6.   0.1357363905E+02   0.0000000000E+00   0.8064526627E+02   0.1868444810E+03   0.0000000000E+00   0.0000000000E+00   0.1741274526E+00
     40.   1.   0.1345020548E+02   0.0000000000E+00   0.8052945205E+02   0.1801708993E+03   0.0000000000E+00   0.0000000000E+00   0.1808375149E+00
     40.   2.   0.1345020548E+02   0.0000000000E+00   0.8052945205E+02   0.1902280846E+03   0.0000000000E+00   0.0000000000E+00   0.1804857665E+00
     40.   3.   0.1345020548E+02   0.0000000000E+00   0.8052945205E+02   0.1902901222E+03   0.0000000000E+00   0.0000000000E+00   0.1805918694E+00
     40.   4.   0.1345020548E+02   0.0000000000E+00   0.8052945205E+02   0.1902989755E+03   0.0000000000E+00   0.0000000000E+00   0.1806072819E+00
     40.   5.   0.1345020548E+02   0.0000000000E+00   0.8052945205E+02   0.1903013071E+03   0.0000000000E+00   0.0000000000E+00   0.1806111035E+00
     40.   6.   0.1345020548E+02   0.0000000000E+00   0.8052945205E+02   0.1903021893E+03   0.0000000000E+00   0.0000000000E+00   0.1806123030E+00
     41.   1.   0.1331500000E+02   0.0000000000E+00   0.8042000000E+02   0.1826692145E+03   0.0000000000E+00   0.0000000000E+00   0.1880218877E+00
     41.   2.   0.1331500000E+02   0.0000000000E+00   0.8042000000E+02   0.1939780546E+03   0.0000000000E+00   0.0000000000E+00   0.1876538862E+00
     41.   3.   0.1331500000E+02   0.0000000000E+00   0.8042000000E+02   0.1940415518E+03   0.0000000000E+00   0.0000000000E+00   0.1877647521E+00
     41.   4.   0.1331500000E+02   0.0000000000E+00   0.8042000000E+02   0.1940505954E+03   0.0000000000E+00   0.0000000000E+00   0.1877808474E+00
     41.   5.   0.1331500000E+02   0.0000000000E+00   0.8042000000E+02   0.1940529576E+03   0.0000000000E+00   0.0000000000E+00   0.1877848145E+00
     41.   6.   0.1331500000E+02   0.0000000000E+00   0.8042000000E+02   0.1940538379E+03   0.0000000000E+00   0.0000000000E+00   0.1877860410E+00
     42.   1.   0.1316836000E+02   0.0000000000E+00   0.8031848000E+02   0.1856859849E+03   0.0000000000E+00   0.0000000000E+00   0.1960052814E+00
     42.   2.   0.1316836000E+02   0.0000000000E+00   0.8031848000E+02   0.1980611558E+03   0.0000000000E+00   0.0000000000E+00   0.1956190856E+00
     42.   3.   0.1316836000E+02   0.0000000000E+00   0.8031848000E+02   0.1981262230E+03   0.0000000000E+00   0.0000000000E+00   0.1957352980E+00
     42.   4.   0.1316836000E+02   0.0000000000E+00   0.8031848000E+02   0.1981354710E+03   0.0000000000E+00   0.0000000000E+00   0.1957521605E+00
     42.   5.   0.1316836000E+02   0.0000000000E+00   0.8031848000E+02   0.1981378648E+03   0.0000000000E+00   0.0000000000E+00   0.1957562909E+00
     42.   6.   0.1316836000E+02   0.0000000000E+00   0.8031848000E+02   0.1981387419E+03   0.0000000000E+00   0.0000000000E+00   0.1957575474E+00
     43.   1.   0.1301088235E+02   0.0000000000E+00   0.8022647059E+02   0.1891942951E+03   0.0000000000E+00   0.0000000000E+00   0.2049358941E+00
     43.   2.   0.1301088235E+02   0.0000000000E+00   0.8022647059E+02   0.2025307638E+03   0.0000000000E+00   0.0000000000E+00   0.2045292141E+00
     43.   3.   0.1301088235E+02   0.0000000000E+00   0.8022647059E+02   0.2025975241E+03   0.0000000000E+00   0.0000000000E+00   0.2046514619E+00
     43.   4.   0.1301088235E+02   0.0000000000E+00   0.8022647059E+02   0.2026069945E+03   0.0000000000E+00   0.0000000000E+00   0.2046691926E+00
     43.   5.   0.1301088235E+02   0.0000000000E+00   0.8022647059E+02   0.2026094224E+03   0.0000000000E+00   0.0000000000E+00   0.2046735069E+00
     43.   6.   0.1301088235E+02   0.0000000000E+00   0.8022647059E+02   0.2026102953E+03   0.0000000000E+00   0.0000000000E+00   0.2046747958E+00
     44.   1.   0.1284343594E+02   0.0000000000E+00   0.8014550749E+02   0.1932372994E+03   0.0000000000E+00   0.0000000000E+00   0.2150257782E+00
     44.   2.   0.1284343594E+02   0.0000000000E+00   0.8014550749E+02   0.2074641197E+03   0.0000000000E+00   0.0000000000E+00   0.2145958261E+00
     44.   3.   0.1284343594E+02   0.0000000000E+00   0.8014550749E+02   0.2075327357E+03   0.0000000000E+00   0.0000000000E+00   0.2147249513E+00
     44.   4.   0.1284343594E+02   0.0000000000E+00   0.8014550749E+02   0.2075424428E+03   0.0000000000E+00   0.0000000000E+00   0.2147436728E+00
     44.   5.   0.1284343594E+02   0.0000000000E+00   0.8014550749E+02   0.2075449022E+03   0.0000000000E+00   0.0000000000E+00   0.2147481991E+00
     44.   6.   0.1284343594E+02   0.0000000000E+00   0.8014550749E+02   0.2075457684E+03   0.0000000000E+00   0.0000000000E+00   0.2147495284E+00
     45.   1.   0.1266716216E+02   0.0000000000E+00   0.8007702703E+02   0.1979124323E+03   0.0000000000E+00   0.0000000000E+00   0.2265950718E+00
     45.   2.   0.1266716216E+02   0.0000000000E+00   0.8007702703E+02   0.2129789299E+03   0.0000000000E+00   0.0000000000E+00   0.2261384203E+00
     45.   3.   0.1266716216E+02   0.0000000000E+00   0.8007702703E+02   0.2130496506E+03   0.0000000000E+00   0.0000000000E+00   0.2262754688E+00
     45.   4.   0.1266716216E+02   0.0000000000E+00   0.8007702703E+02   0.2130596473E+03   0.0000000000E+00   0.0000000000E+00   0.2262953386E+00
     45.   5.   0.1266716216E+02   0.0000000000E+00   0.8007702703E+02   0.2130621500E+03   0.0000000000E+00   0.0000000000E+00   0.2263001015E+00
     45.   6.   0.1266716216E+02   0.0000000000E+00   0.8007702703E+02   0.2130630101E+03   0.0000000000E+00   0.0000000000E+00   0.2263014495E+00
     46.   1.   0.1248346154E+02   0.0000000000E+00   0.8002230769E+02   0.2033899214E+03   0.0000000000E+00   0.0000000000E+00   0.2401537353E+00
     46.   2.   0.1248346154E+02   0.0000000000E+00   0.8002230769E+02   0.2192622738E+03   0.0000000000E+00   0.0000000000E+00   0.2396656046E+00
     46.   3.   0.1248346154E+02   0.0000000000E+00   0.8002230769E+02   0.2193358166E+03   0.0000000000E+00   0.0000000000E+00   0.2398120407E+00
     46.   4.   0.1248346154E+02   0.0000000000E+00   0.8002230769E+02   0.2193462135E+03   0.0000000000E+00   0.0000000000E+00   0.2398332680E+00
     46.   5.   0.1248346154E+02   0.0000000000E+00   0.8002230769E+02   0.2193487114E+03   0.0000000000E+00   0.0000000000E+00   0.2398383800E+00
     46.   6.   0.1248346154E+02   0.0000000000E+00   0.8002230769E+02   0.2193495256E+03   0.0000000000E+00   0.0000000000E+00   0.2398398219E+00
     47.   1.   0.1229396552E+02   0.0000000000E+00   0.7998241379E+02   0.2099376779E+03   0.0000000000E+00   0.0000000000E+00   0.2565135208E+00
     47.   2.   0.1229396552E+02   0.0000000000E+00   0.7998241379E+02   0.2265996196E+03   0.0000000000E+00   0.0000000000E+00   0.2559884880E+00
     47.   3.   0.1229396552E+02   0.0000000000E+00   0.7998241379E+02   0.2266787564E+03   0.0000000000E+00   0.0000000000E+00   0.2561460674E+00
     47.   4.   0.1229396552E+02   0.0000000000E+00   0.7998241379E+02   0.2266914459E+03   0.0000000000E+00   0.0000000000E+00   0.2561688848E+00
     47.   5.   0.1229396552E+02   0.0000000000E+00   0.7998241379E+02   0.2266948598E+03   0.0000000000E+00   0.0000000000E+00   0.2561740978E+00
     47.   6.   0.1229396552E+02   0.0000000000E+00   0.7998241379E+02   0.2266957717E+03   0.0000000000E+00   0.0000000000E+00   0.2561740868E+00
     48.   1.   0.1210049393E+02   0.0000000000E+00   0.7995814558E+02   0.2172541490E+03   0.0000000000E+00   0.0000000000E+00   0.2761996908E+00
     48.   2.   0.1210049393E+02   0.0000000000E+00   0.7995814558E+02   0.2342090322E+03   0.0000000000E+00   0.0000000000E+00   0.2755906219E+00
     48.   3.   0.1210049393E+02   0.0000000000E+00   0.7995814558E+02   0.2338985773E+03   0.0000000000E+00   0.0000000000E+00   0.2756961165E+00
     48.   4.   0.1210049393E+02   0.0000000000E+00   0.7995814558E+02   0.2335182953E+03   0.0000000000E+00   0.0000000000E+00   0.2756902899E+00
     48.   5.   0.1210049393E+02   0.0000000000E+00   0.7995814558E+02   0.2331064881E+03   0.0000000000E+00   0.0000000000E+00   0.2757055367E+00
     48.   6.   0.1210049393E+02   0.0000000000E+00   0.7995814558E+02   0.2326576576E+03   0.0000000000E+00   0.0000000000E+00   0.2757289324E+00
     49.   1.   0.1190500000E+02   0.0000000000E+00   0.7995000000E+02   0.2154070550E+03   0.0000000000E+00   0.0000000000E+00   0.2826722813E+00
     49.   2.   0.1190500000E+02   0.0000000000E+00   0.7995000000E+02   0.2372931416E+03   0.0000000000E+00   0.0000000000E+00   0.2821522993E+00
     49.   3.   0.1190500000E+02   0.0000000000E+00   0.7995000000E+02   0.2366148888E+03   0.0000000000E+00   0.0000000000E+00   0.2824521312E+00
     49.   4.   0.1190500000E+02   0.0000000000E+00   0.7995000000E+02   0.2358491023E+03   0.0000000000E+00   0.0000000000E+00   0.2825425825E+00
     49.   5.   0.1190500000E+02   0.0000000000E+00   0.7995000000E+02   0.2350249148E+03   0.0000000000E+00   0.0000000000E+00   0.2825367299E+00
     49.   6.   0.1190500000E+02   0.0000000000E+00   0.7995000000E+02   0.2341256747E+03   0.0000000000E+00   0.0000000000E+00   0.2824976649E+00
