# digitalmodel weldolet_crack start-node SIFS audit
# units: K=MPa*sqrt(mm); A = CINT 1 (starts at node 1), B = CINT 3 (starts at node 2)
# sign_factors  -1.0   1.0
# columns: node contour K1A K2A K3A K1B K2B K3B
      1.   1.   0.3178368296E+02   0.8711514653E+01   0.6778196809E-01   0.3115986044E+02  -0.8932857683E+01  -0.6391872112E-09
      1.   2.   0.4022272816E+02   0.1151539967E+02   0.1821576866E-01   0.3986785588E+02  -0.1156446832E+02  -0.4728581171E-09
      1.   3.   0.4110804946E+02   0.1187550650E+02   0.4761883294E-02   0.4075658463E+02  -0.1179191073E+02  -0.3683811179E-10
      1.   4.   0.4111059212E+02   0.1192981526E+02  -0.3448732862E-01   0.4075005584E+02  -0.1198492728E+02  -0.7000874491E-10
      1.   5.   0.4111410010E+02   0.1200822939E+02  -0.7962031364E-01   0.4075067224E+02  -0.1199611532E+02  -0.3462093842E-09
      1.   6.   0.4111468516E+02   0.1201707972E+02  -0.1177329967E+00   0.4075195297E+02  -0.1201783290E+02  -0.3354926394E-09
      2.   1.   0.3086820580E+02   0.8964193408E+01   0.1699735195E+00   0.3149670766E+02  -0.8750048797E+01   0.1050442079E+00
      2.   2.   0.3948719678E+02   0.1158173936E+02   0.2180789545E+00   0.3984082447E+02  -0.1153793203E+02   0.2027613424E+00
      2.   3.   0.4036655334E+02   0.1180903682E+02   0.2289084985E+00   0.4071717842E+02  -0.1189691819E+02   0.2231157232E+00
      2.   4.   0.4036007903E+02   0.1200233365E+02   0.2207714918E+00   0.4071968454E+02  -0.1195239869E+02   0.2644263629E+00
      2.   5.   0.4036090473E+02   0.1201669511E+02   0.2212812712E+00   0.4072354161E+02  -0.1203216798E+02   0.3036614073E+00
      2.   6.   0.4036174532E+02   0.1203582591E+02   0.2055844711E+00   0.4072412083E+02  -0.1204236471E+02   0.3427976517E+00
      3.   1.   0.3000132139E+02   0.9055518967E+01   0.3333708269E+00   0.3000132139E+02  -0.9055518967E+01   0.3333708269E+00
      3.   2.   0.3835753953E+02   0.1163383827E+02   0.4299096554E+00   0.3835753953E+02  -0.1163383827E+02   0.4299096554E+00
      3.   3.   0.3920920606E+02   0.1186096141E+02   0.4514244058E+00   0.3920920606E+02  -0.1186096141E+02   0.4514244058E+00
      3.   4.   0.3920289521E+02   0.1205514934E+02   0.4353886542E+00   0.3920289521E+02  -0.1205514934E+02   0.4353886542E+00
      3.   5.   0.3920375220E+02   0.1206885412E+02   0.4368352991E+00   0.3920375220E+02  -0.1206885412E+02   0.4368352991E+00
      3.   6.   0.3920456676E+02   0.1208779803E+02   0.4196951812E+00   0.3920456676E+02  -0.1208779803E+02   0.4196951812E+00
