# digitalmodel weldolet_crack CINT table
# units: length=mm force=N stress=MPa K=MPa*sqrt(mm) J=N/mm
# mesh_level     0.
# front_nodes      64.
# contours   6.
# columns: node contour x y z K1 K2 K3 J
      1.   1.   0.1425500000E+02   0.0000000000E+00   0.8415000000E+02   0.3115986044E+02   0.8932857683E+01  -0.6391872112E-09   0.9572049530E-02
      1.   2.   0.1425500000E+02   0.0000000000E+00   0.8415000000E+02   0.3986785588E+02   0.1156446832E+02  -0.4728581171E-09   0.9553653257E-02
      1.   3.   0.1425500000E+02   0.0000000000E+00   0.8415000000E+02   0.4075658463E+02   0.1179191073E+02  -0.3683811179E-10   0.9559282249E-02
      1.   4.   0.1425500000E+02   0.0000000000E+00   0.8415000000E+02   0.4075005584E+02   0.1198492728E+02  -0.7000874491E-10   0.9560109948E-02
      1.   5.   0.1425500000E+02   0.0000000000E+00   0.8415000000E+02   0.4075067224E+02   0.1199611532E+02  -0.3462093842E-09   0.9560327219E-02
      1.   6.   0.1425500000E+02   0.0000000000E+00   0.8415000000E+02   0.4075195297E+02   0.1201783290E+02  -0.3354926394E-09   0.9560401639E-02
      2.   1.   0.1418635828E+02   0.1397234340E+01   0.8413839930E+02   0.3086820580E+02   0.8964193408E+01   0.1699735195E+00   0.9411859441E-02
      2.   2.   0.1418635828E+02   0.1397234340E+01   0.8413839930E+02   0.3948719678E+02   0.1158173936E+02   0.2180789545E+00   0.9393780093E-02
      2.   3.   0.1418635828E+02   0.1397234340E+01   0.8413839930E+02   0.4036655334E+02   0.1180903682E+02   0.2289084985E+00   0.9399310694E-02
      2.   4.   0.1418635828E+02   0.1397234340E+01   0.8413839930E+02   0.4036007903E+02   0.1200233365E+02   0.2207714918E+00   0.9400123141E-02
      2.   5.   0.1418635828E+02   0.1397234340E+01   0.8413839930E+02   0.4036090473E+02   0.1201669511E+02   0.2212812712E+00   0.9400335536E-02
      2.   6.   0.1418635828E+02   0.1397234340E+01   0.8413839930E+02   0.4036174532E+02   0.1203582591E+02   0.2055844711E+00   0.9400407442E-02
      3.   1.   0.1398109417E+02   0.2781012540E+01   0.8410403361E+02   0.3000132139E+02   0.9055518967E+01   0.3333708269E+00   0.8945537688E-02
      3.   2.   0.1398109417E+02   0.2781012540E+01   0.8410403361E+02   0.3835753953E+02   0.1163383827E+02   0.4299096554E+00   0.8928379735E-02
      3.   3.   0.1398109417E+02   0.2781012540E+01   0.8410403361E+02   0.3920920606E+02   0.1186096141E+02   0.4514244058E+00   0.8933624045E-02
      3.   4.   0.1398109417E+02   0.2781012540E+01   0.8410403361E+02   0.3920289521E+02   0.1205514934E+02   0.4353886542E+00   0.8934391910E-02
      3.   5.   0.1398109417E+02   0.2781012540E+01   0.8410403361E+02   0.3920375220E+02   0.1206885412E+02   0.4368352991E+00   0.8934589762E-02
      3.   6.   0.1398109417E+02   0.2781012540E+01   0.8410403361E+02   0.3920456676E+02   0.1208779803E+02   0.4196951812E+00   0.8934653791E-02
      4.   1.   0.1364118449E+02   0.4138008070E+01   0.8404819682E+02   0.2859780854E+02   0.9200174069E+01   0.4822359513E+00   0.8214318878E-02
      4.   2.   0.1364118449E+02   0.4138008070E+01   0.8404819682E+02   0.3651578151E+02   0.1172192661E+02   0.6233659416E+00   0.8198601721E-02
      4.   3.   0.1364118449E+02   0.4138008070E+01   0.8404819682E+02   0.3732719983E+02   0.1203876804E+02   0.6405308344E+00   0.8203397620E-02
      4.   4.   0.1364118449E+02   0.4138008070E+01   0.8404819682E+02   0.3731648578E+02   0.1214513390E+02   0.6163556231E+00   0.8204094941E-02
      4.   5.   0.1364118449E+02   0.4138008070E+01   0.8404819682E+02   0.3731736107E+02   0.1215791946E+02   0.6184936500E+00   0.8204268862E-02
      4.   6.   0.1364118449E+02   0.4138008070E+01   0.8404819682E+02   0.3731817385E+02   0.1217664859E+02   0.5998689753E+00   0.8204318757E-02
      5.   1.   0.1316990274E+02   0.5455152330E+01   0.8397299455E+02   0.2716609846E+02   0.9596501597E+01   0.6241644718E+00   0.7282009777E-02
      5.   2.   0.1316990274E+02   0.5455152330E+01   0.8397299455E+02   0.3402393937E+02   0.1185604305E+02   0.8092947844E+00   0.7268122732E-02
      5.   3.   0.1316990274E+02   0.5455152330E+01   0.8397299455E+02   0.3477444616E+02   0.1217005753E+02   0.8321508971E+00   0.7272347607E-02
      5.   4.   0.1316990274E+02   0.5455152330E+01   0.8397299455E+02   0.3476373049E+02   0.1227592934E+02   0.8051550258E+00   0.7272953719E-02
      5.   5.   0.1316990274E+02   0.5455152330E+01   0.8397299455E+02   0.3476460924E+02   0.1228761898E+02   0.8076449761E+00   0.7273094893E-02
      5.   6.   0.1316990274E+02   0.5455152330E+01   0.8397299455E+02   0.3476544588E+02   0.1230618613E+02   0.7874791827E+00   0.7273123271E-02
      6.   1.   0.1257178762E+02   0.6719760480E+01   0.8388126918E+02   0.2507375982E+02   0.9953473904E+01   0.7401689015E+00   0.6228042025E-02
      6.   2.   0.1257178762E+02   0.6719760480E+01   0.8388126918E+02   0.3096730426E+02   0.1200432327E+02   0.9701251416E+00   0.6216214776E-02
      6.   3.   0.1257178762E+02   0.6719760480E+01   0.8388126918E+02   0.3164548267E+02   0.1244609556E+02   0.9741061849E+00   0.6219795018E-02
      6.   4.   0.1257178762E+02   0.6719760480E+01   0.8388126918E+02   0.3163150872E+02   0.1245227865E+02   0.9829169653E+00   0.6220296004E-02
      6.   5.   0.1257178762E+02   0.6719760480E+01   0.8388126918E+02   0.3163275944E+02   0.1247413445E+02   0.9699163663E+00   0.6220396653E-02
      6.   6.   0.1257178762E+02   0.6719760480E+01   0.8388126918E+02   0.3163295846E+02   0.1248313391E+02   0.9654893953E+00   0.6220395218E-02
      7.   1.   0.1185259932E+02   0.7919653670E+01   0.8377649781E+02   0.2227755162E+02   0.1022989227E+02   0.8206149531E+00   0.5138651765E-02
      7.   2.   0.1185259932E+02   0.7919653670E+01   0.8377649781E+02   0.2744710813E+02   0.1223513244E+02   0.1090598172E+01   0.5128942103E-02
      7.   3.   0.1185259932E+02   0.7919653670E+01   0.8377649781E+02   0.2804262744E+02   0.1267238770E+02   0.1094111983E+01   0.5131856955E-02
      7.   4.   0.1185259932E+02   0.7919653670E+01   0.8377649781E+02   0.2802911989E+02   0.1267982242E+02   0.1100630297E+01   0.5132246510E-02
      7.   5.   0.1185259932E+02   0.7919653670E+01   0.8377649781E+02   0.2802986480E+02   0.1269504997E+02   0.1081198015E+01   0.5132300538E-02
      7.   6.   0.1185259932E+02   0.7919653670E+01   0.8377649781E+02   0.2803008165E+02   0.1270311794E+02   0.1075621371E+01   0.5132260899E-02
      8.   1.   0.1101926401E+02   0.9043276270E+01   0.8366266583E+02   0.1941791793E+02   0.1055404502E+02   0.8769527639E+00   0.4097132268E-02
      8.   2.   0.1101926401E+02   0.9043276270E+01   0.8366266583E+02   0.2357056094E+02   0.1244591790E+02   0.1200013024E+01   0.4089433366E-02
      8.   3.   0.1101926401E+02   0.9043276270E+01   0.8366266583E+02   0.2409673144E+02   0.1295349592E+02   0.1199142895E+01   0.4091713047E-02
      8.   4.   0.1101926401E+02   0.9043276270E+01   0.8366266583E+02   0.2408344560E+02   0.1295601916E+02   0.1205308108E+01   0.4091992736E-02
      8.   5.   0.1101926401E+02   0.9043276270E+01   0.8366266583E+02   0.2408421580E+02   0.1297086689E+02   0.1185416471E+01   0.4091996503E-02
      8.   6.   0.1101926401E+02   0.9043276270E+01   0.8366266583E+02   0.2408446068E+02   0.1297817629E+02   0.1178535741E+01   0.4091911537E-02
      9.   1.   0.1007980717E+02   0.1007980717E+02   0.8354412001E+02   0.1663817355E+02   0.1078358524E+02   0.8967892584E+00   0.3174348708E-02
      9.   2.   0.1007980717E+02   0.1007980717E+02   0.8354412001E+02   0.1988611604E+02   0.1288633838E+02   0.1235266869E+01   0.3168415239E-02
      9.   3.   0.1007980717E+02   0.1007980717E+02   0.8354412001E+02   0.2031645125E+02   0.1328825318E+02   0.1239998599E+01   0.3170133703E-02
      9.   4.   0.1007980717E+02   0.1007980717E+02   0.8354412001E+02   0.2030369580E+02   0.1328506263E+02   0.1235396653E+01   0.3170312472E-02
      9.   5.   0.1007980717E+02   0.1007980717E+02   0.8354412001E+02   0.2030416243E+02   0.1330178921E+02   0.1219213664E+01   0.3170265554E-02
      9.   6.   0.1007980717E+02   0.1007980717E+02   0.8354412001E+02   0.2030422793E+02   0.1330017506E+02   0.1217665130E+01   0.3170131032E-02
     10.   1.   0.9043276270E+01   0.1101926401E+02   0.8342540573E+02   0.1374360901E+02   0.1074719610E+02   0.8837760799E+00   0.2420817297E-02
     10.   2.   0.9043276270E+01   0.1101926401E+02   0.8342540573E+02   0.1616434228E+02   0.1325490592E+02   0.1237257754E+01   0.2416305316E-02
     10.   3.   0.9043276270E+01   0.1101926401E+02   0.8342540573E+02   0.1649339667E+02   0.1366382741E+02   0.1245615549E+01   0.2417568339E-02
     10.   4.   0.9043276270E+01   0.1101926401E+02   0.8342540573E+02   0.1648211344E+02   0.1366502930E+02   0.1236061863E+01   0.2417661287E-02
     10.   5.   0.9043276270E+01   0.1101926401E+02   0.8342540573E+02   0.1648241747E+02   0.1367382157E+02   0.1230569408E+01   0.2417566938E-02
     10.   6.   0.9043276270E+01   0.1101926401E+02   0.8342540573E+02   0.1648246444E+02   0.1367131760E+02   0.1227864303E+01   0.2417382948E-02
     11.   1.   0.7919653670E+01   0.1185259932E+02   0.8331109403E+02   0.9854384185E+01   0.1067898528E+02   0.1033235345E+01   0.1861568159E-02
     11.   2.   0.7919653670E+01   0.1185259932E+02   0.8331109403E+02   0.1220990183E+02   0.1376505859E+02   0.1170271021E+01   0.1858085290E-02
     11.   3.   0.7919653670E+01   0.1185259932E+02   0.8331109403E+02   0.1242754827E+02   0.1408324760E+02   0.1205903806E+01   0.1859015128E-02
     11.   4.   0.7919653670E+01   0.1185259932E+02   0.8331109403E+02   0.1241818659E+02   0.1408201561E+02   0.1196436379E+01   0.1859041489E-02
     11.   5.   0.7919653670E+01   0.1185259932E+02   0.8331109403E+02   0.1241824602E+02   0.1408061605E+02   0.1194925550E+01   0.1858906499E-02
     11.   6.   0.7919653670E+01   0.1185259932E+02   0.8331109403E+02   0.1241827141E+02   0.1407755999E+02   0.1191278818E+01   0.1858678032E-02
     12.   1.   0.6719760480E+01   0.1257178762E+02   0.8320560471E+02   0.6921747876E+01   0.1134464900E+02   0.9326480072E+00   0.1494727807E-02
     12.   2.   0.6719760480E+01   0.1257178762E+02   0.8320560471E+02   0.8494359724E+01   0.1413095534E+02   0.1087607091E+01   0.1491886927E-02
     12.   3.   0.6719760480E+01   0.1257178762E+02   0.8320560471E+02   0.8644178881E+01   0.1451572463E+02   0.1111394844E+01   0.1492605593E-02
     12.   4.   0.6719760480E+01   0.1257178762E+02   0.8320560471E+02   0.8637419962E+01   0.1450093183E+02   0.1108469716E+01   0.1492586121E-02
     12.   5.   0.6719760480E+01   0.1257178762E+02   0.8320560471E+02   0.8637431309E+01   0.1449918359E+02   0.1106265139E+01   0.1492419870E-02
     12.   6.   0.6719760480E+01   0.1257178762E+02   0.8320560471E+02   0.8637434077E+01   0.1449589213E+02   0.1102052555E+01   0.1492156119E-02
     13.   1.   0.5455152330E+01   0.1316990274E+02   0.8311303244E+02   0.4341816928E+01   0.1185744912E+02   0.7940367424E+00   0.1294281035E-02
     13.   2.   0.5455152330E+01   0.1316990274E+02   0.8311303244E+02   0.5196841779E+01   0.1457144641E+02   0.9379562230E+00   0.1291749831E-02
     13.   3.   0.5455152330E+01   0.1316990274E+02   0.8311303244E+02   0.5298522743E+01   0.1493433277E+02   0.9511023391E+00   0.1292363165E-02
     13.   4.   0.5455152330E+01   0.1316990274E+02   0.8311303244E+02   0.5294535663E+01   0.1490600003E+02   0.9505399807E+00   0.1292317144E-02
     13.   5.   0.5455152330E+01   0.1316990274E+02   0.8311303244E+02   0.5294501564E+01   0.1490414163E+02   0.9480247122E+00   0.1292129947E-02
     13.   6.   0.5455152330E+01   0.1316990274E+02   0.8311303244E+02   0.5294482771E+01   0.1490086749E+02   0.9437352321E+00   0.1291842318E-02
     14.   1.   0.4138008070E+01   0.1364118449E+02   0.8303698324E+02   0.2096570842E+01   0.1237644485E+02   0.6313717883E+00   0.1216823399E-02
     14.   2.   0.4138008070E+01   0.1364118449E+02   0.8303698324E+02   0.2489405607E+01   0.1495114657E+02   0.7509035239E+00   0.1214361782E-02
     14.   3.   0.4138008070E+01   0.1364118449E+02   0.8303698324E+02   0.2531601746E+01   0.1529826570E+02   0.7617077273E+00   0.1214947202E-02
     14.   4.   0.4138008070E+01   0.1364118449E+02   0.8303698324E+02   0.2530444838E+01   0.1526766259E+02   0.7606950884E+00   0.1214889813E-02
     14.   5.   0.4138008070E+01   0.1364118449E+02   0.8303698324E+02   0.2530371362E+01   0.1526585520E+02   0.7583000990E+00   0.1214690976E-02
     14.   6.   0.4138008070E+01   0.1364118449E+02   0.8303698324E+02   0.2530333919E+01   0.1526275646E+02   0.7544665306E+00   0.1214390407E-02
     15.   1.   0.2781012540E+01   0.1398109417E+02   0.8298042845E+02   0.4817486003E+00   0.1265072180E+02   0.4337633317E+00   0.1211366736E-02
     15.   2.   0.2781012540E+01   0.1398109417E+02   0.8298042845E+02   0.4798949132E+00   0.1523898423E+02   0.5201612893E+00   0.1208844847E-02
     15.   3.   0.2781012540E+01   0.1398109417E+02   0.8298042845E+02   0.4629856552E+00   0.1558554070E+02   0.5285650431E+00   0.1209445181E-02
     15.   4.   0.2781012540E+01   0.1398109417E+02   0.8298042845E+02   0.4640814488E+00   0.1555358578E+02   0.5275689506E+00   0.1209385890E-02
     15.   5.   0.2781012540E+01   0.1398109417E+02   0.8298042845E+02   0.4639776147E+00   0.1555190142E+02   0.5257025887E+00   0.1209182179E-02
     15.   6.   0.2781012540E+01   0.1398109417E+02   0.8298042845E+02   0.4639258860E+00   0.1554902969E+02   0.5228217018E+00   0.1208876776E-02
     16.   1.   0.1397234340E+01   0.1418635828E+02   0.8294558300E+02  -0.5153382306E+00   0.1281801036E+02   0.2210741454E+00   0.1230527750E-02
     16.   2.   0.1397234340E+01   0.1418635828E+02   0.8294558300E+02  -0.7617156431E+00   0.1542049430E+02   0.2669197075E+00   0.1227919750E-02
     16.   3.   0.1397234340E+01   0.1418635828E+02   0.8294558300E+02  -0.8162753345E+00   0.1577031597E+02   0.2715117795E+00   0.1228544884E-02
     16.   4.   0.1397234340E+01   0.1418635828E+02   0.8294558300E+02  -0.8137419585E+00   0.1573767412E+02   0.2709092161E+00   0.1228487363E-02
     16.   5.   0.1397234340E+01   0.1418635828E+02   0.8294558300E+02  -0.8138649257E+00   0.1573610251E+02   0.2698892426E+00   0.1228282426E-02
     16.   6.   0.1397234340E+01   0.1418635828E+02   0.8294558300E+02  -0.8139255932E+00   0.1573341248E+02   0.2683444827E+00   0.1227976375E-02
     17.   1.   0.0000000000E+00   0.1425500000E+02   0.8293381382E+02  -0.8509248563E+00   0.1287162383E+02   0.2211129514E-07   0.1240920523E-02
     17.   2.   0.0000000000E+00   0.1425500000E+02   0.8293381382E+02  -0.1181704841E+01   0.1548247525E+02   0.3333844025E-07   0.1238274818E-02
     17.   3.   0.0000000000E+00   0.1425500000E+02   0.8293381382E+02  -0.1249185260E+01   0.1583406668E+02   0.3413974124E-07   0.1238911066E-02
     17.   4.   0.0000000000E+00   0.1425500000E+02   0.8293381382E+02  -0.1246158634E+01   0.1580121796E+02   0.3442629000E-07   0.1238854672E-02
     17.   5.   0.0000000000E+00   0.1425500000E+02   0.8293381382E+02  -0.1246288130E+01   0.1579969090E+02   0.3492683061E-07   0.1238649647E-02
     17.   6.   0.0000000000E+00   0.1425500000E+02   0.8293381382E+02  -0.1246351834E+01   0.1579706949E+02   0.3484736557E-07   0.1238343807E-02
     18.   1.  -0.1397234340E+01   0.1418635828E+02   0.8294558300E+02  -0.5153382241E+00   0.1281801036E+02  -0.2210740903E+00   0.1230527750E-02
     18.   2.  -0.1397234340E+01   0.1418635828E+02   0.8294558300E+02  -0.7617156354E+00   0.1542049430E+02  -0.2669196408E+00   0.1227919750E-02
     18.   3.  -0.1397234340E+01   0.1418635828E+02   0.8294558300E+02  -0.8162753266E+00   0.1577031597E+02  -0.2715117115E+00   0.1228544884E-02
     18.   4.  -0.1397234340E+01   0.1418635828E+02   0.8294558300E+02  -0.8137419506E+00   0.1573767412E+02  -0.2709091481E+00   0.1228487363E-02
     18.   5.  -0.1397234340E+01   0.1418635828E+02   0.8294558300E+02  -0.8138649178E+00   0.1573610251E+02  -0.2698891746E+00   0.1228282425E-02
     18.   6.  -0.1397234340E+01   0.1418635828E+02   0.8294558300E+02  -0.8139255853E+00   0.1573341248E+02  -0.2683444147E+00   0.1227976374E-02
     19.   1.  -0.2781012540E+01   0.1398109417E+02   0.8298042845E+02   0.4817486130E+00   0.1265072179E+02  -0.4337632773E+00   0.1211366735E-02
     19.   2.  -0.2781012540E+01   0.1398109417E+02   0.8298042845E+02   0.4798949290E+00   0.1523898423E+02  -0.5201612234E+00   0.1208844846E-02
     19.   3.  -0.2781012540E+01   0.1398109417E+02   0.8298042845E+02   0.4629856713E+00   0.1558554070E+02  -0.5285649757E+00   0.1209445180E-02
     19.   4.  -0.2781012540E+01   0.1398109417E+02   0.8298042845E+02   0.4640814647E+00   0.1555358578E+02  -0.5275688833E+00   0.1209385889E-02
     19.   5.  -0.2781012540E+01   0.1398109417E+02   0.8298042845E+02   0.4639776307E+00   0.1555190142E+02  -0.5257025214E+00   0.1209182178E-02
     19.   6.  -0.2781012540E+01   0.1398109417E+02   0.8298042845E+02   0.4639259019E+00   0.1554902969E+02  -0.5228216344E+00   0.1208876775E-02
     20.   1.  -0.4138008070E+01   0.1364118449E+02   0.8303698324E+02   0.2096570861E+01   0.1237644485E+02  -0.6313717352E+00   0.1216823399E-02
     20.   2.  -0.4138008070E+01   0.1364118449E+02   0.8303698324E+02   0.2489405630E+01   0.1495114657E+02  -0.7509034594E+00   0.1214361782E-02
     20.   3.  -0.4138008070E+01   0.1364118449E+02   0.8303698324E+02   0.2531601770E+01   0.1529826570E+02  -0.7617076613E+00   0.1214947201E-02
     20.   4.  -0.4138008070E+01   0.1364118449E+02   0.8303698324E+02   0.2530444861E+01   0.1526766259E+02  -0.7606950225E+00   0.1214889812E-02
     20.   5.  -0.4138008070E+01   0.1364118449E+02   0.8303698324E+02   0.2530371385E+01   0.1526585520E+02  -0.7583000331E+00   0.1214690976E-02
     20.   6.  -0.4138008070E+01   0.1364118449E+02   0.8303698324E+02   0.2530333943E+01   0.1526275646E+02  -0.7544664647E+00   0.1214390406E-02
     21.   1.  -0.5455152330E+01   0.1316990274E+02   0.8311303244E+02   0.4341816953E+01   0.1185744912E+02  -0.7940366912E+00   0.1294281035E-02
     21.   2.  -0.5455152330E+01   0.1316990274E+02   0.8311303244E+02   0.5196841810E+01   0.1457144641E+02  -0.9379561605E+00   0.1291749832E-02
     21.   3.  -0.5455152330E+01   0.1316990274E+02   0.8311303244E+02   0.5298522774E+01   0.1493433277E+02  -0.9511022751E+00   0.1292363166E-02
     21.   4.  -0.5455152330E+01   0.1316990274E+02   0.8311303244E+02   0.5294535694E+01   0.1490600003E+02  -0.9505399167E+00   0.1292317145E-02
     21.   5.  -0.5455152330E+01   0.1316990274E+02   0.8311303244E+02   0.5294501595E+01   0.1490414163E+02  -0.9480246482E+00   0.1292129948E-02
     21.   6.  -0.5455152330E+01   0.1316990274E+02   0.8311303244E+02   0.5294482802E+01   0.1490086749E+02  -0.9437351682E+00   0.1291842318E-02
     22.   1.  -0.6719760480E+01   0.1257178762E+02   0.8320560471E+02   0.6921747906E+01   0.1134464900E+02  -0.9326479587E+00   0.1494727810E-02
     22.   2.  -0.6719760480E+01   0.1257178762E+02   0.8320560471E+02   0.8494359761E+01   0.1413095534E+02  -0.1087607031E+01   0.1491886929E-02
     22.   3.  -0.6719760480E+01   0.1257178762E+02   0.8320560471E+02   0.8644178919E+01   0.1451572462E+02  -0.1111394783E+01   0.1492605595E-02
     22.   4.  -0.6719760480E+01   0.1257178762E+02   0.8320560471E+02   0.8637420000E+01   0.1450093183E+02  -0.1108469654E+01   0.1492586123E-02
     22.   5.  -0.6719760480E+01   0.1257178762E+02   0.8320560471E+02   0.8637431346E+01   0.1449918359E+02  -0.1106265077E+01   0.1492419873E-02
     22.   6.  -0.6719760480E+01   0.1257178762E+02   0.8320560471E+02   0.8637434115E+01   0.1449589213E+02  -0.1102052494E+01   0.1492156121E-02
     23.   1.  -0.7919653670E+01   0.1185259932E+02   0.8331109403E+02   0.9854384220E+01   0.1067898528E+02  -0.1033235299E+01   0.1861568164E-02
     23.   2.  -0.7919653670E+01   0.1185259932E+02   0.8331109403E+02   0.1220990187E+02   0.1376505858E+02  -0.1170270964E+01   0.1858085295E-02
     23.   3.  -0.7919653670E+01   0.1185259932E+02   0.8331109403E+02   0.1242754832E+02   0.1408324760E+02  -0.1205903748E+01   0.1859015133E-02
     23.   4.  -0.7919653670E+01   0.1185259932E+02   0.8331109403E+02   0.1241818663E+02   0.1408201561E+02  -0.1196436321E+01   0.1859041494E-02
     23.   5.  -0.7919653670E+01   0.1185259932E+02   0.8331109403E+02   0.1241824607E+02   0.1408061605E+02  -0.1194925491E+01   0.1858906504E-02
     23.   6.  -0.7919653670E+01   0.1185259932E+02   0.8331109403E+02   0.1241827145E+02   0.1407755999E+02  -0.1191278760E+01   0.1858678038E-02
     24.   1.  -0.9043276270E+01   0.1101926401E+02   0.8342540573E+02   0.1374360905E+02   0.1074719610E+02  -0.8837760382E+00   0.2420817304E-02
     24.   2.  -0.9043276270E+01   0.1101926401E+02   0.8342540573E+02   0.1616434233E+02   0.1325490592E+02  -0.1237257701E+01   0.2416305324E-02
     24.   3.  -0.9043276270E+01   0.1101926401E+02   0.8342540573E+02   0.1649339672E+02   0.1366382741E+02  -0.1245615494E+01   0.2417568347E-02
     24.   4.  -0.9043276270E+01   0.1101926401E+02   0.8342540573E+02   0.1648211349E+02   0.1366502930E+02  -0.1236061808E+01   0.2417661295E-02
     24.   5.  -0.9043276270E+01   0.1101926401E+02   0.8342540573E+02   0.1648241752E+02   0.1367382157E+02  -0.1230569353E+01   0.2417566946E-02
     24.   6.  -0.9043276270E+01   0.1101926401E+02   0.8342540573E+02   0.1648246449E+02   0.1367131760E+02  -0.1227864248E+01   0.2417382955E-02
     25.   1.  -0.1007980717E+02   0.1007980717E+02   0.8354412001E+02   0.1663817360E+02   0.1078358524E+02  -0.8967892194E+00   0.3174348719E-02
     25.   2.  -0.1007980717E+02   0.1007980717E+02   0.8354412001E+02   0.1988611609E+02   0.1288633838E+02  -0.1235266820E+01   0.3168415250E-02
     25.   3.  -0.1007980717E+02   0.1007980717E+02   0.8354412001E+02   0.2031645130E+02   0.1328825318E+02  -0.1239998549E+01   0.3170133714E-02
     25.   4.  -0.1007980717E+02   0.1007980717E+02   0.8354412001E+02   0.2030369586E+02   0.1328506263E+02  -0.1235396603E+01   0.3170312483E-02
     25.   5.  -0.1007980717E+02   0.1007980717E+02   0.8354412001E+02   0.2030416249E+02   0.1330178921E+02  -0.1219213614E+01   0.3170265565E-02
     25.   6.  -0.1007980717E+02   0.1007980717E+02   0.8354412001E+02   0.2030422799E+02   0.1330017506E+02  -0.1217665079E+01   0.3170131043E-02
     26.   1.  -0.1101926401E+02   0.9043276270E+01   0.8366266583E+02   0.1941791798E+02   0.1055404503E+02  -0.8769527289E+00   0.4097132283E-02
     26.   2.  -0.1101926401E+02   0.9043276270E+01   0.8366266583E+02   0.2357056100E+02   0.1244591790E+02  -0.1200012979E+01   0.4089433381E-02
     26.   3.  -0.1101926401E+02   0.9043276270E+01   0.8366266583E+02   0.2409673150E+02   0.1295349592E+02  -0.1199142850E+01   0.4091713062E-02
     26.   4.  -0.1101926401E+02   0.9043276270E+01   0.8366266583E+02   0.2408344566E+02   0.1295601916E+02  -0.1205308062E+01   0.4091992750E-02
     26.   5.  -0.1101926401E+02   0.9043276270E+01   0.8366266583E+02   0.2408421586E+02   0.1297086689E+02  -0.1185416426E+01   0.4091996518E-02
     26.   6.  -0.1101926401E+02   0.9043276270E+01   0.8366266583E+02   0.2408446074E+02   0.1297817629E+02  -0.1178535696E+01   0.4091911552E-02
     27.   1.  -0.1185259932E+02   0.7919653670E+01   0.8377649781E+02   0.2227755167E+02   0.1022989227E+02  -0.8206149224E+00   0.5138651783E-02
     27.   2.  -0.1185259932E+02   0.7919653670E+01   0.8377649781E+02   0.2744710819E+02   0.1223513244E+02  -0.1090598133E+01   0.5128942121E-02
     27.   3.  -0.1185259932E+02   0.7919653670E+01   0.8377649781E+02   0.2804262750E+02   0.1267238770E+02  -0.1094111943E+01   0.5131856973E-02
     27.   4.  -0.1185259932E+02   0.7919653670E+01   0.8377649781E+02   0.2802911995E+02   0.1267982242E+02  -0.1100630256E+01   0.5132246528E-02
     27.   5.  -0.1185259932E+02   0.7919653670E+01   0.8377649781E+02   0.2802986486E+02   0.1269504997E+02  -0.1081197974E+01   0.5132300556E-02
     27.   6.  -0.1185259932E+02   0.7919653670E+01   0.8377649781E+02   0.2803008172E+02   0.1270311794E+02  -0.1075621330E+01   0.5132260918E-02
     28.   1.  -0.1257178762E+02   0.6719760480E+01   0.8388126918E+02   0.2507375987E+02   0.9953473907E+01  -0.7401688752E+00   0.6228042047E-02
     28.   2.  -0.1257178762E+02   0.6719760480E+01   0.8388126918E+02   0.3096730433E+02   0.1200432327E+02  -0.9701251083E+00   0.6216214797E-02
     28.   3.  -0.1257178762E+02   0.6719760480E+01   0.8388126918E+02   0.3164548274E+02   0.1244609556E+02  -0.9741061504E+00   0.6219795040E-02
     28.   4.  -0.1257178762E+02   0.6719760480E+01   0.8388126918E+02   0.3163150878E+02   0.1245227865E+02  -0.9829169309E+00   0.6220296026E-02
     28.   5.  -0.1257178762E+02   0.6719760480E+01   0.8388126918E+02   0.3163275951E+02   0.1247413445E+02  -0.9699163318E+00   0.6220396675E-02
     28.   6.  -0.1257178762E+02   0.6719760480E+01   0.8388126918E+02   0.3163295852E+02   0.1248313392E+02  -0.9654893608E+00   0.6220395240E-02
     29.   1.  -0.1316990274E+02   0.5455152330E+01   0.8397299455E+02   0.2716609852E+02   0.9596501600E+01  -0.6241644504E+00   0.7282009802E-02
     29.   2.  -0.1316990274E+02   0.5455152330E+01   0.8397299455E+02   0.3402393944E+02   0.1185604305E+02  -0.8092947571E+00   0.7268122757E-02
     29.   3.  -0.1316990274E+02   0.5455152330E+01   0.8397299455E+02   0.3477444623E+02   0.1217005753E+02  -0.8321508690E+00   0.7272347632E-02
     29.   4.  -0.1316990274E+02   0.5455152330E+01   0.8397299455E+02   0.3476373056E+02   0.1227592935E+02  -0.8051549976E+00   0.7272953744E-02
     29.   5.  -0.1316990274E+02   0.5455152330E+01   0.8397299455E+02   0.3476460931E+02   0.1228761898E+02  -0.8076449478E+00   0.7273094918E-02
     29.   6.  -0.1316990274E+02   0.5455152330E+01   0.8397299455E+02   0.3476544595E+02   0.1230618614E+02  -0.7874791544E+00   0.7273123296E-02
     30.   1.  -0.1364118449E+02   0.4138008070E+01   0.8404819682E+02   0.2859780859E+02   0.9200174072E+01  -0.4822359350E+00   0.8214318905E-02
     30.   2.  -0.1364118449E+02   0.4138008070E+01   0.8404819682E+02   0.3651578158E+02   0.1172192662E+02  -0.6233659206E+00   0.8198601748E-02
     30.   3.  -0.1364118449E+02   0.4138008070E+01   0.8404819682E+02   0.3732719990E+02   0.1203876804E+02  -0.6405308128E+00   0.8203397647E-02
     30.   4.  -0.1364118449E+02   0.4138008070E+01   0.8404819682E+02   0.3731648585E+02   0.1214513391E+02  -0.6163556014E+00   0.8204094969E-02
     30.   5.  -0.1364118449E+02   0.4138008070E+01   0.8404819682E+02   0.3731736115E+02   0.1215791947E+02  -0.6184936283E+00   0.8204268890E-02
     30.   6.  -0.1364118449E+02   0.4138008070E+01   0.8404819682E+02   0.3731817392E+02   0.1217664859E+02  -0.5998689536E+00   0.8204318784E-02
     31.   1.  -0.1398109417E+02   0.2781012540E+01   0.8410403361E+02   0.3000132145E+02   0.9055518970E+01  -0.3333708159E+00   0.8945537717E-02
     31.   2.  -0.1398109417E+02   0.2781012540E+01   0.8410403361E+02   0.3835753960E+02   0.1163383828E+02  -0.4299096411E+00   0.8928379764E-02
     31.   3.  -0.1398109417E+02   0.2781012540E+01   0.8410403361E+02   0.3920920614E+02   0.1186096141E+02  -0.4514243912E+00   0.8933624075E-02
     31.   4.  -0.1398109417E+02   0.2781012540E+01   0.8410403361E+02   0.3920289529E+02   0.1205514934E+02  -0.4353886394E+00   0.8934391939E-02
     31.   5.  -0.1398109417E+02   0.2781012540E+01   0.8410403361E+02   0.3920375227E+02   0.1206885412E+02  -0.4368352843E+00   0.8934589791E-02
     31.   6.  -0.1398109417E+02   0.2781012540E+01   0.8410403361E+02   0.3920456683E+02   0.1208779803E+02  -0.4196951664E+00   0.8934653820E-02
     32.   1.  -0.1418635828E+02   0.1397234340E+01   0.8413839930E+02   0.3086820586E+02   0.8964193411E+01  -0.1699735136E+00   0.9411859471E-02
     32.   2.  -0.1418635828E+02   0.1397234340E+01   0.8413839930E+02   0.3948719685E+02   0.1158173937E+02  -0.2180789470E+00   0.9393780123E-02
     32.   3.  -0.1418635828E+02   0.1397234340E+01   0.8413839930E+02   0.4036655341E+02   0.1180903682E+02  -0.2289084908E+00   0.9399310724E-02
     32.   4.  -0.1418635828E+02   0.1397234340E+01   0.8413839930E+02   0.4036007910E+02   0.1200233366E+02  -0.2207714840E+00   0.9400123171E-02
     32.   5.  -0.1418635828E+02   0.1397234340E+01   0.8413839930E+02   0.4036090480E+02   0.1201669511E+02  -0.2212812635E+00   0.9400335566E-02
     32.   6.  -0.1418635828E+02   0.1397234340E+01   0.8413839930E+02   0.4036174539E+02   0.1203582591E+02  -0.2055844633E+00   0.9400407472E-02
     33.   1.  -0.1425500000E+02   0.0000000000E+00   0.8415000000E+02   0.3115986049E+02   0.8932857686E+01   0.2162052540E-08   0.9572049561E-02
     33.   2.  -0.1425500000E+02   0.0000000000E+00   0.8415000000E+02   0.3986785595E+02   0.1156446832E+02   0.7716305121E-09   0.9553653288E-02
     33.   3.  -0.1425500000E+02   0.0000000000E+00   0.8415000000E+02   0.4075658470E+02   0.1179191074E+02   0.6473042546E-09   0.9559282279E-02
     33.   4.  -0.1425500000E+02   0.0000000000E+00   0.8415000000E+02   0.4075005591E+02   0.1198492728E+02   0.7237444174E-09   0.9560109978E-02
     33.   5.  -0.1425500000E+02   0.0000000000E+00   0.8415000000E+02   0.4075067231E+02   0.1199611533E+02   0.6546959105E-09   0.9560327249E-02
     33.   6.  -0.1425500000E+02   0.0000000000E+00   0.8415000000E+02   0.4075195304E+02   0.1201783290E+02   0.5510103609E-09   0.9560401669E-02
     34.   1.  -0.1418635828E+02  -0.1397234340E+01   0.8413839930E+02   0.3086820586E+02   0.8964193411E+01   0.1699735149E+00   0.9411859471E-02
     34.   2.  -0.1418635828E+02  -0.1397234340E+01   0.8413839930E+02   0.3948719685E+02   0.1158173937E+02   0.2180789485E+00   0.9393780123E-02
     34.   3.  -0.1418635828E+02  -0.1397234340E+01   0.8413839930E+02   0.4036655341E+02   0.1180903682E+02   0.2289084925E+00   0.9399310724E-02
     34.   4.  -0.1418635828E+02  -0.1397234340E+01   0.8413839930E+02   0.4036007910E+02   0.1200233366E+02   0.2207714857E+00   0.9400123171E-02
     34.   5.  -0.1418635828E+02  -0.1397234340E+01   0.8413839930E+02   0.4036090480E+02   0.1201669511E+02   0.2212812651E+00   0.9400335566E-02
     34.   6.  -0.1418635828E+02  -0.1397234340E+01   0.8413839930E+02   0.4036174539E+02   0.1203582591E+02   0.2055844650E+00   0.9400407472E-02
     35.   1.  -0.1398109417E+02  -0.2781012540E+01   0.8410403361E+02   0.3000132145E+02   0.9055518970E+01   0.3333708171E+00   0.8945537717E-02
     35.   2.  -0.1398109417E+02  -0.2781012540E+01   0.8410403361E+02   0.3835753959E+02   0.1163383828E+02   0.4299096426E+00   0.8928379764E-02
     35.   3.  -0.1398109417E+02  -0.2781012540E+01   0.8410403361E+02   0.3920920613E+02   0.1186096141E+02   0.4514243928E+00   0.8933624074E-02
     35.   4.  -0.1398109417E+02  -0.2781012540E+01   0.8410403361E+02   0.3920289528E+02   0.1205514934E+02   0.4353886410E+00   0.8934391938E-02
     35.   5.  -0.1398109417E+02  -0.2781012540E+01   0.8410403361E+02   0.3920375227E+02   0.1206885412E+02   0.4368352859E+00   0.8934589791E-02
     35.   6.  -0.1398109417E+02  -0.2781012540E+01   0.8410403361E+02   0.3920456683E+02   0.1208779803E+02   0.4196951681E+00   0.8934653820E-02
     36.   1.  -0.1364118449E+02  -0.4138008070E+01   0.8404819682E+02   0.2859780859E+02   0.9200174072E+01   0.4822359362E+00   0.8214318904E-02
     36.   2.  -0.1364118449E+02  -0.4138008070E+01   0.8404819682E+02   0.3651578158E+02   0.1172192662E+02   0.6233659222E+00   0.8198601748E-02
     36.   3.  -0.1364118449E+02  -0.4138008070E+01   0.8404819682E+02   0.3732719990E+02   0.1203876804E+02   0.6405308144E+00   0.8203397647E-02
     36.   4.  -0.1364118449E+02  -0.4138008070E+01   0.8404819682E+02   0.3731648585E+02   0.1214513391E+02   0.6163556030E+00   0.8204094968E-02
     36.   5.  -0.1364118449E+02  -0.4138008070E+01   0.8404819682E+02   0.3731736114E+02   0.1215791947E+02   0.6184936299E+00   0.8204268889E-02
     36.   6.  -0.1364118449E+02  -0.4138008070E+01   0.8404819682E+02   0.3731817392E+02   0.1217664859E+02   0.5998689552E+00   0.8204318783E-02
     37.   1.  -0.1316990274E+02  -0.5455152330E+01   0.8397299455E+02   0.2716609852E+02   0.9596501600E+01   0.6241644515E+00   0.7282009801E-02
     37.   2.  -0.1316990274E+02  -0.5455152330E+01   0.8397299455E+02   0.3402393943E+02   0.1185604305E+02   0.8092947585E+00   0.7268122756E-02
     37.   3.  -0.1316990274E+02  -0.5455152330E+01   0.8397299455E+02   0.3477444623E+02   0.1217005753E+02   0.8321508705E+00   0.7272347631E-02
     37.   4.  -0.1316990274E+02  -0.5455152330E+01   0.8397299455E+02   0.3476373056E+02   0.1227592935E+02   0.8051549991E+00   0.7272953743E-02
     37.   5.  -0.1316990274E+02  -0.5455152330E+01   0.8397299455E+02   0.3476460931E+02   0.1228761898E+02   0.8076449493E+00   0.7273094917E-02
     37.   6.  -0.1316990274E+02  -0.5455152330E+01   0.8397299455E+02   0.3476544595E+02   0.1230618614E+02   0.7874791559E+00   0.7273123295E-02
     38.   1.  -0.1257178762E+02  -0.6719760480E+01   0.8388126918E+02   0.2507375987E+02   0.9953473906E+01   0.7401688763E+00   0.6228042046E-02
     38.   2.  -0.1257178762E+02  -0.6719760480E+01   0.8388126918E+02   0.3096730432E+02   0.1200432327E+02   0.9701251097E+00   0.6216214796E-02
     38.   3.  -0.1257178762E+02  -0.6719760480E+01   0.8388126918E+02   0.3164548273E+02   0.1244609556E+02   0.9741061519E+00   0.6219795039E-02
     38.   4.  -0.1257178762E+02  -0.6719760480E+01   0.8388126918E+02   0.3163150878E+02   0.1245227865E+02   0.9829169323E+00   0.6220296025E-02
     38.   5.  -0.1257178762E+02  -0.6719760480E+01   0.8388126918E+02   0.3163275951E+02   0.1247413445E+02   0.9699163333E+00   0.6220396674E-02
     38.   6.  -0.1257178762E+02  -0.6719760480E+01   0.8388126918E+02   0.3163295852E+02   0.1248313392E+02   0.9654893622E+00   0.6220395239E-02
     39.   1.  -0.1185259932E+02  -0.7919653670E+01   0.8377649781E+02   0.2227755166E+02   0.1022989227E+02   0.8206149237E+00   0.5138651782E-02
     39.   2.  -0.1185259932E+02  -0.7919653670E+01   0.8377649781E+02   0.2744710819E+02   0.1223513244E+02   0.1090598134E+01   0.5128942120E-02
     39.   3.  -0.1185259932E+02  -0.7919653670E+01   0.8377649781E+02   0.2804262750E+02   0.1267238770E+02   0.1094111944E+01   0.5131856972E-02
     39.   4.  -0.1185259932E+02  -0.7919653670E+01   0.8377649781E+02   0.2802911995E+02   0.1267982242E+02   0.1100630258E+01   0.5132246527E-02
     39.   5.  -0.1185259932E+02  -0.7919653670E+01   0.8377649781E+02   0.2802986486E+02   0.1269504997E+02   0.1081197976E+01   0.5132300556E-02
     39.   6.  -0.1185259932E+02  -0.7919653670E+01   0.8377649781E+02   0.2803008171E+02   0.1270311794E+02   0.1075621332E+01   0.5132260917E-02
     40.   1.  -0.1101926401E+02  -0.9043276270E+01   0.8366266583E+02   0.1941791798E+02   0.1055404503E+02   0.8769527299E+00   0.4097132283E-02
     40.   2.  -0.1101926401E+02  -0.9043276270E+01   0.8366266583E+02   0.2357056099E+02   0.1244591790E+02   0.1200012981E+01   0.4089433380E-02
     40.   3.  -0.1101926401E+02  -0.9043276270E+01   0.8366266583E+02   0.2409673150E+02   0.1295349592E+02   0.1199142851E+01   0.4091713061E-02
     40.   4.  -0.1101926401E+02  -0.9043276270E+01   0.8366266583E+02   0.2408344566E+02   0.1295601916E+02   0.1205308064E+01   0.4091992750E-02
     40.   5.  -0.1101926401E+02  -0.9043276270E+01   0.8366266583E+02   0.2408421586E+02   0.1297086689E+02   0.1185416427E+01   0.4091996517E-02
     40.   6.  -0.1101926401E+02  -0.9043276270E+01   0.8366266583E+02   0.2408446074E+02   0.1297817629E+02   0.1178535697E+01   0.4091911551E-02
     41.   1.  -0.1007980717E+02  -0.1007980717E+02   0.8354412001E+02   0.1663817359E+02   0.1078358524E+02   0.8967892204E+00   0.3174348718E-02
     41.   2.  -0.1007980717E+02  -0.1007980717E+02   0.8354412001E+02   0.1988611609E+02   0.1288633838E+02   0.1235266821E+01   0.3168415249E-02
     41.   3.  -0.1007980717E+02  -0.1007980717E+02   0.8354412001E+02   0.2031645130E+02   0.1328825318E+02   0.1239998550E+01   0.3170133713E-02
     41.   4.  -0.1007980717E+02  -0.1007980717E+02   0.8354412001E+02   0.2030369585E+02   0.1328506263E+02   0.1235396604E+01   0.3170312482E-02
     41.   5.  -0.1007980717E+02  -0.1007980717E+02   0.8354412001E+02   0.2030416248E+02   0.1330178921E+02   0.1219213615E+01   0.3170265564E-02
     41.   6.  -0.1007980717E+02  -0.1007980717E+02   0.8354412001E+02   0.2030422798E+02   0.1330017506E+02   0.1217665081E+01   0.3170131043E-02
     42.   1.  -0.9043276270E+01  -0.1101926401E+02   0.8342540573E+02   0.1374360905E+02   0.1074719610E+02   0.8837760391E+00   0.2420817304E-02
     42.   2.  -0.9043276270E+01  -0.1101926401E+02   0.8342540573E+02   0.1616434232E+02   0.1325490592E+02   0.1237257702E+01   0.2416305323E-02
     42.   3.  -0.9043276270E+01  -0.1101926401E+02   0.8342540573E+02   0.1649339672E+02   0.1366382741E+02   0.1245615495E+01   0.2417568346E-02
     42.   4.  -0.9043276270E+01  -0.1101926401E+02   0.8342540573E+02   0.1648211349E+02   0.1366502930E+02   0.1236061809E+01   0.2417661295E-02
     42.   5.  -0.9043276270E+01  -0.1101926401E+02   0.8342540573E+02   0.1648241752E+02   0.1367382157E+02   0.1230569354E+01   0.2417566946E-02
     42.   6.  -0.9043276270E+01  -0.1101926401E+02   0.8342540573E+02   0.1648246449E+02   0.1367131760E+02   0.1227864249E+01   0.2417382955E-02
     43.   1.  -0.7919653670E+01  -0.1185259932E+02   0.8331109403E+02   0.9854384218E+01   0.1067898528E+02   0.1033235299E+01   0.1861568164E-02
     43.   2.  -0.7919653670E+01  -0.1185259932E+02   0.8331109403E+02   0.1220990187E+02   0.1376505859E+02   0.1170270965E+01   0.1858085294E-02
     43.   3.  -0.7919653670E+01  -0.1185259932E+02   0.8331109403E+02   0.1242754831E+02   0.1408324760E+02   0.1205903749E+01   0.1859015133E-02
     43.   4.  -0.7919653670E+01  -0.1185259932E+02   0.8331109403E+02   0.1241818663E+02   0.1408201561E+02   0.1196436322E+01   0.1859041494E-02
     43.   5.  -0.7919653670E+01  -0.1185259932E+02   0.8331109403E+02   0.1241824607E+02   0.1408061605E+02   0.1194925492E+01   0.1858906503E-02
     43.   6.  -0.7919653670E+01  -0.1185259932E+02   0.8331109403E+02   0.1241827145E+02   0.1407755999E+02   0.1191278761E+01   0.1858678037E-02
     44.   1.  -0.6719760480E+01  -0.1257178762E+02   0.8320560471E+02   0.6921747905E+01   0.1134464900E+02   0.9326479590E+00   0.1494727810E-02
     44.   2.  -0.6719760480E+01  -0.1257178762E+02   0.8320560471E+02   0.8494359760E+01   0.1413095534E+02   0.1087607032E+01   0.1491886929E-02
     44.   3.  -0.6719760480E+01  -0.1257178762E+02   0.8320560471E+02   0.8644178917E+01   0.1451572463E+02   0.1111394783E+01   0.1492605595E-02
     44.   4.  -0.6719760480E+01  -0.1257178762E+02   0.8320560471E+02   0.8637419998E+01   0.1450093183E+02   0.1108469655E+01   0.1492586123E-02
     44.   5.  -0.6719760480E+01  -0.1257178762E+02   0.8320560471E+02   0.8637431345E+01   0.1449918359E+02   0.1106265078E+01   0.1492419873E-02
     44.   6.  -0.6719760480E+01  -0.1257178762E+02   0.8320560471E+02   0.8637434113E+01   0.1449589213E+02   0.1102052495E+01   0.1492156121E-02
     45.   1.  -0.5455152330E+01  -0.1316990274E+02   0.8311303244E+02   0.4341816953E+01   0.1185744912E+02   0.7940366916E+00   0.1294281036E-02
     45.   2.  -0.5455152330E+01  -0.1316990274E+02   0.8311303244E+02   0.5196841809E+01   0.1457144641E+02   0.9379561609E+00   0.1291749832E-02
     45.   3.  -0.5455152330E+01  -0.1316990274E+02   0.8311303244E+02   0.5298522773E+01   0.1493433277E+02   0.9511022755E+00   0.1292363166E-02
     45.   4.  -0.5455152330E+01  -0.1316990274E+02   0.8311303244E+02   0.5294535693E+01   0.1490600003E+02   0.9505399171E+00   0.1292317145E-02
     45.   5.  -0.5455152330E+01  -0.1316990274E+02   0.8311303244E+02   0.5294501594E+01   0.1490414163E+02   0.9480246486E+00   0.1292129948E-02
     45.   6.  -0.5455152330E+01  -0.1316990274E+02   0.8311303244E+02   0.5294482801E+01   0.1490086749E+02   0.9437351686E+00   0.1291842319E-02
     46.   1.  -0.4138008070E+01  -0.1364118449E+02   0.8303698324E+02   0.2096570861E+01   0.1237644485E+02   0.6313717353E+00   0.1216823399E-02
     46.   2.  -0.4138008070E+01  -0.1364118449E+02   0.8303698324E+02   0.2489405630E+01   0.1495114657E+02   0.7509034596E+00   0.1214361782E-02
     46.   3.  -0.4138008070E+01  -0.1364118449E+02   0.8303698324E+02   0.2531601770E+01   0.1529826570E+02   0.7617076616E+00   0.1214947202E-02
     46.   4.  -0.4138008070E+01  -0.1364118449E+02   0.8303698324E+02   0.2530444861E+01   0.1526766259E+02   0.7606950228E+00   0.1214889813E-02
     46.   5.  -0.4138008070E+01  -0.1364118449E+02   0.8303698324E+02   0.2530371385E+01   0.1526585520E+02   0.7583000333E+00   0.1214690976E-02
     46.   6.  -0.4138008070E+01  -0.1364118449E+02   0.8303698324E+02   0.2530333943E+01   0.1526275646E+02   0.7544664649E+00   0.1214390407E-02
     47.   1.  -0.2781012540E+01  -0.1398109417E+02   0.8298042845E+02   0.4817486132E+00   0.1265072179E+02   0.4337632776E+00   0.1211366735E-02
     47.   2.  -0.2781012540E+01  -0.1398109417E+02   0.8298042845E+02   0.4798949297E+00   0.1523898423E+02   0.5201612236E+00   0.1208844846E-02
     47.   3.  -0.2781012540E+01  -0.1398109417E+02   0.8298042845E+02   0.4629856720E+00   0.1558554070E+02   0.5285649758E+00   0.1209445180E-02
     47.   4.  -0.2781012540E+01  -0.1398109417E+02   0.8298042845E+02   0.4640814655E+00   0.1555358578E+02   0.5275688834E+00   0.1209385889E-02
     47.   5.  -0.2781012540E+01  -0.1398109417E+02   0.8298042845E+02   0.4639776315E+00   0.1555190142E+02   0.5257025215E+00   0.1209182178E-02
     47.   6.  -0.2781012540E+01  -0.1398109417E+02   0.8298042845E+02   0.4639259027E+00   0.1554902969E+02   0.5228216345E+00   0.1208876775E-02
     48.   1.  -0.1397234340E+01  -0.1418635828E+02   0.8294558300E+02  -0.5153382225E+00   0.1281801036E+02   0.2210740905E+00   0.1230527750E-02
     48.   2.  -0.1397234340E+01  -0.1418635828E+02   0.8294558300E+02  -0.7617156334E+00   0.1542049430E+02   0.2669196407E+00   0.1227919750E-02
     48.   3.  -0.1397234340E+01  -0.1418635828E+02   0.8294558300E+02  -0.8162753246E+00   0.1577031597E+02   0.2715117113E+00   0.1228544884E-02
     48.   4.  -0.1397234340E+01  -0.1418635828E+02   0.8294558300E+02  -0.8137419486E+00   0.1573767412E+02   0.2709091479E+00   0.1228487363E-02
     48.   5.  -0.1397234340E+01  -0.1418635828E+02   0.8294558300E+02  -0.8138649158E+00   0.1573610251E+02   0.2698891744E+00   0.1228282425E-02
     48.   6.  -0.1397234340E+01  -0.1418635828E+02   0.8294558300E+02  -0.8139255833E+00   0.1573341248E+02   0.2683444145E+00   0.1227976374E-02
     49.   1.   0.0000000000E+00  -0.1425500000E+02   0.8293381382E+02  -0.8509248465E+00   0.1287162383E+02  -0.3337031895E-07   0.1240920522E-02
     49.   2.   0.0000000000E+00  -0.1425500000E+02   0.8293381382E+02  -0.1181704838E+01   0.1548247525E+02  -0.3402685874E-07   0.1238274817E-02
     49.   3.   0.0000000000E+00  -0.1425500000E+02   0.8293381382E+02  -0.1249185257E+01   0.1583406668E+02  -0.3472799895E-07   0.1238911065E-02
     49.   4.   0.0000000000E+00  -0.1425500000E+02   0.8293381382E+02  -0.1246158632E+01   0.1580121796E+02  -0.3444135195E-07   0.1238854672E-02
     49.   5.   0.0000000000E+00  -0.1425500000E+02   0.8293381382E+02  -0.1246288128E+01   0.1579969090E+02  -0.3394764733E-07   0.1238649646E-02
     49.   6.   0.0000000000E+00  -0.1425500000E+02   0.8293381382E+02  -0.1246351832E+01   0.1579706949E+02  -0.3402017721E-07   0.1238343805E-02
     50.   1.   0.1397234340E+01  -0.1418635828E+02   0.8294558300E+02  -0.5153382275E+00   0.1281801036E+02  -0.2210741459E+00   0.1230527750E-02
     50.   2.   0.1397234340E+01  -0.1418635828E+02   0.8294558300E+02  -0.7617156394E+00   0.1542049430E+02  -0.2669197083E+00   0.1227919750E-02
     50.   3.   0.1397234340E+01  -0.1418635828E+02   0.8294558300E+02  -0.8162753307E+00   0.1577031597E+02  -0.2715117805E+00   0.1228544884E-02
     50.   4.   0.1397234340E+01  -0.1418635828E+02   0.8294558300E+02  -0.8137419547E+00   0.1573767412E+02  -0.2709092171E+00   0.1228487363E-02
     50.   5.   0.1397234340E+01  -0.1418635828E+02   0.8294558300E+02  -0.8138649219E+00   0.1573610251E+02  -0.2698892436E+00   0.1228282426E-02
     50.   6.   0.1397234340E+01  -0.1418635828E+02   0.8294558300E+02  -0.8139255894E+00   0.1573341248E+02  -0.2683444837E+00   0.1227976375E-02
     51.   1.   0.2781012540E+01  -0.1398109417E+02   0.8298042845E+02   0.4817486044E+00   0.1265072180E+02  -0.4337633324E+00   0.1211366736E-02
     51.   2.   0.2781012540E+01  -0.1398109417E+02   0.8298042845E+02   0.4798949180E+00   0.1523898423E+02  -0.5201612902E+00   0.1208844847E-02
     51.   3.   0.2781012540E+01  -0.1398109417E+02   0.8298042845E+02   0.4629856601E+00   0.1558554070E+02  -0.5285650440E+00   0.1209445181E-02
     51.   4.   0.2781012540E+01  -0.1398109417E+02   0.8298042845E+02   0.4640814536E+00   0.1555358578E+02  -0.5275689515E+00   0.1209385890E-02
     51.   5.   0.2781012540E+01  -0.1398109417E+02   0.8298042845E+02   0.4639776195E+00   0.1555190142E+02  -0.5257025896E+00   0.1209182179E-02
     51.   6.   0.2781012540E+01  -0.1398109417E+02   0.8298042845E+02   0.4639258907E+00   0.1554902969E+02  -0.5228217026E+00   0.1208876775E-02
     52.   1.   0.4138008070E+01  -0.1364118449E+02   0.8303698324E+02   0.2096570846E+01   0.1237644485E+02  -0.6313717891E+00   0.1216823399E-02
     52.   2.   0.4138008070E+01  -0.1364118449E+02   0.8303698324E+02   0.2489405612E+01   0.1495114657E+02  -0.7509035249E+00   0.1214361782E-02
     52.   3.   0.4138008070E+01  -0.1364118449E+02   0.8303698324E+02   0.2531601752E+01   0.1529826570E+02  -0.7617077283E+00   0.1214947202E-02
     52.   4.   0.4138008070E+01  -0.1364118449E+02   0.8303698324E+02   0.2530444843E+01   0.1526766259E+02  -0.7606950894E+00   0.1214889813E-02
     52.   5.   0.4138008070E+01  -0.1364118449E+02   0.8303698324E+02   0.2530371367E+01   0.1526585520E+02  -0.7583001000E+00   0.1214690976E-02
     52.   6.   0.4138008070E+01  -0.1364118449E+02   0.8303698324E+02   0.2530333925E+01   0.1526275646E+02  -0.7544665316E+00   0.1214390407E-02
     53.   1.   0.5455152330E+01  -0.1316990274E+02   0.8311303244E+02   0.4341816933E+01   0.1185744912E+02  -0.7940367431E+00   0.1294281035E-02
     53.   2.   0.5455152330E+01  -0.1316990274E+02   0.8311303244E+02   0.5196841785E+01   0.1457144641E+02  -0.9379562240E+00   0.1291749832E-02
     53.   3.   0.5455152330E+01  -0.1316990274E+02   0.8311303244E+02   0.5298522749E+01   0.1493433277E+02  -0.9511023401E+00   0.1292363165E-02
     53.   4.   0.5455152330E+01  -0.1316990274E+02   0.8311303244E+02   0.5294535669E+01   0.1490600003E+02  -0.9505399817E+00   0.1292317145E-02
     53.   5.   0.5455152330E+01  -0.1316990274E+02   0.8311303244E+02   0.5294501570E+01   0.1490414163E+02  -0.9480247132E+00   0.1292129948E-02
     53.   6.   0.5455152330E+01  -0.1316990274E+02   0.8311303244E+02   0.5294482778E+01   0.1490086749E+02  -0.9437352332E+00   0.1291842318E-02
     54.   1.   0.6719760480E+01  -0.1257178762E+02   0.8320560471E+02   0.6921747881E+01   0.1134464900E+02  -0.9326480082E+00   0.1494727808E-02
     54.   2.   0.6719760480E+01  -0.1257178762E+02   0.8320560471E+02   0.8494359731E+01   0.1413095534E+02  -0.1087607092E+01   0.1491886927E-02
     54.   3.   0.6719760480E+01  -0.1257178762E+02   0.8320560471E+02   0.8644178888E+01   0.1451572463E+02  -0.1111394845E+01   0.1492605593E-02
     54.   4.   0.6719760480E+01  -0.1257178762E+02   0.8320560471E+02   0.8637419969E+01   0.1450093183E+02  -0.1108469717E+01   0.1492586121E-02
     54.   5.   0.6719760480E+01  -0.1257178762E+02   0.8320560471E+02   0.8637431315E+01   0.1449918359E+02  -0.1106265140E+01   0.1492419871E-02
     54.   6.   0.6719760480E+01  -0.1257178762E+02   0.8320560471E+02   0.8637434083E+01   0.1449589213E+02  -0.1102052556E+01   0.1492156119E-02
     55.   1.   0.7919653670E+01  -0.1185259932E+02   0.8331109403E+02   0.9854384189E+01   0.1067898528E+02  -0.1033235346E+01   0.1861568160E-02
     55.   2.   0.7919653670E+01  -0.1185259932E+02   0.8331109403E+02   0.1220990183E+02   0.1376505859E+02  -0.1170271022E+01   0.1858085291E-02
     55.   3.   0.7919653670E+01  -0.1185259932E+02   0.8331109403E+02   0.1242754828E+02   0.1408324760E+02  -0.1205903807E+01   0.1859015129E-02
     55.   4.   0.7919653670E+01  -0.1185259932E+02   0.8331109403E+02   0.1241818659E+02   0.1408201561E+02  -0.1196436380E+01   0.1859041491E-02
     55.   5.   0.7919653670E+01  -0.1185259932E+02   0.8331109403E+02   0.1241824603E+02   0.1408061605E+02  -0.1194925551E+01   0.1858906500E-02
     55.   6.   0.7919653670E+01  -0.1185259932E+02   0.8331109403E+02   0.1241827141E+02   0.1407755999E+02  -0.1191278819E+01   0.1858678034E-02
     56.   1.   0.9043276270E+01  -0.1101926401E+02   0.8342540573E+02   0.1374360901E+02   0.1074719610E+02  -0.8837760804E+00   0.2420817298E-02
     56.   2.   0.9043276270E+01  -0.1101926401E+02   0.8342540573E+02   0.1616434228E+02   0.1325490592E+02  -0.1237257755E+01   0.2416305317E-02
     56.   3.   0.9043276270E+01  -0.1101926401E+02   0.8342540573E+02   0.1649339668E+02   0.1366382741E+02  -0.1245615549E+01   0.2417568340E-02
     56.   4.   0.9043276270E+01  -0.1101926401E+02   0.8342540573E+02   0.1648211345E+02   0.1366502930E+02  -0.1236061864E+01   0.2417661289E-02
     56.   5.   0.9043276270E+01  -0.1101926401E+02   0.8342540573E+02   0.1648241748E+02   0.1367382157E+02  -0.1230569409E+01   0.2417566940E-02
     56.   6.   0.9043276270E+01  -0.1101926401E+02   0.8342540573E+02   0.1648246445E+02   0.1367131760E+02  -0.1227864304E+01   0.2417382949E-02
     57.   1.   0.1007980717E+02  -0.1007980717E+02   0.8354412001E+02   0.1663817356E+02   0.1078358524E+02  -0.8967892589E+00   0.3174348709E-02
     57.   2.   0.1007980717E+02  -0.1007980717E+02   0.8354412001E+02   0.1988611605E+02   0.1288633838E+02  -0.1235266870E+01   0.3168415240E-02
     57.   3.   0.1007980717E+02  -0.1007980717E+02   0.8354412001E+02   0.2031645125E+02   0.1328825318E+02  -0.1239998600E+01   0.3170133704E-02
     57.   4.   0.1007980717E+02  -0.1007980717E+02   0.8354412001E+02   0.2030369581E+02   0.1328506263E+02  -0.1235396654E+01   0.3170312473E-02
     57.   5.   0.1007980717E+02  -0.1007980717E+02   0.8354412001E+02   0.2030416244E+02   0.1330178921E+02  -0.1219213665E+01   0.3170265556E-02
     57.   6.   0.1007980717E+02  -0.1007980717E+02   0.8354412001E+02   0.2030422794E+02   0.1330017506E+02  -0.1217665131E+01   0.3170131034E-02
     58.   1.   0.1101926401E+02  -0.9043276270E+01   0.8366266583E+02   0.1941791794E+02   0.1055404502E+02  -0.8769527646E+00   0.4097132270E-02
     58.   2.   0.1101926401E+02  -0.9043276270E+01   0.8366266583E+02   0.2357056094E+02   0.1244591790E+02  -0.1200013024E+01   0.4089433368E-02
     58.   3.   0.1101926401E+02  -0.9043276270E+01   0.8366266583E+02   0.2409673145E+02   0.1295349592E+02  -0.1199142896E+01   0.4091713049E-02
     58.   4.   0.1101926401E+02  -0.9043276270E+01   0.8366266583E+02   0.2408344561E+02   0.1295601916E+02  -0.1205308109E+01   0.4091992738E-02
     58.   5.   0.1101926401E+02  -0.9043276270E+01   0.8366266583E+02   0.2408421581E+02   0.1297086689E+02  -0.1185416472E+01   0.4091996505E-02
     58.   6.   0.1101926401E+02  -0.9043276270E+01   0.8366266583E+02   0.2408446069E+02   0.1297817629E+02  -0.1178535742E+01   0.4091911539E-02
     59.   1.   0.1185259932E+02  -0.7919653670E+01   0.8377649781E+02   0.2227755162E+02   0.1022989227E+02  -0.8206149540E+00   0.5138651767E-02
     59.   2.   0.1185259932E+02  -0.7919653670E+01   0.8377649781E+02   0.2744710813E+02   0.1223513244E+02  -0.1090598173E+01   0.5128942105E-02
     59.   3.   0.1185259932E+02  -0.7919653670E+01   0.8377649781E+02   0.2804262745E+02   0.1267238770E+02  -0.1094111984E+01   0.5131856957E-02
     59.   4.   0.1185259932E+02  -0.7919653670E+01   0.8377649781E+02   0.2802911989E+02   0.1267982242E+02  -0.1100630298E+01   0.5132246511E-02
     59.   5.   0.1185259932E+02  -0.7919653670E+01   0.8377649781E+02   0.2802986480E+02   0.1269504997E+02  -0.1081198015E+01   0.5132300540E-02
     59.   6.   0.1185259932E+02  -0.7919653670E+01   0.8377649781E+02   0.2803008166E+02   0.1270311794E+02  -0.1075621371E+01   0.5132260901E-02
     60.   1.   0.1257178762E+02  -0.6719760480E+01   0.8388126918E+02   0.2507375982E+02   0.9953473904E+01  -0.7401689025E+00   0.6228042027E-02
     60.   2.   0.1257178762E+02  -0.6719760480E+01   0.8388126918E+02   0.3096730427E+02   0.1200432327E+02  -0.9701251423E+00   0.6216214777E-02
     60.   3.   0.1257178762E+02  -0.6719760480E+01   0.8388126918E+02   0.3164548268E+02   0.1244609556E+02  -0.9741061856E+00   0.6219795020E-02
     60.   4.   0.1257178762E+02  -0.6719760480E+01   0.8388126918E+02   0.3163150872E+02   0.1245227865E+02  -0.9829169661E+00   0.6220296006E-02
     60.   5.   0.1257178762E+02  -0.6719760480E+01   0.8388126918E+02   0.3163275945E+02   0.1247413445E+02  -0.9699163671E+00   0.6220396655E-02
     60.   6.   0.1257178762E+02  -0.6719760480E+01   0.8388126918E+02   0.3163295846E+02   0.1248313391E+02  -0.9654893960E+00   0.6220395220E-02
     61.   1.   0.1316990274E+02  -0.5455152330E+01   0.8397299455E+02   0.2716609847E+02   0.9596501597E+01  -0.6241644724E+00   0.7282009779E-02
     61.   2.   0.1316990274E+02  -0.5455152330E+01   0.8397299455E+02   0.3402393937E+02   0.1185604305E+02  -0.8092947850E+00   0.7268122733E-02
     61.   3.   0.1316990274E+02  -0.5455152330E+01   0.8397299455E+02   0.3477444617E+02   0.1217005753E+02  -0.8321508978E+00   0.7272347609E-02
     61.   4.   0.1316990274E+02  -0.5455152330E+01   0.8397299455E+02   0.3476373050E+02   0.1227592934E+02  -0.8051550265E+00   0.7272953721E-02
     61.   5.   0.1316990274E+02  -0.5455152330E+01   0.8397299455E+02   0.3476460924E+02   0.1228761898E+02  -0.8076449768E+00   0.7273094894E-02
     61.   6.   0.1316990274E+02  -0.5455152330E+01   0.8397299455E+02   0.3476544589E+02   0.1230618613E+02  -0.7874791833E+00   0.7273123273E-02
     62.   1.   0.1364118449E+02  -0.4138008070E+01   0.8404819682E+02   0.2859780854E+02   0.9200174070E+01  -0.4822359518E+00   0.8214318879E-02
     62.   2.   0.1364118449E+02  -0.4138008070E+01   0.8404819682E+02   0.3651578151E+02   0.1172192661E+02  -0.6233659422E+00   0.8198601722E-02
     62.   3.   0.1364118449E+02  -0.4138008070E+01   0.8404819682E+02   0.3732719984E+02   0.1203876804E+02  -0.6405308351E+00   0.8203397621E-02
     62.   4.   0.1364118449E+02  -0.4138008070E+01   0.8404819682E+02   0.3731648578E+02   0.1214513390E+02  -0.6163556237E+00   0.8204094943E-02
     62.   5.   0.1364118449E+02  -0.4138008070E+01   0.8404819682E+02   0.3731736108E+02   0.1215791946E+02  -0.6184936506E+00   0.8204268864E-02
     62.   6.   0.1364118449E+02  -0.4138008070E+01   0.8404819682E+02   0.3731817385E+02   0.1217664859E+02  -0.5998689759E+00   0.8204318758E-02
     63.   1.   0.1398109417E+02  -0.2781012540E+01   0.8410403361E+02   0.3000132139E+02   0.9055518967E+01  -0.3333708273E+00   0.8945537689E-02
     63.   2.   0.1398109417E+02  -0.2781012540E+01   0.8410403361E+02   0.3835753953E+02   0.1163383827E+02  -0.4299096560E+00   0.8928379736E-02
     63.   3.   0.1398109417E+02  -0.2781012540E+01   0.8410403361E+02   0.3920920607E+02   0.1186096141E+02  -0.4514244064E+00   0.8933624046E-02
     63.   4.   0.1398109417E+02  -0.2781012540E+01   0.8410403361E+02   0.3920289522E+02   0.1205514934E+02  -0.4353886548E+00   0.8934391911E-02
     63.   5.   0.1398109417E+02  -0.2781012540E+01   0.8410403361E+02   0.3920375220E+02   0.1206885412E+02  -0.4368352997E+00   0.8934589763E-02
     63.   6.   0.1398109417E+02  -0.2781012540E+01   0.8410403361E+02   0.3920456676E+02   0.1208779803E+02  -0.4196951819E+00   0.8934653792E-02
     64.   1.   0.1418635828E+02  -0.1397234340E+01   0.8413839930E+02   0.3086820580E+02   0.8964193408E+01  -0.1699735199E+00   0.9411859441E-02
     64.   2.   0.1418635828E+02  -0.1397234340E+01   0.8413839930E+02   0.3948719678E+02   0.1158173936E+02  -0.2180789550E+00   0.9393780094E-02
     64.   3.   0.1418635828E+02  -0.1397234340E+01   0.8413839930E+02   0.4036655334E+02   0.1180903682E+02  -0.2289084990E+00   0.9399310694E-02
     64.   4.   0.1418635828E+02  -0.1397234340E+01   0.8413839930E+02   0.4036007903E+02   0.1200233365E+02  -0.2207714923E+00   0.9400123141E-02
     64.   5.   0.1418635828E+02  -0.1397234340E+01   0.8413839930E+02   0.4036090473E+02   0.1201669511E+02  -0.2212812718E+00   0.9400335537E-02
     64.   6.   0.1418635828E+02  -0.1397234340E+01   0.8413839930E+02   0.4036174532E+02   0.1203582591E+02  -0.2055844716E+00   0.9400407443E-02
