# digitalmodel weldolet_crotch CINT table
# units: length=mm force=N stress=MPa K=MPa*sqrt(mm) J=N/mm
# mesh_level     2.
# front_nodes      97.
# contours   6.
# columns: node contour x y z K1 K2 K3 J
      1.   1.   0.1190500000E+02   0.0000000000E+00   0.8465000000E+02   0.1603424347E+03   0.0000000000E+00   0.0000000000E+00   0.1541420710E+00
      1.   2.   0.1190500000E+02   0.0000000000E+00   0.8465000000E+02   0.1781263423E+03   0.0000000000E+00   0.0000000000E+00   0.1538780486E+00
      1.   3.   0.1190500000E+02   0.0000000000E+00   0.8465000000E+02   0.1782158213E+03   0.0000000000E+00   0.0000000000E+00   0.1540352859E+00
      1.   4.   0.1190500000E+02   0.0000000000E+00   0.8465000000E+02   0.1782398571E+03   0.0000000000E+00   0.0000000000E+00   0.1540802377E+00
      1.   5.   0.1190500000E+02   0.0000000000E+00   0.8465000000E+02   0.1782528004E+03   0.0000000000E+00   0.0000000000E+00   0.1540744805E+00
      1.   6.   0.1190500000E+02   0.0000000000E+00   0.8465000000E+02   0.1782609920E+03   0.0000000000E+00   0.0000000000E+00   0.1540500000E+00
      2.   1.   0.1200287419E+02   0.0000000000E+00   0.8464796095E+02   0.1762720910E+03   0.0000000000E+00   0.0000000000E+00   0.1585261673E+00
      2.   2.   0.1200287419E+02   0.0000000000E+00   0.8464796095E+02   0.1779808972E+03   0.0000000000E+00   0.0000000000E+00   0.1582037329E+00
      2.   3.   0.1200287419E+02   0.0000000000E+00   0.8464796095E+02   0.1780436523E+03   0.0000000000E+00   0.0000000000E+00   0.1582677170E+00
      2.   4.   0.1200287419E+02   0.0000000000E+00   0.8464796095E+02   0.1780553513E+03   0.0000000000E+00   0.0000000000E+00   0.1582672139E+00
      2.   5.   0.1200287419E+02   0.0000000000E+00   0.8464796095E+02   0.1780603704E+03   0.0000000000E+00   0.0000000000E+00   0.1582769644E+00
      2.   6.   0.1200287419E+02   0.0000000000E+00   0.8464796095E+02   0.1780633984E+03   0.0000000000E+00   0.0000000000E+00   0.1582916868E+00
      3.   1.   0.1210049393E+02   0.0000000000E+00   0.8464185442E+02   0.1737156052E+03   0.0000000000E+00   0.0000000000E+00   0.1540188501E+00
      3.   2.   0.1210049393E+02   0.0000000000E+00   0.8464185442E+02   0.1754827545E+03   0.0000000000E+00   0.0000000000E+00   0.1537253046E+00
      3.   3.   0.1210049393E+02   0.0000000000E+00   0.8464185442E+02   0.1755418820E+03   0.0000000000E+00   0.0000000000E+00   0.1538189020E+00
      3.   4.   0.1210049393E+02   0.0000000000E+00   0.8464185442E+02   0.1755508328E+03   0.0000000000E+00   0.0000000000E+00   0.1538326601E+00
      3.   5.   0.1210049393E+02   0.0000000000E+00   0.8464185442E+02   0.1755532200E+03   0.0000000000E+00   0.0000000000E+00   0.1538361542E+00
      3.   6.   0.1210049393E+02   0.0000000000E+00   0.8464185442E+02   0.1755539373E+03   0.0000000000E+00   0.0000000000E+00   0.1538368800E+00
      4.   1.   0.1219760700E+02   0.0000000000E+00   0.8463171206E+02   0.1706523433E+03   0.0000000000E+00   0.0000000000E+00   0.1486405978E+00
      4.   2.   0.1219760700E+02   0.0000000000E+00   0.8463171206E+02   0.1723962481E+03   0.0000000000E+00   0.0000000000E+00   0.1483581170E+00
      4.   3.   0.1219760700E+02   0.0000000000E+00   0.8463171206E+02   0.1724532292E+03   0.0000000000E+00   0.0000000000E+00   0.1484481212E+00
      4.   4.   0.1219760700E+02   0.0000000000E+00   0.8463171206E+02   0.1724613375E+03   0.0000000000E+00   0.0000000000E+00   0.1484613597E+00
      4.   5.   0.1219760700E+02   0.0000000000E+00   0.8463171206E+02   0.1724633834E+03   0.0000000000E+00   0.0000000000E+00   0.1484647485E+00
      4.   6.   0.1219760700E+02   0.0000000000E+00   0.8463171206E+02   0.1724640638E+03   0.0000000000E+00   0.0000000000E+00   0.1484658981E+00
      5.   1.   0.1229396552E+02   0.0000000000E+00   0.8461758621E+02   0.1678166585E+03   0.0000000000E+00   0.0000000000E+00   0.1437432135E+00
      5.   2.   0.1229396552E+02   0.0000000000E+00   0.8461758621E+02   0.1695333516E+03   0.0000000000E+00   0.0000000000E+00   0.1434712794E+00
      5.   3.   0.1229396552E+02   0.0000000000E+00   0.8461758621E+02   0.1695890030E+03   0.0000000000E+00   0.0000000000E+00   0.1435579157E+00
      5.   4.   0.1229396552E+02   0.0000000000E+00   0.8461758621E+02   0.1695969200E+03   0.0000000000E+00   0.0000000000E+00   0.1435706570E+00
      5.   5.   0.1229396552E+02   0.0000000000E+00   0.8461758621E+02   0.1695989513E+03   0.0000000000E+00   0.0000000000E+00   0.1435738999E+00
      5.   6.   0.1229396552E+02   0.0000000000E+00   0.8461758621E+02   0.1695996467E+03   0.0000000000E+00   0.0000000000E+00   0.1435749985E+00
      6.   1.   0.1238932804E+02   0.0000000000E+00   0.8459954916E+02   0.1652746966E+03   0.0000000000E+00   0.0000000000E+00   0.1394211787E+00
      6.   2.   0.1238932804E+02   0.0000000000E+00   0.8459954916E+02   0.1669651919E+03   0.0000000000E+00   0.0000000000E+00   0.1391585166E+00
      6.   3.   0.1238932804E+02   0.0000000000E+00   0.8459954916E+02   0.1670197943E+03   0.0000000000E+00   0.0000000000E+00   0.1392421998E+00
      6.   4.   0.1238932804E+02   0.0000000000E+00   0.8459954916E+02   0.1670275652E+03   0.0000000000E+00   0.0000000000E+00   0.1392545037E+00
      6.   5.   0.1238932804E+02   0.0000000000E+00   0.8459954916E+02   0.1670295701E+03   0.0000000000E+00   0.0000000000E+00   0.1392576485E+00
      6.   6.   0.1238932804E+02   0.0000000000E+00   0.8459954916E+02   0.1670302667E+03   0.0000000000E+00   0.0000000000E+00   0.1392587321E+00
      7.   1.   0.1248346154E+02   0.0000000000E+00   0.8457769231E+02   0.1630078618E+03   0.0000000000E+00   0.0000000000E+00   0.1356228964E+00
      7.   2.   0.1248346154E+02   0.0000000000E+00   0.8457769231E+02   0.1646750021E+03   0.0000000000E+00   0.0000000000E+00   0.1353684420E+00
      7.   3.   0.1248346154E+02   0.0000000000E+00   0.8457769231E+02   0.1647286672E+03   0.0000000000E+00   0.0000000000E+00   0.1354495117E+00
      7.   4.   0.1248346154E+02   0.0000000000E+00   0.8457769231E+02   0.1647363150E+03   0.0000000000E+00   0.0000000000E+00   0.1354614307E+00
      7.   5.   0.1248346154E+02   0.0000000000E+00   0.8457769231E+02   0.1647382985E+03   0.0000000000E+00   0.0000000000E+00   0.1354644875E+00
      7.   6.   0.1248346154E+02   0.0000000000E+00   0.8457769231E+02   0.1647389953E+03   0.0000000000E+00   0.0000000000E+00   0.1354655500E+00
      8.   1.   0.1257614322E+02   0.0000000000E+00   0.8455212495E+02   0.1609883395E+03   0.0000000000E+00   0.0000000000E+00   0.1322820516E+00
      8.   2.   0.1257614322E+02   0.0000000000E+00   0.8455212495E+02   0.1626339151E+03   0.0000000000E+00   0.0000000000E+00   0.1320348641E+00
      8.   3.   0.1257614322E+02   0.0000000000E+00   0.8455212495E+02   0.1626867384E+03   0.0000000000E+00   0.0000000000E+00   0.1321136227E+00
      8.   4.   0.1257614322E+02   0.0000000000E+00   0.8455212495E+02   0.1626942738E+03   0.0000000000E+00   0.0000000000E+00   0.1321252027E+00
      8.   5.   0.1257614322E+02   0.0000000000E+00   0.8455212495E+02   0.1626962368E+03   0.0000000000E+00   0.0000000000E+00   0.1321281821E+00
      8.   6.   0.1257614322E+02   0.0000000000E+00   0.8455212495E+02   0.1626969332E+03   0.0000000000E+00   0.0000000000E+00   0.1321292272E+00
      9.   1.   0.1266716216E+02   0.0000000000E+00   0.8452297297E+02   0.1591897293E+03   0.0000000000E+00   0.0000000000E+00   0.1293397005E+00
      9.   2.   0.1266716216E+02   0.0000000000E+00   0.8452297297E+02   0.1608148755E+03   0.0000000000E+00   0.0000000000E+00   0.1290989679E+00
      9.   3.   0.1266716216E+02   0.0000000000E+00   0.8452297297E+02   0.1608669349E+03   0.0000000000E+00   0.0000000000E+00   0.1291756796E+00
      9.   4.   0.1266716216E+02   0.0000000000E+00   0.8452297297E+02   0.1608743695E+03   0.0000000000E+00   0.0000000000E+00   0.1291869583E+00
      9.   5.   0.1266716216E+02   0.0000000000E+00   0.8452297297E+02   0.1608763142E+03   0.0000000000E+00   0.0000000000E+00   0.1291898699E+00
      9.   6.   0.1266716216E+02   0.0000000000E+00   0.8452297297E+02   0.1608770109E+03   0.0000000000E+00   0.0000000000E+00   0.1291908993E+00
     10.   1.   0.1275632075E+02   0.0000000000E+00   0.8449037736E+02   0.1575896662E+03   0.0000000000E+00   0.0000000000E+00   0.1267468623E+00
     10.   2.   0.1275632075E+02   0.0000000000E+00   0.8449037736E+02   0.1591947545E+03   0.0000000000E+00   0.0000000000E+00   0.1265118572E+00
     10.   3.   0.1275632075E+02   0.0000000000E+00   0.8449037736E+02   0.1592461225E+03   0.0000000000E+00   0.0000000000E+00   0.1265867533E+00
     10.   4.   0.1275632075E+02   0.0000000000E+00   0.8449037736E+02   0.1592534664E+03   0.0000000000E+00   0.0000000000E+00   0.1265977662E+00
     10.   5.   0.1275632075E+02   0.0000000000E+00   0.8449037736E+02   0.1592553955E+03   0.0000000000E+00   0.0000000000E+00   0.1266006179E+00
     10.   6.   0.1275632075E+02   0.0000000000E+00   0.8449037736E+02   0.1592560925E+03   0.0000000000E+00   0.0000000000E+00   0.1266016337E+00
     11.   1.   0.1284343594E+02   0.0000000000E+00   0.8445449251E+02   0.1561693022E+03   0.0000000000E+00   0.0000000000E+00   0.1244632462E+00
     11.   2.   0.1284343594E+02   0.0000000000E+00   0.8445449251E+02   0.1577541498E+03   0.0000000000E+00   0.0000000000E+00   0.1242333112E+00
     11.   3.   0.1284343594E+02   0.0000000000E+00   0.8445449251E+02   0.1578048918E+03   0.0000000000E+00   0.0000000000E+00   0.1243065969E+00
     11.   4.   0.1284343594E+02   0.0000000000E+00   0.8445449251E+02   0.1578121539E+03   0.0000000000E+00   0.0000000000E+00   0.1243173741E+00
     11.   5.   0.1284343594E+02   0.0000000000E+00   0.8445449251E+02   0.1578140692E+03   0.0000000000E+00   0.0000000000E+00   0.1243201733E+00
     11.   6.   0.1284343594E+02   0.0000000000E+00   0.8445449251E+02   0.1578147672E+03   0.0000000000E+00   0.0000000000E+00   0.1243211772E+00
     12.   1.   0.1292834021E+02   0.0000000000E+00   0.8441548454E+02   0.1549126704E+03   0.0000000000E+00   0.0000000000E+00   0.1224553814E+00
     12.   2.   0.1292834021E+02   0.0000000000E+00   0.8441548454E+02   0.1564766872E+03   0.0000000000E+00   0.0000000000E+00   0.1222299749E+00
     12.   3.   0.1292834021E+02   0.0000000000E+00   0.8441548454E+02   0.1565268613E+03   0.0000000000E+00   0.0000000000E+00   0.1223018336E+00
     12.   4.   0.1292834021E+02   0.0000000000E+00   0.8441548454E+02   0.1565340501E+03   0.0000000000E+00   0.0000000000E+00   0.1223124022E+00
     12.   5.   0.1292834021E+02   0.0000000000E+00   0.8441548454E+02   0.1565359535E+03   0.0000000000E+00   0.0000000000E+00   0.1223151554E+00
     12.   6.   0.1292834021E+02   0.0000000000E+00   0.8441548454E+02   0.1565366526E+03   0.0000000000E+00   0.0000000000E+00   0.1223161491E+00
     13.   1.   0.1301088235E+02   0.0000000000E+00   0.8437352941E+02   0.1538061265E+03   0.0000000000E+00   0.0000000000E+00   0.1206953561E+00
     13.   2.   0.1301088235E+02   0.0000000000E+00   0.8437352941E+02   0.1553483854E+03   0.0000000000E+00   0.0000000000E+00   0.1204739433E+00
     13.   3.   0.1301088235E+02   0.0000000000E+00   0.8437352941E+02   0.1553980461E+03   0.0000000000E+00   0.0000000000E+00   0.1205445386E+00
     13.   4.   0.1301088235E+02   0.0000000000E+00   0.8437352941E+02   0.1554051692E+03   0.0000000000E+00   0.0000000000E+00   0.1205549229E+00
     13.   5.   0.1301088235E+02   0.0000000000E+00   0.8437352941E+02   0.1554070622E+03   0.0000000000E+00   0.0000000000E+00   0.1205576358E+00
     13.   6.   0.1301088235E+02   0.0000000000E+00   0.8437352941E+02   0.1554077630E+03   0.0000000000E+00   0.0000000000E+00   0.1205586211E+00
     14.   1.   0.1309092802E+02   0.0000000000E+00   0.8432881116E+02   0.1528377452E+03   0.0000000000E+00   0.0000000000E+00   0.1191593564E+00
     14.   2.   0.1309092802E+02   0.0000000000E+00   0.8432881116E+02   0.1543571119E+03   0.0000000000E+00   0.0000000000E+00   0.1189414793E+00
     14.   3.   0.1309092802E+02   0.0000000000E+00   0.8432881116E+02   0.1544063079E+03   0.0000000000E+00   0.0000000000E+00   0.1190109588E+00
     14.   4.   0.1309092802E+02   0.0000000000E+00   0.8432881116E+02   0.1544133720E+03   0.0000000000E+00   0.0000000000E+00   0.1190211807E+00
     14.   5.   0.1309092802E+02   0.0000000000E+00   0.8432881116E+02   0.1544152565E+03   0.0000000000E+00   0.0000000000E+00   0.1190238589E+00
     14.   6.   0.1309092802E+02   0.0000000000E+00   0.8432881116E+02   0.1544159591E+03   0.0000000000E+00   0.0000000000E+00   0.1190248372E+00
     15.   1.   0.1316836000E+02   0.0000000000E+00   0.8428152000E+02   0.1519969795E+03   0.0000000000E+00   0.0000000000E+00   0.1178269631E+00
     15.   2.   0.1316836000E+02   0.0000000000E+00   0.8428152000E+02   0.1534922206E+03   0.0000000000E+00   0.0000000000E+00   0.1176122090E+00
     15.   3.   0.1316836000E+02   0.0000000000E+00   0.8428152000E+02   0.1535409983E+03   0.0000000000E+00   0.0000000000E+00   0.1176807084E+00
     15.   4.   0.1316836000E+02   0.0000000000E+00   0.8428152000E+02   0.1535480100E+03   0.0000000000E+00   0.0000000000E+00   0.1176907878E+00
     15.   5.   0.1316836000E+02   0.0000000000E+00   0.8428152000E+02   0.1535498871E+03   0.0000000000E+00   0.0000000000E+00   0.1176934358E+00
     15.   6.   0.1316836000E+02   0.0000000000E+00   0.8428152000E+02   0.1535505919E+03   0.0000000000E+00   0.0000000000E+00   0.1176944086E+00
     16.   1.   0.1324307829E+02   0.0000000000E+00   0.8423185053E+02   0.1512744023E+03   0.0000000000E+00   0.0000000000E+00   0.1166803863E+00
     16.   2.   0.1324307829E+02   0.0000000000E+00   0.8423185053E+02   0.1527442217E+03   0.0000000000E+00   0.0000000000E+00   0.1164683876E+00
     16.   3.   0.1324307829E+02   0.0000000000E+00   0.8423185053E+02   0.1527926240E+03   0.0000000000E+00   0.0000000000E+00   0.1165360291E+00
     16.   4.   0.1324307829E+02   0.0000000000E+00   0.8423185053E+02   0.1527995891E+03   0.0000000000E+00   0.0000000000E+00   0.1165459841E+00
     16.   5.   0.1324307829E+02   0.0000000000E+00   0.8423185053E+02   0.1528014603E+03   0.0000000000E+00   0.0000000000E+00   0.1165486064E+00
     16.   6.   0.1324307829E+02   0.0000000000E+00   0.8423185053E+02   0.1528021675E+03   0.0000000000E+00   0.0000000000E+00   0.1165495749E+00
     17.   1.   0.1331500000E+02   0.0000000000E+00   0.8418000000E+02   0.1506615077E+03   0.0000000000E+00   0.0000000000E+00   0.1157040139E+00
     17.   2.   0.1331500000E+02   0.0000000000E+00   0.8418000000E+02   0.1521045283E+03   0.0000000000E+00   0.0000000000E+00   0.1154943808E+00
     17.   3.   0.1331500000E+02   0.0000000000E+00   0.8418000000E+02   0.1521525944E+03   0.0000000000E+00   0.0000000000E+00   0.1155612770E+00
     17.   4.   0.1331500000E+02   0.0000000000E+00   0.8418000000E+02   0.1521595186E+03   0.0000000000E+00   0.0000000000E+00   0.1155711247E+00
     17.   5.   0.1331500000E+02   0.0000000000E+00   0.8418000000E+02   0.1521613850E+03   0.0000000000E+00   0.0000000000E+00   0.1155737252E+00
     17.   6.   0.1331500000E+02   0.0000000000E+00   0.8418000000E+02   0.1521620948E+03   0.0000000000E+00   0.0000000000E+00   0.1155746904E+00
     18.   1.   0.1338405901E+02   0.0000000000E+00   0.8412616660E+02   0.1501505040E+03   0.0000000000E+00   0.0000000000E+00   0.1148839042E+00
     18.   2.   0.1338405901E+02   0.0000000000E+00   0.8412616660E+02   0.1515653488E+03   0.0000000000E+00   0.0000000000E+00   0.1146763267E+00
     18.   3.   0.1338405901E+02   0.0000000000E+00   0.8412616660E+02   0.1516131157E+03   0.0000000000E+00   0.0000000000E+00   0.1147425806E+00
     18.   4.   0.1338405901E+02   0.0000000000E+00   0.8412616660E+02   0.1516200038E+03   0.0000000000E+00   0.0000000000E+00   0.1147523356E+00
     18.   5.   0.1338405901E+02   0.0000000000E+00   0.8412616660E+02   0.1516218664E+03   0.0000000000E+00   0.0000000000E+00   0.1147549179E+00
     18.   6.   0.1338405901E+02   0.0000000000E+00   0.8412616660E+02   0.1516225790E+03   0.0000000000E+00   0.0000000000E+00   0.1147558811E+00
     19.   1.   0.1345020548E+02   0.0000000000E+00   0.8407054795E+02   0.1497342729E+03   0.0000000000E+00   0.0000000000E+00   0.1142075612E+00
     19.   2.   0.1345020548E+02   0.0000000000E+00   0.8407054795E+02   0.1511194917E+03   0.0000000000E+00   0.0000000000E+00   0.1140017535E+00
     19.   3.   0.1345020548E+02   0.0000000000E+00   0.8407054795E+02   0.1511669935E+03   0.0000000000E+00   0.0000000000E+00   0.1140674596E+00
     19.   4.   0.1345020548E+02   0.0000000000E+00   0.8407054795E+02   0.1511738507E+03   0.0000000000E+00   0.0000000000E+00   0.1140771362E+00
     19.   5.   0.1345020548E+02   0.0000000000E+00   0.8407054795E+02   0.1511757103E+03   0.0000000000E+00   0.0000000000E+00   0.1140797039E+00
     19.   6.   0.1345020548E+02   0.0000000000E+00   0.8407054795E+02   0.1511764261E+03   0.0000000000E+00   0.0000000000E+00   0.1140806658E+00
     20.   1.   0.1351340525E+02   0.0000000000E+00   0.8401333959E+02   0.1494061942E+03   0.0000000000E+00   0.0000000000E+00   0.1136637308E+00
     20.   2.   0.1351340525E+02   0.0000000000E+00   0.8401333959E+02   0.1507602902E+03   0.0000000000E+00   0.0000000000E+00   0.1134594090E+00
     20.   3.   0.1351340525E+02   0.0000000000E+00   0.8401333959E+02   0.1508075592E+03   0.0000000000E+00   0.0000000000E+00   0.1135246532E+00
     20.   4.   0.1351340525E+02   0.0000000000E+00   0.8401333959E+02   0.1508143894E+03   0.0000000000E+00   0.0000000000E+00   0.1135342642E+00
     20.   5.   0.1351340525E+02   0.0000000000E+00   0.8401333959E+02   0.1508162471E+03   0.0000000000E+00   0.0000000000E+00   0.1135368198E+00
     20.   6.   0.1351340525E+02   0.0000000000E+00   0.8401333959E+02   0.1508169660E+03   0.0000000000E+00   0.0000000000E+00   0.1135377816E+00
     21.   1.   0.1357363905E+02   0.0000000000E+00   0.8395473373E+02   0.1491601376E+03   0.0000000000E+00   0.0000000000E+00   0.1132421420E+00
     21.   2.   0.1357363905E+02   0.0000000000E+00   0.8395473373E+02   0.1504815552E+03   0.0000000000E+00   0.0000000000E+00   0.1130390593E+00
     21.   3.   0.1357363905E+02   0.0000000000E+00   0.8395473373E+02   0.1505286205E+03   0.0000000000E+00   0.0000000000E+00   0.1131039239E+00
     21.   4.   0.1357363905E+02   0.0000000000E+00   0.8395473373E+02   0.1505354281E+03   0.0000000000E+00   0.0000000000E+00   0.1131134808E+00
     21.   5.   0.1357363905E+02   0.0000000000E+00   0.8395473373E+02   0.1505372846E+03   0.0000000000E+00   0.0000000000E+00   0.1131160276E+00
     21.   6.   0.1357363905E+02   0.0000000000E+00   0.8395473373E+02   0.1505380068E+03   0.0000000000E+00   0.0000000000E+00   0.1131169897E+00
     22.   1.   0.1363090164E+02   0.0000000000E+00   0.8389491803E+02   0.1489904298E+03   0.0000000000E+00   0.0000000000E+00   0.1129334074E+00
     22.   2.   0.1363090164E+02   0.0000000000E+00   0.8389491803E+02   0.1502774881E+03   0.0000000000E+00   0.0000000000E+00   0.1127313376E+00
     22.   3.   0.1363090164E+02   0.0000000000E+00   0.8389491803E+02   0.1503243783E+03   0.0000000000E+00   0.0000000000E+00   0.1127958957E+00
     22.   4.   0.1363090164E+02   0.0000000000E+00   0.8389491803E+02   0.1503311668E+03   0.0000000000E+00   0.0000000000E+00   0.1128054095E+00
     22.   5.   0.1363090164E+02   0.0000000000E+00   0.8389491803E+02   0.1503330232E+03   0.0000000000E+00   0.0000000000E+00   0.1128079499E+00
     22.   6.   0.1363090164E+02   0.0000000000E+00   0.8389491803E+02   0.1503337486E+03   0.0000000000E+00   0.0000000000E+00   0.1128089132E+00
     23.   1.   0.1368520086E+02   0.0000000000E+00   0.8383407461E+02   0.1488917793E+03   0.0000000000E+00   0.0000000000E+00   0.1127289062E+00
     23.   2.   0.1368520086E+02   0.0000000000E+00   0.8383407461E+02   0.1501426145E+03   0.0000000000E+00   0.0000000000E+00   0.1125276189E+00
     23.   3.   0.1368520086E+02   0.0000000000E+00   0.8383407461E+02   0.1501893556E+03   0.0000000000E+00   0.0000000000E+00   0.1125919388E+00
     23.   4.   0.1368520086E+02   0.0000000000E+00   0.8383407461E+02   0.1501961287E+03   0.0000000000E+00   0.0000000000E+00   0.1126014193E+00
     23.   5.   0.1368520086E+02   0.0000000000E+00   0.8383407461E+02   0.1501979852E+03   0.0000000000E+00   0.0000000000E+00   0.1126039556E+00
     23.   6.   0.1368520086E+02   0.0000000000E+00   0.8383407461E+02   0.1501987141E+03   0.0000000000E+00   0.0000000000E+00   0.1126049205E+00
     24.   1.   0.1373655665E+02   0.0000000000E+00   0.8377237910E+02   0.1488592134E+03   0.0000000000E+00   0.0000000000E+00   0.1126206704E+00
     24.   2.   0.1373655665E+02   0.0000000000E+00   0.8377237910E+02   0.1500718283E+03   0.0000000000E+00   0.0000000000E+00   0.1124199781E+00
     24.   3.   0.1373655665E+02   0.0000000000E+00   0.8377237910E+02   0.1501184449E+03   0.0000000000E+00   0.0000000000E+00   0.1124841231E+00
     24.   4.   0.1373655665E+02   0.0000000000E+00   0.8377237910E+02   0.1501252057E+03   0.0000000000E+00   0.0000000000E+00   0.1124935798E+00
     24.   5.   0.1373655665E+02   0.0000000000E+00   0.8377237910E+02   0.1501270631E+03   0.0000000000E+00   0.0000000000E+00   0.1124961140E+00
     24.   6.   0.1373655665E+02   0.0000000000E+00   0.8377237910E+02   0.1501277955E+03   0.0000000000E+00   0.0000000000E+00   0.1124970813E+00
     25.   1.   0.1378500000E+02   0.0000000000E+00   0.8371000000E+02   0.1488881086E+03   0.0000000000E+00   0.0000000000E+00   0.1126013097E+00
     25.   2.   0.1378500000E+02   0.0000000000E+00   0.8371000000E+02   0.1500602905E+03   0.0000000000E+00   0.0000000000E+00   0.1124010293E+00
     25.   3.   0.1378500000E+02   0.0000000000E+00   0.8371000000E+02   0.1501068052E+03   0.0000000000E+00   0.0000000000E+00   0.1124650585E+00
     25.   4.   0.1378500000E+02   0.0000000000E+00   0.8371000000E+02   0.1501135567E+03   0.0000000000E+00   0.0000000000E+00   0.1124744997E+00
     25.   5.   0.1378500000E+02   0.0000000000E+00   0.8371000000E+02   0.1501154157E+03   0.0000000000E+00   0.0000000000E+00   0.1124770339E+00
     25.   6.   0.1378500000E+02   0.0000000000E+00   0.8371000000E+02   0.1501161515E+03   0.0000000000E+00   0.0000000000E+00   0.1124780040E+00
     26.   1.   0.1383057187E+02   0.0000000000E+00   0.8364709799E+02   0.1489741941E+03   0.0000000000E+00   0.0000000000E+00   0.1126639977E+00
     26.   2.   0.1383057187E+02   0.0000000000E+00   0.8364709799E+02   0.1501034439E+03   0.0000000000E+00   0.0000000000E+00   0.1124639505E+00
     26.   3.   0.1383057187E+02   0.0000000000E+00   0.8364709799E+02   0.1501498767E+03   0.0000000000E+00   0.0000000000E+00   0.1125279168E+00
     26.   4.   0.1383057187E+02   0.0000000000E+00   0.8364709799E+02   0.1501566220E+03   0.0000000000E+00   0.0000000000E+00   0.1125373505E+00
     26.   5.   0.1383057187E+02   0.0000000000E+00   0.8364709799E+02   0.1501584830E+03   0.0000000000E+00   0.0000000000E+00   0.1125398867E+00
     26.   6.   0.1383057187E+02   0.0000000000E+00   0.8364709799E+02   0.1501592223E+03   0.0000000000E+00   0.0000000000E+00   0.1125408600E+00
     27.   1.   0.1387332215E+02   0.0000000000E+00   0.8358382550E+02   0.1491135054E+03   0.0000000000E+00   0.0000000000E+00   0.1128023616E+00
     27.   2.   0.1387332215E+02   0.0000000000E+00   0.8358382550E+02   0.1501970006E+03   0.0000000000E+00   0.0000000000E+00   0.1126024160E+00
     27.   3.   0.1387332215E+02   0.0000000000E+00   0.8358382550E+02   0.1502433718E+03   0.0000000000E+00   0.0000000000E+00   0.1126663684E+00
     27.   4.   0.1387332215E+02   0.0000000000E+00   0.8358382550E+02   0.1502501132E+03   0.0000000000E+00   0.0000000000E+00   0.1126758018E+00
     27.   5.   0.1387332215E+02   0.0000000000E+00   0.8358382550E+02   0.1502519768E+03   0.0000000000E+00   0.0000000000E+00   0.1126783412E+00
     27.   6.   0.1387332215E+02   0.0000000000E+00   0.8358382550E+02   0.1502527196E+03   0.0000000000E+00   0.0000000000E+00   0.1126793184E+00
     28.   1.   0.1391330861E+02   0.0000000000E+00   0.8352032641E+02   0.1493023824E+03   0.0000000000E+00   0.0000000000E+00   0.1130104743E+00
     28.   2.   0.1391330861E+02   0.0000000000E+00   0.8352032641E+02   0.1503368970E+03   0.0000000000E+00   0.0000000000E+00   0.1128104808E+00
     28.   3.   0.1391330861E+02   0.0000000000E+00   0.8352032641E+02   0.1503832243E+03   0.0000000000E+00   0.0000000000E+00   0.1128744656E+00
     28.   4.   0.1391330861E+02   0.0000000000E+00   0.8352032641E+02   0.1503899644E+03   0.0000000000E+00   0.0000000000E+00   0.1128839051E+00
     28.   5.   0.1391330861E+02   0.0000000000E+00   0.8352032641E+02   0.1503918308E+03   0.0000000000E+00   0.0000000000E+00   0.1128864496E+00
     28.   6.   0.1391330861E+02   0.0000000000E+00   0.8352032641E+02   0.1503925772E+03   0.0000000000E+00   0.0000000000E+00   0.1128874309E+00
     29.   1.   0.1395059585E+02   0.0000000000E+00   0.8345673575E+02   0.1495377057E+03   0.0000000000E+00   0.0000000000E+00   0.1132828365E+00
     29.   2.   0.1395059585E+02   0.0000000000E+00   0.8345673575E+02   0.1505193220E+03   0.0000000000E+00   0.0000000000E+00   0.1130826386E+00
     29.   3.   0.1395059585E+02   0.0000000000E+00   0.8345673575E+02   0.1505656236E+03   0.0000000000E+00   0.0000000000E+00   0.1131466992E+00
     29.   4.   0.1395059585E+02   0.0000000000E+00   0.8345673575E+02   0.1505723647E+03   0.0000000000E+00   0.0000000000E+00   0.1131561512E+00
     29.   5.   0.1395059585E+02   0.0000000000E+00   0.8345673575E+02   0.1505742344E+03   0.0000000000E+00   0.0000000000E+00   0.1131587022E+00
     29.   6.   0.1395059585E+02   0.0000000000E+00   0.8345673575E+02   0.1505749843E+03   0.0000000000E+00   0.0000000000E+00   0.1131596878E+00
     30.   1.   0.1398525437E+02   0.0000000000E+00   0.8339317965E+02   0.1498167906E+03   0.0000000000E+00   0.0000000000E+00   0.1136142463E+00
     30.   2.   0.1398525437E+02   0.0000000000E+00   0.8339317965E+02   0.1507406601E+03   0.0000000000E+00   0.0000000000E+00   0.1134137277E+00
     30.   3.   0.1398525437E+02   0.0000000000E+00   0.8339317965E+02   0.1507869516E+03   0.0000000000E+00   0.0000000000E+00   0.1134779028E+00
     30.   4.   0.1398525437E+02   0.0000000000E+00   0.8339317965E+02   0.1507936955E+03   0.0000000000E+00   0.0000000000E+00   0.1134873731E+00
     30.   5.   0.1398525437E+02   0.0000000000E+00   0.8339317965E+02   0.1507955689E+03   0.0000000000E+00   0.0000000000E+00   0.1134899315E+00
     30.   6.   0.1398525437E+02   0.0000000000E+00   0.8339317965E+02   0.1507963222E+03   0.0000000000E+00   0.0000000000E+00   0.1134909219E+00
     31.   1.   0.1401735955E+02   0.0000000000E+00   0.8332977528E+02   0.1501380379E+03   0.0000000000E+00   0.0000000000E+00   0.1139999086E+00
     31.   2.   0.1401735955E+02   0.0000000000E+00   0.8332977528E+02   0.1509975028E+03   0.0000000000E+00   0.0000000000E+00   0.1137989462E+00
     31.   3.   0.1401735955E+02   0.0000000000E+00   0.8332977528E+02   0.1510437991E+03   0.0000000000E+00   0.0000000000E+00   0.1138632727E+00
     31.   4.   0.1401735955E+02   0.0000000000E+00   0.8332977528E+02   0.1510505481E+03   0.0000000000E+00   0.0000000000E+00   0.1138727663E+00
     31.   5.   0.1401735955E+02   0.0000000000E+00   0.8332977528E+02   0.1510524253E+03   0.0000000000E+00   0.0000000000E+00   0.1138753336E+00
     31.   6.   0.1401735955E+02   0.0000000000E+00   0.8332977528E+02   0.1510531821E+03   0.0000000000E+00   0.0000000000E+00   0.1138763290E+00
     32.   1.   0.1404699081E+02   0.0000000000E+00   0.8326663093E+02   0.1505014807E+03   0.0000000000E+00   0.0000000000E+00   0.1144352692E+00
     32.   2.   0.1404699081E+02   0.0000000000E+00   0.8326663093E+02   0.1512866127E+03   0.0000000000E+00   0.0000000000E+00   0.1142337756E+00
     32.   3.   0.1404699081E+02   0.0000000000E+00   0.8326663093E+02   0.1513329270E+03   0.0000000000E+00   0.0000000000E+00   0.1142982859E+00
     32.   4.   0.1404699081E+02   0.0000000000E+00   0.8326663093E+02   0.1513396826E+03   0.0000000000E+00   0.0000000000E+00   0.1143078079E+00
     32.   5.   0.1404699081E+02   0.0000000000E+00   0.8326663093E+02   0.1513415643E+03   0.0000000000E+00   0.0000000000E+00   0.1143103851E+00
     32.   6.   0.1404699081E+02   0.0000000000E+00   0.8326663093E+02   0.1513423244E+03   0.0000000000E+00   0.0000000000E+00   0.1143113857E+00
     33.   1.   0.1407423077E+02   0.0000000000E+00   0.8320384615E+02   0.1509099308E+03   0.0000000000E+00   0.0000000000E+00   0.1149161375E+00
     33.   2.   0.1407423077E+02   0.0000000000E+00   0.8320384615E+02   0.1516049256E+03   0.0000000000E+00   0.0000000000E+00   0.1147140167E+00
     33.   3.   0.1407423077E+02   0.0000000000E+00   0.8320384615E+02   0.1516512712E+03   0.0000000000E+00   0.0000000000E+00   0.1147787413E+00
     33.   4.   0.1407423077E+02   0.0000000000E+00   0.8320384615E+02   0.1516580352E+03   0.0000000000E+00   0.0000000000E+00   0.1147882956E+00
     33.   5.   0.1407423077E+02   0.0000000000E+00   0.8320384615E+02   0.1516599213E+03   0.0000000000E+00   0.0000000000E+00   0.1147908836E+00
     33.   6.   0.1407423077E+02   0.0000000000E+00   0.8320384615E+02   0.1516606848E+03   0.0000000000E+00   0.0000000000E+00   0.1147918896E+00
     34.   1.   0.1409916446E+02   0.0000000000E+00   0.8314151194E+02   0.1513696084E+03   0.0000000000E+00   0.0000000000E+00   0.1154385723E+00
     34.   2.   0.1409916446E+02   0.0000000000E+00   0.8314151194E+02   0.1519494601E+03   0.0000000000E+00   0.0000000000E+00   0.1152357343E+00
     34.   3.   0.1409916446E+02   0.0000000000E+00   0.8314151194E+02   0.1519958482E+03   0.0000000000E+00   0.0000000000E+00   0.1153007005E+00
     34.   4.   0.1409916446E+02   0.0000000000E+00   0.8314151194E+02   0.1520026217E+03   0.0000000000E+00   0.0000000000E+00   0.1153102916E+00
     34.   5.   0.1409916446E+02   0.0000000000E+00   0.8314151194E+02   0.1520045124E+03   0.0000000000E+00   0.0000000000E+00   0.1153128910E+00
     34.   6.   0.1409916446E+02   0.0000000000E+00   0.8314151194E+02   0.1520052794E+03   0.0000000000E+00   0.0000000000E+00   0.1153139028E+00
     35.   1.   0.1412187861E+02   0.0000000000E+00   0.8307971098E+02   0.1518878065E+03   0.0000000000E+00   0.0000000000E+00   0.1159989301E+00
     35.   2.   0.1412187861E+02   0.0000000000E+00   0.8307971098E+02   0.1523174107E+03   0.0000000000E+00   0.0000000000E+00   0.1157952932E+00
     35.   3.   0.1412187861E+02   0.0000000000E+00   0.8307971098E+02   0.1523638518E+03   0.0000000000E+00   0.0000000000E+00   0.1158605277E+00
     35.   4.   0.1412187861E+02   0.0000000000E+00   0.8307971098E+02   0.1523706364E+03   0.0000000000E+00   0.0000000000E+00   0.1158701586E+00
     35.   5.   0.1412187861E+02   0.0000000000E+00   0.8307971098E+02   0.1523725321E+03   0.0000000000E+00   0.0000000000E+00   0.1158727707E+00
     35.   6.   0.1412187861E+02   0.0000000000E+00   0.8307971098E+02   0.1523733024E+03   0.0000000000E+00   0.0000000000E+00   0.1158737882E+00
     36.   1.   0.1414246104E+02   0.0000000000E+00   0.8301851799E+02   0.1524611125E+03   0.0000000000E+00   0.0000000000E+00   0.1165937815E+00
     36.   2.   0.1414246104E+02   0.0000000000E+00   0.8301851799E+02   0.1527062308E+03   0.0000000000E+00   0.0000000000E+00   0.1163892584E+00
     36.   3.   0.1414246104E+02   0.0000000000E+00   0.8301851799E+02   0.1527527354E+03   0.0000000000E+00   0.0000000000E+00   0.1164547845E+00
     36.   4.   0.1414246104E+02   0.0000000000E+00   0.8301851799E+02   0.1527595326E+03   0.0000000000E+00   0.0000000000E+00   0.1164644594E+00
     36.   5.   0.1414246104E+02   0.0000000000E+00   0.8301851799E+02   0.1527614336E+03   0.0000000000E+00   0.0000000000E+00   0.1164670848E+00
     36.   6.   0.1414246104E+02   0.0000000000E+00   0.8301851799E+02   0.1527622071E+03   0.0000000000E+00   0.0000000000E+00   0.1164681083E+00
     37.   1.   0.1416100000E+02   0.0000000000E+00   0.8295800000E+02   0.1530602044E+03   0.0000000000E+00   0.0000000000E+00   0.1172199412E+00
     37.   2.   0.1416100000E+02   0.0000000000E+00   0.8295800000E+02   0.1531139660E+03   0.0000000000E+00   0.0000000000E+00   0.1170144656E+00
     37.   3.   0.1416100000E+02   0.0000000000E+00   0.8295800000E+02   0.1531605434E+03   0.0000000000E+00   0.0000000000E+00   0.1170803054E+00
     37.   4.   0.1416100000E+02   0.0000000000E+00   0.8295800000E+02   0.1531673543E+03   0.0000000000E+00   0.0000000000E+00   0.1170900269E+00
     37.   5.   0.1416100000E+02   0.0000000000E+00   0.8295800000E+02   0.1531692605E+03   0.0000000000E+00   0.0000000000E+00   0.1170926663E+00
     37.   6.   0.1416100000E+02   0.0000000000E+00   0.8295800000E+02   0.1531700372E+03   0.0000000000E+00   0.0000000000E+00   0.1170936957E+00
     38.   1.   0.1417758372E+02   0.0000000000E+00   0.8289821672E+02   0.1536355130E+03   0.0000000000E+00   0.0000000000E+00   0.1178744352E+00
     38.   2.   0.1417758372E+02   0.0000000000E+00   0.8289821672E+02   0.1535392707E+03   0.0000000000E+00   0.0000000000E+00   0.1176679496E+00
     38.   3.   0.1417758372E+02   0.0000000000E+00   0.8289821672E+02   0.1535859290E+03   0.0000000000E+00   0.0000000000E+00   0.1177341216E+00
     38.   4.   0.1417758372E+02   0.0000000000E+00   0.8289821672E+02   0.1535927547E+03   0.0000000000E+00   0.0000000000E+00   0.1177438932E+00
     38.   5.   0.1417758372E+02   0.0000000000E+00   0.8289821672E+02   0.1535946664E+03   0.0000000000E+00   0.0000000000E+00   0.1177465469E+00
     38.   6.   0.1417758372E+02   0.0000000000E+00   0.8289821672E+02   0.1535954462E+03   0.0000000000E+00   0.0000000000E+00   0.1177475824E+00
     39.   1.   0.1419229989E+02   0.0000000000E+00   0.8283922092E+02   0.1541563690E+03   0.0000000000E+00   0.0000000000E+00   0.1185545451E+00
     39.   2.   0.1419229989E+02   0.0000000000E+00   0.8283922092E+02   0.1539809003E+03   0.0000000000E+00   0.0000000000E+00   0.1183469868E+00
     39.   3.   0.1419229989E+02   0.0000000000E+00   0.8283922092E+02   0.1540276477E+03   0.0000000000E+00   0.0000000000E+00   0.1184135094E+00
     39.   4.   0.1419229989E+02   0.0000000000E+00   0.8283922092E+02   0.1540344888E+03   0.0000000000E+00   0.0000000000E+00   0.1184233328E+00
     39.   5.   0.1419229989E+02   0.0000000000E+00   0.8283922092E+02   0.1540364061E+03   0.0000000000E+00   0.0000000000E+00   0.1184260016E+00
     39.   6.   0.1419229989E+02   0.0000000000E+00   0.8283922092E+02   0.1540371890E+03   0.0000000000E+00   0.0000000000E+00   0.1184270435E+00
     40.   1.   0.1420523529E+02   0.0000000000E+00   0.8278105882E+02   0.1546321172E+03   0.0000000000E+00   0.0000000000E+00   0.1192576786E+00
     40.   2.   0.1420523529E+02   0.0000000000E+00   0.8278105882E+02   0.1544371642E+03   0.0000000000E+00   0.0000000000E+00   0.1190489978E+00
     40.   3.   0.1420523529E+02   0.0000000000E+00   0.8278105882E+02   0.1544840082E+03   0.0000000000E+00   0.0000000000E+00   0.1191158893E+00
     40.   4.   0.1420523529E+02   0.0000000000E+00   0.8278105882E+02   0.1544908658E+03   0.0000000000E+00   0.0000000000E+00   0.1191257671E+00
     40.   5.   0.1420523529E+02   0.0000000000E+00   0.8278105882E+02   0.1544927887E+03   0.0000000000E+00   0.0000000000E+00   0.1191284514E+00
     40.   6.   0.1420523529E+02   0.0000000000E+00   0.8278105882E+02   0.1544935747E+03   0.0000000000E+00   0.0000000000E+00   0.1191294995E+00
     41.   1.   0.1421647541E+02   0.0000000000E+00   0.8272377049E+02   0.1550901490E+03   0.0000000000E+00   0.0000000000E+00   0.1199814644E+00
     41.   2.   0.1421647541E+02   0.0000000000E+00   0.8272377049E+02   0.1549060594E+03   0.0000000000E+00   0.0000000000E+00   0.1197716201E+00
     41.   3.   0.1421647541E+02   0.0000000000E+00   0.8272377049E+02   0.1549530059E+03   0.0000000000E+00   0.0000000000E+00   0.1198388932E+00
     41.   4.   0.1421647541E+02   0.0000000000E+00   0.8272377049E+02   0.1549598808E+03   0.0000000000E+00   0.0000000000E+00   0.1198488278E+00
     41.   5.   0.1421647541E+02   0.0000000000E+00   0.8272377049E+02   0.1549618095E+03   0.0000000000E+00   0.0000000000E+00   0.1198515280E+00
     41.   6.   0.1421647541E+02   0.0000000000E+00   0.8272377049E+02   0.1549625984E+03   0.0000000000E+00   0.0000000000E+00   0.1198525825E+00
     42.   1.   0.1422610414E+02   0.0000000000E+00   0.8266739021E+02   0.1555508149E+03   0.0000000000E+00   0.0000000000E+00   0.1207237193E+00
     42.   2.   0.1422610414E+02   0.0000000000E+00   0.8266739021E+02   0.1553857038E+03   0.0000000000E+00   0.0000000000E+00   0.1205126561E+00
     42.   3.   0.1422610414E+02   0.0000000000E+00   0.8266739021E+02   0.1554327587E+03   0.0000000000E+00   0.0000000000E+00   0.1205803252E+00
     42.   4.   0.1422610414E+02   0.0000000000E+00   0.8266739021E+02   0.1554396518E+03   0.0000000000E+00   0.0000000000E+00   0.1205903181E+00
     42.   5.   0.1422610414E+02   0.0000000000E+00   0.8266739021E+02   0.1554415865E+03   0.0000000000E+00   0.0000000000E+00   0.1205930347E+00
     42.   6.   0.1422610414E+02   0.0000000000E+00   0.8266739021E+02   0.1554423783E+03   0.0000000000E+00   0.0000000000E+00   0.1205940956E+00
     43.   1.   0.1423420354E+02   0.0000000000E+00   0.8261194690E+02   0.1560224472E+03   0.0000000000E+00   0.0000000000E+00   0.1214823695E+00
     43.   2.   0.1423420354E+02   0.0000000000E+00   0.8261194690E+02   0.1558744829E+03   0.0000000000E+00   0.0000000000E+00   0.1212700622E+00
     43.   3.   0.1423420354E+02   0.0000000000E+00   0.8261194690E+02   0.1559216517E+03   0.0000000000E+00   0.0000000000E+00   0.1213381385E+00
     43.   4.   0.1423420354E+02   0.0000000000E+00   0.8261194690E+02   0.1559285634E+03   0.0000000000E+00   0.0000000000E+00   0.1213481919E+00
     43.   5.   0.1423420354E+02   0.0000000000E+00   0.8261194690E+02   0.1559305041E+03   0.0000000000E+00   0.0000000000E+00   0.1213509251E+00
     43.   6.   0.1423420354E+02   0.0000000000E+00   0.8261194690E+02   0.1559312988E+03   0.0000000000E+00   0.0000000000E+00   0.1213519925E+00
     44.   1.   0.1424085360E+02   0.0000000000E+00   0.8255746448E+02   0.1565062735E+03   0.0000000000E+00   0.0000000000E+00   0.1222555307E+00
     44.   2.   0.1424085360E+02   0.0000000000E+00   0.8255746448E+02   0.1563710285E+03   0.0000000000E+00   0.0000000000E+00   0.1220419485E+00
     44.   3.   0.1424085360E+02   0.0000000000E+00   0.8255746448E+02   0.1564183176E+03   0.0000000000E+00   0.0000000000E+00   0.1221104450E+00
     44.   4.   0.1424085360E+02   0.0000000000E+00   0.8255746448E+02   0.1564252485E+03   0.0000000000E+00   0.0000000000E+00   0.1221205603E+00
     44.   5.   0.1424085360E+02   0.0000000000E+00   0.8255746448E+02   0.1564271951E+03   0.0000000000E+00   0.0000000000E+00   0.1221233104E+00
     44.   6.   0.1424085360E+02   0.0000000000E+00   0.8255746448E+02   0.1564279927E+03   0.0000000000E+00   0.0000000000E+00   0.1221243842E+00
     45.   1.   0.1424613208E+02   0.0000000000E+00   0.8250396226E+02   0.1570007368E+03   0.0000000000E+00   0.0000000000E+00   0.1230414602E+00
     45.   2.   0.1424613208E+02   0.0000000000E+00   0.8250396226E+02   0.1568741236E+03   0.0000000000E+00   0.0000000000E+00   0.1228265568E+00
     45.   3.   0.1424613208E+02   0.0000000000E+00   0.8250396226E+02   0.1569215364E+03   0.0000000000E+00   0.0000000000E+00   0.1228954833E+00
     45.   4.   0.1424613208E+02   0.0000000000E+00   0.8250396226E+02   0.1569284873E+03   0.0000000000E+00   0.0000000000E+00   0.1229056617E+00
     45.   5.   0.1424613208E+02   0.0000000000E+00   0.8250396226E+02   0.1569304399E+03   0.0000000000E+00   0.0000000000E+00   0.1229084289E+00
     45.   6.   0.1424613208E+02   0.0000000000E+00   0.8250396226E+02   0.1569312402E+03   0.0000000000E+00   0.0000000000E+00   0.1229095093E+00
     46.   1.   0.1425011435E+02   0.0000000000E+00   0.8245145530E+02   0.1575036984E+03   0.0000000000E+00   0.0000000000E+00   0.1238385438E+00
     46.   2.   0.1425011435E+02   0.0000000000E+00   0.8245145530E+02   0.1573826681E+03   0.0000000000E+00   0.0000000000E+00   0.1236222786E+00
     46.   3.   0.1425011435E+02   0.0000000000E+00   0.8245145530E+02   0.1574302084E+03   0.0000000000E+00   0.0000000000E+00   0.1236916430E+00
     46.   4.   0.1425011435E+02   0.0000000000E+00   0.8245145530E+02   0.1574371797E+03   0.0000000000E+00   0.0000000000E+00   0.1237018861E+00
     46.   5.   0.1425011435E+02   0.0000000000E+00   0.8245145530E+02   0.1574391384E+03   0.0000000000E+00   0.0000000000E+00   0.1237046707E+00
     46.   6.   0.1425011435E+02   0.0000000000E+00   0.8245145530E+02   0.1574399414E+03   0.0000000000E+00   0.0000000000E+00   0.1237057576E+00
     47.   1.   0.1425287330E+02   0.0000000000E+00   0.8239995475E+02   0.1580131389E+03   0.0000000000E+00   0.0000000000E+00   0.1246452332E+00
     47.   2.   0.1425287330E+02   0.0000000000E+00   0.8239995475E+02   0.1578956749E+03   0.0000000000E+00   0.0000000000E+00   0.1244276130E+00
     47.   3.   0.1425287330E+02   0.0000000000E+00   0.8239995475E+02   0.1579433477E+03   0.0000000000E+00   0.0000000000E+00   0.1244974233E+00
     47.   4.   0.1425287330E+02   0.0000000000E+00   0.8239995475E+02   0.1579503395E+03   0.0000000000E+00   0.0000000000E+00   0.1245077321E+00
     47.   5.   0.1425287330E+02   0.0000000000E+00   0.8239995475E+02   0.1579523044E+03   0.0000000000E+00   0.0000000000E+00   0.1245105344E+00
     47.   6.   0.1425287330E+02   0.0000000000E+00   0.8239995475E+02   0.1579531101E+03   0.0000000000E+00   0.0000000000E+00   0.1245116277E+00
     48.   1.   0.1425447928E+02   0.0000000000E+00   0.8234946820E+02   0.1585273983E+03   0.0000000000E+00   0.0000000000E+00   0.1254601085E+00
     48.   2.   0.1425447928E+02   0.0000000000E+00   0.8234946820E+02   0.1584121642E+03   0.0000000000E+00   0.0000000000E+00   0.1252410759E+00
     48.   3.   0.1425447928E+02   0.0000000000E+00   0.8234946820E+02   0.1584599707E+03   0.0000000000E+00   0.0000000000E+00   0.1253113383E+00
     48.   4.   0.1425447928E+02   0.0000000000E+00   0.8234946820E+02   0.1584669839E+03   0.0000000000E+00   0.0000000000E+00   0.1253217135E+00
     48.   5.   0.1425447928E+02   0.0000000000E+00   0.8234946820E+02   0.1584689549E+03   0.0000000000E+00   0.0000000000E+00   0.1253245335E+00
     48.   6.   0.1425447928E+02   0.0000000000E+00   0.8234946820E+02   0.1584697631E+03   0.0000000000E+00   0.0000000000E+00   0.1253256334E+00
     49.   1.   0.1425500000E+02   0.0000000000E+00   0.8230000000E+02   0.1590488890E+03   0.0000000000E+00   0.0000000000E+00   0.1262865710E+00
     49.   2.   0.1425500000E+02   0.0000000000E+00   0.8230000000E+02   0.1589344360E+03   0.0000000000E+00   0.0000000000E+00   0.1260661842E+00
     49.   3.   0.1425500000E+02   0.0000000000E+00   0.8230000000E+02   0.1589823851E+03   0.0000000000E+00   0.0000000000E+00   0.1261368893E+00
     49.   4.   0.1425500000E+02   0.0000000000E+00   0.8230000000E+02   0.1589894211E+03   0.0000000000E+00   0.0000000000E+00   0.1261473325E+00
     49.   5.   0.1425500000E+02   0.0000000000E+00   0.8230000000E+02   0.1589913993E+03   0.0000000000E+00   0.0000000000E+00   0.1261501708E+00
     49.   6.   0.1425500000E+02   0.0000000000E+00   0.8230000000E+02   0.1589922109E+03   0.0000000000E+00   0.0000000000E+00   0.1261512778E+00
     50.   1.   0.1425447928E+02   0.0000000000E+00   0.8225053180E+02   0.1595831713E+03   0.0000000000E+00   0.0000000000E+00   0.1271360226E+00
     50.   2.   0.1425447928E+02   0.0000000000E+00   0.8225053180E+02   0.1594672726E+03   0.0000000000E+00   0.0000000000E+00   0.1269140601E+00
     50.   3.   0.1425447928E+02   0.0000000000E+00   0.8225053180E+02   0.1595153977E+03   0.0000000000E+00   0.0000000000E+00   0.1269852612E+00
     50.   4.   0.1425447928E+02   0.0000000000E+00   0.8225053180E+02   0.1595224575E+03   0.0000000000E+00   0.0000000000E+00   0.1269957743E+00
     50.   5.   0.1425447928E+02   0.0000000000E+00   0.8225053180E+02   0.1595244414E+03   0.0000000000E+00   0.0000000000E+00   0.1269986307E+00
     50.   6.   0.1425447928E+02   0.0000000000E+00   0.8225053180E+02   0.1595252550E+03   0.0000000000E+00   0.0000000000E+00   0.1269997437E+00
     51.   1.   0.1425287330E+02   0.0000000000E+00   0.8220004525E+02   0.1601410427E+03   0.0000000000E+00   0.0000000000E+00   0.1280234341E+00
     51.   2.   0.1425287330E+02   0.0000000000E+00   0.8220004525E+02   0.1600222051E+03   0.0000000000E+00   0.0000000000E+00   0.1277999056E+00
     51.   3.   0.1425287330E+02   0.0000000000E+00   0.8220004525E+02   0.1600705201E+03   0.0000000000E+00   0.0000000000E+00   0.1278716087E+00
     51.   4.   0.1425287330E+02   0.0000000000E+00   0.8220004525E+02   0.1600776060E+03   0.0000000000E+00   0.0000000000E+00   0.1278821956E+00
     51.   5.   0.1425287330E+02   0.0000000000E+00   0.8220004525E+02   0.1600795971E+03   0.0000000000E+00   0.0000000000E+00   0.1278850714E+00
     51.   6.   0.1425287330E+02   0.0000000000E+00   0.8220004525E+02   0.1600804133E+03   0.0000000000E+00   0.0000000000E+00   0.1278861911E+00
     52.   1.   0.1425011435E+02   0.0000000000E+00   0.8214854470E+02   0.1607256275E+03   0.0000000000E+00   0.0000000000E+00   0.1289545624E+00
     52.   2.   0.1425011435E+02   0.0000000000E+00   0.8214854470E+02   0.1606024372E+03   0.0000000000E+00   0.0000000000E+00   0.1287293461E+00
     52.   3.   0.1425011435E+02   0.0000000000E+00   0.8214854470E+02   0.1606509503E+03   0.0000000000E+00   0.0000000000E+00   0.1288015776E+00
     52.   4.   0.1425011435E+02   0.0000000000E+00   0.8214854470E+02   0.1606580640E+03   0.0000000000E+00   0.0000000000E+00   0.1288122418E+00
     52.   5.   0.1425011435E+02   0.0000000000E+00   0.8214854470E+02   0.1606600624E+03   0.0000000000E+00   0.0000000000E+00   0.1288151377E+00
     52.   6.   0.1425011435E+02   0.0000000000E+00   0.8214854470E+02   0.1606608814E+03   0.0000000000E+00   0.0000000000E+00   0.1288162646E+00
     53.   1.   0.1424613208E+02   0.0000000000E+00   0.8209603774E+02   0.1613386385E+03   0.0000000000E+00   0.0000000000E+00   0.1299313799E+00
     53.   2.   0.1424613208E+02   0.0000000000E+00   0.8209603774E+02   0.1612089501E+03   0.0000000000E+00   0.0000000000E+00   0.1297044205E+00
     53.   3.   0.1424613208E+02   0.0000000000E+00   0.8209603774E+02   0.1612576732E+03   0.0000000000E+00   0.0000000000E+00   0.1297772085E+00
     53.   4.   0.1424613208E+02   0.0000000000E+00   0.8209603774E+02   0.1612648158E+03   0.0000000000E+00   0.0000000000E+00   0.1297879542E+00
     53.   5.   0.1424613208E+02   0.0000000000E+00   0.8209603774E+02   0.1612668219E+03   0.0000000000E+00   0.0000000000E+00   0.1297908713E+00
     53.   6.   0.1424613208E+02   0.0000000000E+00   0.8209603774E+02   0.1612676438E+03   0.0000000000E+00   0.0000000000E+00   0.1297920056E+00
     54.   1.   0.1424085360E+02   0.0000000000E+00   0.8204253552E+02   0.1619821400E+03   0.0000000000E+00   0.0000000000E+00   0.1309559665E+00
     54.   2.   0.1424085360E+02   0.0000000000E+00   0.8204253552E+02   0.1618426932E+03   0.0000000000E+00   0.0000000000E+00   0.1307271577E+00
     54.   3.   0.1424085360E+02   0.0000000000E+00   0.8204253552E+02   0.1618916372E+03   0.0000000000E+00   0.0000000000E+00   0.1308005314E+00
     54.   4.   0.1424085360E+02   0.0000000000E+00   0.8204253552E+02   0.1618988102E+03   0.0000000000E+00   0.0000000000E+00   0.1308113630E+00
     54.   5.   0.1424085360E+02   0.0000000000E+00   0.8204253552E+02   0.1619008243E+03   0.0000000000E+00   0.0000000000E+00   0.1308143024E+00
     54.   6.   0.1424085360E+02   0.0000000000E+00   0.8204253552E+02   0.1619016491E+03   0.0000000000E+00   0.0000000000E+00   0.1308154443E+00
     55.   1.   0.1423420354E+02   0.0000000000E+00   0.8198805310E+02   0.1626582733E+03   0.0000000000E+00   0.0000000000E+00   0.1320304431E+00
     55.   2.   0.1423420354E+02   0.0000000000E+00   0.8198805310E+02   0.1625046496E+03   0.0000000000E+00   0.0000000000E+00   0.1317996678E+00
     55.   3.   0.1423420354E+02   0.0000000000E+00   0.8198805310E+02   0.1625538252E+03   0.0000000000E+00   0.0000000000E+00   0.1318736582E+00
     55.   4.   0.1423420354E+02   0.0000000000E+00   0.8198805310E+02   0.1625610304E+03   0.0000000000E+00   0.0000000000E+00   0.1318845804E+00
     55.   5.   0.1423420354E+02   0.0000000000E+00   0.8198805310E+02   0.1625630528E+03   0.0000000000E+00   0.0000000000E+00   0.1318875431E+00
     55.   6.   0.1423420354E+02   0.0000000000E+00   0.8198805310E+02   0.1625638805E+03   0.0000000000E+00   0.0000000000E+00   0.1318886930E+00
     56.   1.   0.1422610414E+02   0.0000000000E+00   0.8193260979E+02   0.1633685371E+03   0.0000000000E+00   0.0000000000E+00   0.1331570257E+00
     56.   2.   0.1422610414E+02   0.0000000000E+00   0.8193260979E+02   0.1631958734E+03   0.0000000000E+00   0.0000000000E+00   0.1329241844E+00
     56.   3.   0.1422610414E+02   0.0000000000E+00   0.8193260979E+02   0.1632452936E+03   0.0000000000E+00   0.0000000000E+00   0.1329988266E+00
     56.   4.   0.1422610414E+02   0.0000000000E+00   0.8193260979E+02   0.1632525326E+03   0.0000000000E+00   0.0000000000E+00   0.1330098439E+00
     56.   5.   0.1422610414E+02   0.0000000000E+00   0.8193260979E+02   0.1632545636E+03   0.0000000000E+00   0.0000000000E+00   0.1330128310E+00
     56.   6.   0.1422610414E+02   0.0000000000E+00   0.8193260979E+02   0.1632553942E+03   0.0000000000E+00   0.0000000000E+00   0.1330139890E+00
     57.   1.   0.1421647541E+02   0.0000000000E+00   0.8187622951E+02   0.1641114259E+03   0.0000000000E+00   0.0000000000E+00   0.1343380307E+00
     57.   2.   0.1421647541E+02   0.0000000000E+00   0.8187622951E+02   0.1639174981E+03   0.0000000000E+00   0.0000000000E+00   0.1341030310E+00
     57.   3.   0.1421647541E+02   0.0000000000E+00   0.8187622951E+02   0.1639671761E+03   0.0000000000E+00   0.0000000000E+00   0.1341783587E+00
     57.   4.   0.1421647541E+02   0.0000000000E+00   0.8187622951E+02   0.1639744503E+03   0.0000000000E+00   0.0000000000E+00   0.1341894763E+00
     57.   5.   0.1421647541E+02   0.0000000000E+00   0.8187622951E+02   0.1639764902E+03   0.0000000000E+00   0.0000000000E+00   0.1341924887E+00
     57.   6.   0.1421647541E+02   0.0000000000E+00   0.8187622951E+02   0.1639773238E+03   0.0000000000E+00   0.0000000000E+00   0.1341936553E+00
     58.   1.   0.1420523529E+02   0.0000000000E+00   0.8181894118E+02   0.1648776422E+03   0.0000000000E+00   0.0000000000E+00   0.1355759446E+00
     58.   2.   0.1420523529E+02   0.0000000000E+00   0.8181894118E+02   0.1646708121E+03   0.0000000000E+00   0.0000000000E+00   0.1353386550E+00
     58.   3.   0.1420523529E+02   0.0000000000E+00   0.8181894118E+02   0.1647207608E+03   0.0000000000E+00   0.0000000000E+00   0.1354147050E+00
     58.   4.   0.1420523529E+02   0.0000000000E+00   0.8181894118E+02   0.1647280720E+03   0.0000000000E+00   0.0000000000E+00   0.1354259279E+00
     58.   5.   0.1420523529E+02   0.0000000000E+00   0.8181894118E+02   0.1647301212E+03   0.0000000000E+00   0.0000000000E+00   0.1354289670E+00
     58.   6.   0.1420523529E+02   0.0000000000E+00   0.8181894118E+02   0.1647309579E+03   0.0000000000E+00   0.0000000000E+00   0.1354301425E+00
     59.   1.   0.1419229989E+02   0.0000000000E+00   0.8176077908E+02   0.1656445610E+03   0.0000000000E+00   0.0000000000E+00   0.1368733047E+00
     59.   2.   0.1419229989E+02   0.0000000000E+00   0.8176077908E+02   0.1654573309E+03   0.0000000000E+00   0.0000000000E+00   0.1366336140E+00
     59.   3.   0.1419229989E+02   0.0000000000E+00   0.8176077908E+02   0.1655075630E+03   0.0000000000E+00   0.0000000000E+00   0.1367104222E+00
     59.   4.   0.1419229989E+02   0.0000000000E+00   0.8176077908E+02   0.1655149131E+03   0.0000000000E+00   0.0000000000E+00   0.1367217561E+00
     59.   5.   0.1419229989E+02   0.0000000000E+00   0.8176077908E+02   0.1655169721E+03   0.0000000000E+00   0.0000000000E+00   0.1367248234E+00
     59.   6.   0.1419229989E+02   0.0000000000E+00   0.8176077908E+02   0.1655178118E+03   0.0000000000E+00   0.0000000000E+00   0.1367260082E+00
     60.   1.   0.1417758372E+02   0.0000000000E+00   0.8170178328E+02   0.1663811448E+03   0.0000000000E+00   0.0000000000E+00   0.1382327996E+00
     60.   2.   0.1417758372E+02   0.0000000000E+00   0.8170178328E+02   0.1662786132E+03   0.0000000000E+00   0.0000000000E+00   0.1379905838E+00
     60.   3.   0.1417758372E+02   0.0000000000E+00   0.8170178328E+02   0.1663291434E+03   0.0000000000E+00   0.0000000000E+00   0.1380681915E+00
     60.   4.   0.1417758372E+02   0.0000000000E+00   0.8170178328E+02   0.1663365344E+03   0.0000000000E+00   0.0000000000E+00   0.1380796426E+00
     60.   5.   0.1417758372E+02   0.0000000000E+00   0.8170178328E+02   0.1663386033E+03   0.0000000000E+00   0.0000000000E+00   0.1380827392E+00
     60.   6.   0.1417758372E+02   0.0000000000E+00   0.8170178328E+02   0.1663394462E+03   0.0000000000E+00   0.0000000000E+00   0.1380839334E+00
     61.   1.   0.1416100000E+02   0.0000000000E+00   0.8164200000E+02   0.1670750425E+03   0.0000000000E+00   0.0000000000E+00   0.1396572903E+00
     61.   2.   0.1416100000E+02   0.0000000000E+00   0.8164200000E+02   0.1671358174E+03   0.0000000000E+00   0.0000000000E+00   0.1394124066E+00
     61.   3.   0.1416100000E+02   0.0000000000E+00   0.8164200000E+02   0.1671866607E+03   0.0000000000E+00   0.0000000000E+00   0.1394908568E+00
     61.   4.   0.1416100000E+02   0.0000000000E+00   0.8164200000E+02   0.1671940943E+03   0.0000000000E+00   0.0000000000E+00   0.1395024302E+00
     61.   5.   0.1416100000E+02   0.0000000000E+00   0.8164200000E+02   0.1671961736E+03   0.0000000000E+00   0.0000000000E+00   0.1395055576E+00
     61.   6.   0.1416100000E+02   0.0000000000E+00   0.8164200000E+02   0.1671970196E+03   0.0000000000E+00   0.0000000000E+00   0.1395067618E+00
     62.   1.   0.1414246104E+02   0.0000000000E+00   0.8158148201E+02   0.1677573730E+03   0.0000000000E+00   0.0000000000E+00   0.1411497103E+00
     62.   2.   0.1414246104E+02   0.0000000000E+00   0.8158148201E+02   0.1680294408E+03   0.0000000000E+00   0.0000000000E+00   0.1409020236E+00
     62.   3.   0.1414246104E+02   0.0000000000E+00   0.8158148201E+02   0.1680806123E+03   0.0000000000E+00   0.0000000000E+00   0.1409813585E+00
     62.   4.   0.1414246104E+02   0.0000000000E+00   0.8158148201E+02   0.1680880905E+03   0.0000000000E+00   0.0000000000E+00   0.1409930613E+00
     62.   5.   0.1414246104E+02   0.0000000000E+00   0.8158148201E+02   0.1680901806E+03   0.0000000000E+00   0.0000000000E+00   0.1409962208E+00
     62.   6.   0.1414246104E+02   0.0000000000E+00   0.8158148201E+02   0.1680910299E+03   0.0000000000E+00   0.0000000000E+00   0.1409974353E+00
     63.   1.   0.1412187861E+02   0.0000000000E+00   0.8152028902E+02   0.1684809333E+03   0.0000000000E+00   0.0000000000E+00   0.1427132051E+00
     63.   2.   0.1412187861E+02   0.0000000000E+00   0.8152028902E+02   0.1689599653E+03   0.0000000000E+00   0.0000000000E+00   0.1424625692E+00
     63.   3.   0.1412187861E+02   0.0000000000E+00   0.8152028902E+02   0.1690114808E+03   0.0000000000E+00   0.0000000000E+00   0.1425428366E+00
     63.   4.   0.1412187861E+02   0.0000000000E+00   0.8152028902E+02   0.1690190057E+03   0.0000000000E+00   0.0000000000E+00   0.1425546749E+00
     63.   5.   0.1412187861E+02   0.0000000000E+00   0.8152028902E+02   0.1690211069E+03   0.0000000000E+00   0.0000000000E+00   0.1425578680E+00
     63.   6.   0.1412187861E+02   0.0000000000E+00   0.8152028902E+02   0.1690219593E+03   0.0000000000E+00   0.0000000000E+00   0.1425590931E+00
     64.   1.   0.1409916446E+02   0.0000000000E+00   0.8145848806E+02   0.1692773112E+03   0.0000000000E+00   0.0000000000E+00   0.1443510529E+00
     64.   2.   0.1409916446E+02   0.0000000000E+00   0.8145848806E+02   0.1699283578E+03   0.0000000000E+00   0.0000000000E+00   0.1440973051E+00
     64.   3.   0.1409916446E+02   0.0000000000E+00   0.8145848806E+02   0.1699802355E+03   0.0000000000E+00   0.0000000000E+00   0.1441785539E+00
     64.   4.   0.1409916446E+02   0.0000000000E+00   0.8145848806E+02   0.1699878092E+03   0.0000000000E+00   0.0000000000E+00   0.1441905356E+00
     64.   5.   0.1409916446E+02   0.0000000000E+00   0.8145848806E+02   0.1699899219E+03   0.0000000000E+00   0.0000000000E+00   0.1441937638E+00
     64.   6.   0.1409916446E+02   0.0000000000E+00   0.8145848806E+02   0.1699907775E+03   0.0000000000E+00   0.0000000000E+00   0.1441950000E+00
     65.   1.   0.1407423077E+02   0.0000000000E+00   0.8139615385E+02   0.1701497657E+03   0.0000000000E+00   0.0000000000E+00   0.1460667455E+00
     65.   2.   0.1407423077E+02   0.0000000000E+00   0.8139615385E+02   0.1709360878E+03   0.0000000000E+00   0.0000000000E+00   0.1458097224E+00
     65.   3.   0.1407423077E+02   0.0000000000E+00   0.8139615385E+02   0.1709883434E+03   0.0000000000E+00   0.0000000000E+00   0.1458920037E+00
     65.   4.   0.1407423077E+02   0.0000000000E+00   0.8139615385E+02   0.1709959685E+03   0.0000000000E+00   0.0000000000E+00   0.1459041356E+00
     65.   5.   0.1407423077E+02   0.0000000000E+00   0.8139615385E+02   0.1709980932E+03   0.0000000000E+00   0.0000000000E+00   0.1459074010E+00
     65.   6.   0.1407423077E+02   0.0000000000E+00   0.8139615385E+02   0.1709989519E+03   0.0000000000E+00   0.0000000000E+00   0.1459086485E+00
     66.   1.   0.1404699081E+02   0.0000000000E+00   0.8133336907E+02   0.1710894149E+03   0.0000000000E+00   0.0000000000E+00   0.1478639065E+00
     66.   2.   0.1404699081E+02   0.0000000000E+00   0.8133336907E+02   0.1719848254E+03   0.0000000000E+00   0.0000000000E+00   0.1476034358E+00
     66.   3.   0.1404699081E+02   0.0000000000E+00   0.8133336907E+02   0.1720374769E+03   0.0000000000E+00   0.0000000000E+00   0.1476868038E+00
     66.   4.   0.1404699081E+02   0.0000000000E+00   0.8133336907E+02   0.1720451554E+03   0.0000000000E+00   0.0000000000E+00   0.1476990942E+00
     66.   5.   0.1404699081E+02   0.0000000000E+00   0.8133336907E+02   0.1720472925E+03   0.0000000000E+00   0.0000000000E+00   0.1477023984E+00
     66.   6.   0.1404699081E+02   0.0000000000E+00   0.8133336907E+02   0.1720481544E+03   0.0000000000E+00   0.0000000000E+00   0.1477036576E+00
     67.   1.   0.1401735955E+02   0.0000000000E+00   0.8127022472E+02   0.1720880857E+03   0.0000000000E+00   0.0000000000E+00   0.1497464254E+00
     67.   2.   0.1401735955E+02   0.0000000000E+00   0.8127022472E+02   0.1730762596E+03   0.0000000000E+00   0.0000000000E+00   0.1494823216E+00
     67.   3.   0.1401735955E+02   0.0000000000E+00   0.8127022472E+02   0.1731293262E+03   0.0000000000E+00   0.0000000000E+00   0.1495668335E+00
     67.   4.   0.1401735955E+02   0.0000000000E+00   0.8127022472E+02   0.1731370604E+03   0.0000000000E+00   0.0000000000E+00   0.1495792897E+00
     67.   5.   0.1401735955E+02   0.0000000000E+00   0.8127022472E+02   0.1731392102E+03   0.0000000000E+00   0.0000000000E+00   0.1495826344E+00
     67.   6.   0.1401735955E+02   0.0000000000E+00   0.8127022472E+02   0.1731400754E+03   0.0000000000E+00   0.0000000000E+00   0.1495839061E+00
     68.   1.   0.1398525437E+02   0.0000000000E+00   0.8120682035E+02   0.1731410859E+03   0.0000000000E+00   0.0000000000E+00   0.1517183625E+00
     68.   2.   0.1398525437E+02   0.0000000000E+00   0.8120682035E+02   0.1742120413E+03   0.0000000000E+00   0.0000000000E+00   0.1514504601E+00
     68.   3.   0.1398525437E+02   0.0000000000E+00   0.8120682035E+02   0.1742655417E+03   0.0000000000E+00   0.0000000000E+00   0.1515361748E+00
     68.   4.   0.1398525437E+02   0.0000000000E+00   0.8120682035E+02   0.1742733342E+03   0.0000000000E+00   0.0000000000E+00   0.1515488062E+00
     68.   5.   0.1398525437E+02   0.0000000000E+00   0.8120682035E+02   0.1742754973E+03   0.0000000000E+00   0.0000000000E+00   0.1515521933E+00
     68.   6.   0.1398525437E+02   0.0000000000E+00   0.8120682035E+02   0.1742763656E+03   0.0000000000E+00   0.0000000000E+00   0.1515534777E+00
     69.   1.   0.1395059585E+02   0.0000000000E+00   0.8114326425E+02   0.1742465993E+03   0.0000000000E+00   0.0000000000E+00   0.1537841218E+00
     69.   2.   0.1395059585E+02   0.0000000000E+00   0.8114326425E+02   0.1753938701E+03   0.0000000000E+00   0.0000000000E+00   0.1535122087E+00
     69.   3.   0.1395059585E+02   0.0000000000E+00   0.8114326425E+02   0.1754478236E+03   0.0000000000E+00   0.0000000000E+00   0.1535991894E+00
     69.   4.   0.1395059585E+02   0.0000000000E+00   0.8114326425E+02   0.1754556774E+03   0.0000000000E+00   0.0000000000E+00   0.1536120051E+00
     69.   5.   0.1395059585E+02   0.0000000000E+00   0.8114326425E+02   0.1754578541E+03   0.0000000000E+00   0.0000000000E+00   0.1536154369E+00
     69.   6.   0.1395059585E+02   0.0000000000E+00   0.8114326425E+02   0.1754587256E+03   0.0000000000E+00   0.0000000000E+00   0.1536167343E+00
     70.   1.   0.1391330861E+02   0.0000000000E+00   0.8107967359E+02   0.1754044545E+03   0.0000000000E+00   0.0000000000E+00   0.1559483110E+00
     70.   2.   0.1391330861E+02   0.0000000000E+00   0.8107967359E+02   0.1766234850E+03   0.0000000000E+00   0.0000000000E+00   0.1556721655E+00
     70.   3.   0.1391330861E+02   0.0000000000E+00   0.8107967359E+02   0.1766779135E+03   0.0000000000E+00   0.0000000000E+00   0.1557604798E+00
     70.   4.   0.1391330861E+02   0.0000000000E+00   0.8107967359E+02   0.1766858306E+03   0.0000000000E+00   0.0000000000E+00   0.1557734893E+00
     70.   5.   0.1391330861E+02   0.0000000000E+00   0.8107967359E+02   0.1766880214E+03   0.0000000000E+00   0.0000000000E+00   0.1557769677E+00
     70.   6.   0.1391330861E+02   0.0000000000E+00   0.8107967359E+02   0.1766888960E+03   0.0000000000E+00   0.0000000000E+00   0.1557782789E+00
     71.   1.   0.1387332215E+02   0.0000000000E+00   0.8101617450E+02   0.1766155102E+03   0.0000000000E+00   0.0000000000E+00   0.1582158892E+00
     71.   2.   0.1387332215E+02   0.0000000000E+00   0.8101617450E+02   0.1779027121E+03   0.0000000000E+00   0.0000000000E+00   0.1579352697E+00
     71.   3.   0.1387332215E+02   0.0000000000E+00   0.8101617450E+02   0.1779576381E+03   0.0000000000E+00   0.0000000000E+00   0.1580249898E+00
     71.   4.   0.1387332215E+02   0.0000000000E+00   0.8101617450E+02   0.1779656214E+03   0.0000000000E+00   0.0000000000E+00   0.1580382032E+00
     71.   5.   0.1387332215E+02   0.0000000000E+00   0.8101617450E+02   0.1779678268E+03   0.0000000000E+00   0.0000000000E+00   0.1580417304E+00
     71.   6.   0.1387332215E+02   0.0000000000E+00   0.8101617450E+02   0.1779687045E+03   0.0000000000E+00   0.0000000000E+00   0.1580430558E+00
     72.   1.   0.1383057187E+02   0.0000000000E+00   0.8095290201E+02   0.1778809884E+03   0.0000000000E+00   0.0000000000E+00   0.1605921114E+00
     72.   2.   0.1383057187E+02   0.0000000000E+00   0.8095290201E+02   0.1792334526E+03   0.0000000000E+00   0.0000000000E+00   0.1603067927E+00
     72.   3.   0.1383057187E+02   0.0000000000E+00   0.8095290201E+02   0.1792888968E+03   0.0000000000E+00   0.0000000000E+00   0.1603979920E+00
     72.   4.   0.1383057187E+02   0.0000000000E+00   0.8095290201E+02   0.1792969497E+03   0.0000000000E+00   0.0000000000E+00   0.1604114204E+00
     72.   5.   0.1383057187E+02   0.0000000000E+00   0.8095290201E+02   0.1792991701E+03   0.0000000000E+00   0.0000000000E+00   0.1604149992E+00
     72.   6.   0.1383057187E+02   0.0000000000E+00   0.8095290201E+02   0.1793000509E+03   0.0000000000E+00   0.0000000000E+00   0.1604163393E+00
     73.   1.   0.1378500000E+02   0.0000000000E+00   0.8089000000E+02   0.1792025891E+03   0.0000000000E+00   0.0000000000E+00   0.1630827060E+00
     73.   2.   0.1378500000E+02   0.0000000000E+00   0.8089000000E+02   0.1806177518E+03   0.0000000000E+00   0.0000000000E+00   0.1627924525E+00
     73.   3.   0.1378500000E+02   0.0000000000E+00   0.8089000000E+02   0.1806737383E+03   0.0000000000E+00   0.0000000000E+00   0.1628852097E+00
     73.   4.   0.1378500000E+02   0.0000000000E+00   0.8089000000E+02   0.1806818633E+03   0.0000000000E+00   0.0000000000E+00   0.1628988645E+00
     73.   5.   0.1378500000E+02   0.0000000000E+00   0.8089000000E+02   0.1806840991E+03   0.0000000000E+00   0.0000000000E+00   0.1629024969E+00
     73.   6.   0.1378500000E+02   0.0000000000E+00   0.8089000000E+02   0.1806849829E+03   0.0000000000E+00   0.0000000000E+00   0.1629038523E+00
     74.   1.   0.1373655665E+02   0.0000000000E+00   0.8082762090E+02   0.1805821996E+03   0.0000000000E+00   0.0000000000E+00   0.1656938269E+00
     74.   2.   0.1373655665E+02   0.0000000000E+00   0.8082762090E+02   0.1820577679E+03   0.0000000000E+00   0.0000000000E+00   0.1653983497E+00
     74.   3.   0.1373655665E+02   0.0000000000E+00   0.8082762090E+02   0.1821143208E+03   0.0000000000E+00   0.0000000000E+00   0.1654927487E+00
     74.   4.   0.1373655665E+02   0.0000000000E+00   0.8082762090E+02   0.1821225212E+03   0.0000000000E+00   0.0000000000E+00   0.1655066423E+00
     74.   5.   0.1373655665E+02   0.0000000000E+00   0.8082762090E+02   0.1821247731E+03   0.0000000000E+00   0.0000000000E+00   0.1655103310E+00
     74.   6.   0.1373655665E+02   0.0000000000E+00   0.8082762090E+02   0.1821256599E+03   0.0000000000E+00   0.0000000000E+00   0.1655117024E+00
     75.   1.   0.1368520086E+02   0.0000000000E+00   0.8076592539E+02   0.1820219191E+03   0.0000000000E+00   0.0000000000E+00   0.1684320926E+00
     75.   2.   0.1368520086E+02   0.0000000000E+00   0.8076592539E+02   0.1835558336E+03   0.0000000000E+00   0.0000000000E+00   0.1681311148E+00
     75.   3.   0.1368520086E+02   0.0000000000E+00   0.8076592539E+02   0.1836129779E+03   0.0000000000E+00   0.0000000000E+00   0.1682272448E+00
     75.   4.   0.1368520086E+02   0.0000000000E+00   0.8076592539E+02   0.1836212572E+03   0.0000000000E+00   0.0000000000E+00   0.1682413899E+00
     75.   5.   0.1368520086E+02   0.0000000000E+00   0.8076592539E+02   0.1836235254E+03   0.0000000000E+00   0.0000000000E+00   0.1682451381E+00
     75.   6.   0.1368520086E+02   0.0000000000E+00   0.8076592539E+02   0.1836244152E+03   0.0000000000E+00   0.0000000000E+00   0.1682465261E+00
     76.   1.   0.1363090164E+02   0.0000000000E+00   0.8070508197E+02   0.1835241302E+03   0.0000000000E+00   0.0000000000E+00   0.1713047773E+00
     76.   2.   0.1363090164E+02   0.0000000000E+00   0.8070508197E+02   0.1851144780E+03   0.0000000000E+00   0.0000000000E+00   0.1709980279E+00
     76.   3.   0.1363090164E+02   0.0000000000E+00   0.8070508197E+02   0.1851722396E+03   0.0000000000E+00   0.0000000000E+00   0.1710959841E+00
     76.   4.   0.1363090164E+02   0.0000000000E+00   0.8070508197E+02   0.1851806008E+03   0.0000000000E+00   0.0000000000E+00   0.1711103945E+00
     76.   5.   0.1363090164E+02   0.0000000000E+00   0.8070508197E+02   0.1851828863E+03   0.0000000000E+00   0.0000000000E+00   0.1711142051E+00
     76.   6.   0.1363090164E+02   0.0000000000E+00   0.8070508197E+02   0.1851837790E+03   0.0000000000E+00   0.0000000000E+00   0.1711156106E+00
     77.   1.   0.1357363905E+02   0.0000000000E+00   0.8064526627E+02   0.1850914976E+03   0.0000000000E+00   0.0000000000E+00   0.1743198374E+00
     77.   2.   0.1357363905E+02   0.0000000000E+00   0.8064526627E+02   0.1867364191E+03   0.0000000000E+00   0.0000000000E+00   0.1740069750E+00
     77.   3.   0.1357363905E+02   0.0000000000E+00   0.8064526627E+02   0.1867948249E+03   0.0000000000E+00   0.0000000000E+00   0.1741068564E+00
     77.   4.   0.1357363905E+02   0.0000000000E+00   0.8064526627E+02   0.1868032717E+03   0.0000000000E+00   0.0000000000E+00   0.1741215468E+00
     77.   5.   0.1357363905E+02   0.0000000000E+00   0.8064526627E+02   0.1868055746E+03   0.0000000000E+00   0.0000000000E+00   0.1741254228E+00
     77.   6.   0.1357363905E+02   0.0000000000E+00   0.8064526627E+02   0.1868064702E+03   0.0000000000E+00   0.0000000000E+00   0.1741268463E+00
     78.   1.   0.1351340525E+02   0.0000000000E+00   0.8058666041E+02   0.1867269738E+03   0.0000000000E+00   0.0000000000E+00   0.1774860381E+00
     78.   2.   0.1351340525E+02   0.0000000000E+00   0.8058666041E+02   0.1884247148E+03   0.0000000000E+00   0.0000000000E+00   0.1771667252E+00
     78.   3.   0.1351340525E+02   0.0000000000E+00   0.8058666041E+02   0.1884837943E+03   0.0000000000E+00   0.0000000000E+00   0.1772686389E+00
     78.   4.   0.1351340525E+02   0.0000000000E+00   0.8058666041E+02   0.1884923302E+03   0.0000000000E+00   0.0000000000E+00   0.1772836245E+00
     78.   5.   0.1351340525E+02   0.0000000000E+00   0.8058666041E+02   0.1884946515E+03   0.0000000000E+00   0.0000000000E+00   0.1772875698E+00
     78.   6.   0.1351340525E+02   0.0000000000E+00   0.8058666041E+02   0.1884955499E+03   0.0000000000E+00   0.0000000000E+00   0.1772890122E+00
     79.   1.   0.1345020548E+02   0.0000000000E+00   0.8052945205E+02   0.1884338773E+03   0.0000000000E+00   0.0000000000E+00   0.1808131261E+00
     79.   2.   0.1345020548E+02   0.0000000000E+00   0.8052945205E+02   0.1901827367E+03   0.0000000000E+00   0.0000000000E+00   0.1804870258E+00
     79.   3.   0.1345020548E+02   0.0000000000E+00   0.8052945205E+02   0.1902425185E+03   0.0000000000E+00   0.0000000000E+00   0.1805910875E+00
     79.   4.   0.1345020548E+02   0.0000000000E+00   0.8052945205E+02   0.1902511476E+03   0.0000000000E+00   0.0000000000E+00   0.1806063853E+00
     79.   5.   0.1345020548E+02   0.0000000000E+00   0.8052945205E+02   0.1902534878E+03   0.0000000000E+00   0.0000000000E+00   0.1806104037E+00
     79.   6.   0.1345020548E+02   0.0000000000E+00   0.8052945205E+02   0.1902543890E+03   0.0000000000E+00   0.0000000000E+00   0.1806118658E+00
     80.   1.   0.1338405901E+02   0.0000000000E+00   0.8047383340E+02   0.1902160543E+03   0.0000000000E+00   0.0000000000E+00   0.1843121174E+00
     80.   2.   0.1338405901E+02   0.0000000000E+00   0.8047383340E+02   0.1920142742E+03   0.0000000000E+00   0.0000000000E+00   0.1839788254E+00
     80.   3.   0.1338405901E+02   0.0000000000E+00   0.8047383340E+02   0.1920747895E+03   0.0000000000E+00   0.0000000000E+00   0.1840851576E+00
     80.   4.   0.1338405901E+02   0.0000000000E+00   0.8047383340E+02   0.1920835159E+03   0.0000000000E+00   0.0000000000E+00   0.1841007858E+00
     80.   5.   0.1338405901E+02   0.0000000000E+00   0.8047383340E+02   0.1920858757E+03   0.0000000000E+00   0.0000000000E+00   0.1841048808E+00
     80.   6.   0.1338405901E+02   0.0000000000E+00   0.8047383340E+02   0.1920867797E+03   0.0000000000E+00   0.0000000000E+00   0.1841063639E+00
     81.   1.   0.1331500000E+02   0.0000000000E+00   0.8042000000E+02   0.1920779661E+03   0.0000000000E+00   0.0000000000E+00   0.1879955241E+00
     81.   2.   0.1331500000E+02   0.0000000000E+00   0.8042000000E+02   0.1939237206E+03   0.0000000000E+00   0.0000000000E+00   0.1876546095E+00
     81.   3.   0.1331500000E+02   0.0000000000E+00   0.8042000000E+02   0.1939850036E+03   0.0000000000E+00   0.0000000000E+00   0.1877633437E+00
     81.   4.   0.1331500000E+02   0.0000000000E+00   0.8042000000E+02   0.1939938318E+03   0.0000000000E+00   0.0000000000E+00   0.1877793220E+00
     81.   5.   0.1331500000E+02   0.0000000000E+00   0.8042000000E+02   0.1939962119E+03   0.0000000000E+00   0.0000000000E+00   0.1877834984E+00
     81.   6.   0.1331500000E+02   0.0000000000E+00   0.8042000000E+02   0.1939971186E+03   0.0000000000E+00   0.0000000000E+00   0.1877850033E+00
     82.   1.   0.1324307829E+02   0.0000000000E+00   0.8036814947E+02   0.1940246775E+03   0.0000000000E+00   0.0000000000E+00   0.1918776978E+00
     82.   2.   0.1324307829E+02   0.0000000000E+00   0.8036814947E+02   0.1959161388E+03   0.0000000000E+00   0.0000000000E+00   0.1915287354E+00
     82.   3.   0.1324307829E+02   0.0000000000E+00   0.8036814947E+02   0.1959782228E+03   0.0000000000E+00   0.0000000000E+00   0.1916400141E+00
     82.   4.   0.1324307829E+02   0.0000000000E+00   0.8036814947E+02   0.1959871571E+03   0.0000000000E+00   0.0000000000E+00   0.1916563630E+00
     82.   5.   0.1324307829E+02   0.0000000000E+00   0.8036814947E+02   0.1959895583E+03   0.0000000000E+00   0.0000000000E+00   0.1916606254E+00
     82.   6.   0.1324307829E+02   0.0000000000E+00   0.8036814947E+02   0.1959904678E+03   0.0000000000E+00   0.0000000000E+00   0.1916621534E+00
     83.   1.   0.1316836000E+02   0.0000000000E+00   0.8031848000E+02   0.1960622292E+03   0.0000000000E+00   0.0000000000E+00   0.1959753546E+00
     83.   2.   0.1316836000E+02   0.0000000000E+00   0.8031848000E+02   0.1979974470E+03   0.0000000000E+00   0.0000000000E+00   0.1956178475E+00
     83.   3.   0.1316836000E+02   0.0000000000E+00   0.8031848000E+02   0.1980603687E+03   0.0000000000E+00   0.0000000000E+00   0.1957318247E+00
     83.   4.   0.1316836000E+02   0.0000000000E+00   0.8031848000E+02   0.1980694144E+03   0.0000000000E+00   0.0000000000E+00   0.1957485671E+00
     83.   5.   0.1316836000E+02   0.0000000000E+00   0.8031848000E+02   0.1980718376E+03   0.0000000000E+00   0.0000000000E+00   0.1957529208E+00
     83.   6.   0.1316836000E+02   0.0000000000E+00   0.8031848000E+02   0.1980727500E+03   0.0000000000E+00   0.0000000000E+00   0.1957544733E+00
     84.   1.   0.1309092802E+02   0.0000000000E+00   0.8027118884E+02   0.1981977408E+03   0.0000000000E+00   0.0000000000E+00   0.2003081850E+00
     84.   2.   0.1309092802E+02   0.0000000000E+00   0.8027118884E+02   0.2001747214E+03   0.0000000000E+00   0.0000000000E+00   0.1999415989E+00
     84.   3.   0.1309092802E+02   0.0000000000E+00   0.8027118884E+02   0.2002385228E+03   0.0000000000E+00   0.0000000000E+00   0.2000584450E+00
     84.   4.   0.1309092802E+02   0.0000000000E+00   0.8027118884E+02   0.2002476850E+03   0.0000000000E+00   0.0000000000E+00   0.2000756060E+00
     84.   5.   0.1309092802E+02   0.0000000000E+00   0.8027118884E+02   0.2002501312E+03   0.0000000000E+00   0.0000000000E+00   0.2000800568E+00
     84.   6.   0.1309092802E+02   0.0000000000E+00   0.8027118884E+02   0.2002510465E+03   0.0000000000E+00   0.0000000000E+00   0.2000816353E+00
     85.   1.   0.1301088235E+02   0.0000000000E+00   0.8022647059E+02   0.2004396826E+03   0.0000000000E+00   0.0000000000E+00   0.2048996286E+00
     85.   2.   0.1301088235E+02   0.0000000000E+00   0.8022647059E+02   0.2024564456E+03   0.0000000000E+00   0.0000000000E+00   0.2045233841E+00
     85.   3.   0.1301088235E+02   0.0000000000E+00   0.8022647059E+02   0.2025211670E+03   0.0000000000E+00   0.0000000000E+00   0.2046432844E+00
     85.   4.   0.1301088235E+02   0.0000000000E+00   0.8022647059E+02   0.2025304519E+03   0.0000000000E+00   0.0000000000E+00   0.2046608918E+00
     85.   5.   0.1301088235E+02   0.0000000000E+00   0.8022647059E+02   0.2025329221E+03   0.0000000000E+00   0.0000000000E+00   0.2046654460E+00
     85.   6.   0.1301088235E+02   0.0000000000E+00   0.8022647059E+02   0.2025338406E+03   0.0000000000E+00   0.0000000000E+00   0.2046670522E+00
     86.   1.   0.1292834021E+02   0.0000000000E+00   0.8018451546E+02   0.2027983574E+03   0.0000000000E+00   0.0000000000E+00   0.2097779992E+00
     86.   2.   0.1292834021E+02   0.0000000000E+00   0.8018451546E+02   0.2048529510E+03   0.0000000000E+00   0.0000000000E+00   0.2093914741E+00
     86.   3.   0.1292834021E+02   0.0000000000E+00   0.8018451546E+02   0.2049186383E+03   0.0000000000E+00   0.0000000000E+00   0.2095146316E+00
     86.   4.   0.1292834021E+02   0.0000000000E+00   0.8018451546E+02   0.2049280518E+03   0.0000000000E+00   0.0000000000E+00   0.2095327152E+00
     86.   5.   0.1292834021E+02   0.0000000000E+00   0.8018451546E+02   0.2049305476E+03   0.0000000000E+00   0.0000000000E+00   0.2095373797E+00
     86.   6.   0.1292834021E+02   0.0000000000E+00   0.8018451546E+02   0.2049314691E+03   0.0000000000E+00   0.0000000000E+00   0.2095390158E+00
     87.   1.   0.1284343594E+02   0.0000000000E+00   0.8014550749E+02   0.2052863665E+03   0.0000000000E+00   0.0000000000E+00   0.2149781100E+00
     87.   2.   0.1284343594E+02   0.0000000000E+00   0.8014550749E+02   0.2073770382E+03   0.0000000000E+00   0.0000000000E+00   0.2145806002E+00
     87.   3.   0.1284343594E+02   0.0000000000E+00   0.8014550749E+02   0.2074437436E+03   0.0000000000E+00   0.0000000000E+00   0.2147072411E+00
     87.   4.   0.1284343594E+02   0.0000000000E+00   0.8014550749E+02   0.2074532929E+03   0.0000000000E+00   0.0000000000E+00   0.2147258356E+00
     87.   5.   0.1284343594E+02   0.0000000000E+00   0.8014550749E+02   0.2074558155E+03   0.0000000000E+00   0.0000000000E+00   0.2147306189E+00
     87.   6.   0.1284343594E+02   0.0000000000E+00   0.8014550749E+02   0.2074567405E+03   0.0000000000E+00   0.0000000000E+00   0.2147322867E+00
     88.   1.   0.1275632075E+02   0.0000000000E+00   0.8010962264E+02   0.2079193679E+03   0.0000000000E+00   0.0000000000E+00   0.2205431506E+00
     88.   2.   0.1275632075E+02   0.0000000000E+00   0.8010962264E+02   0.2100446777E+03   0.0000000000E+00   0.0000000000E+00   0.2201338660E+00
     88.   3.   0.1275632075E+02   0.0000000000E+00   0.8010962264E+02   0.2101124558E+03   0.0000000000E+00   0.0000000000E+00   0.2202642500E+00
     88.   4.   0.1275632075E+02   0.0000000000E+00   0.8010962264E+02   0.2101221490E+03   0.0000000000E+00   0.0000000000E+00   0.2202833932E+00
     88.   5.   0.1275632075E+02   0.0000000000E+00   0.8010962264E+02   0.2101246999E+03   0.0000000000E+00   0.0000000000E+00   0.2202883041E+00
     88.   6.   0.1275632075E+02   0.0000000000E+00   0.8010962264E+02   0.2101256285E+03   0.0000000000E+00   0.0000000000E+00   0.2202900059E+00
     89.   1.   0.1266716216E+02   0.0000000000E+00   0.8007702703E+02   0.2107170650E+03   0.0000000000E+00   0.0000000000E+00   0.2265277810E+00
     89.   2.   0.1266716216E+02   0.0000000000E+00   0.8007702703E+02   0.2128760773E+03   0.0000000000E+00   0.0000000000E+00   0.2261057430E+00
     89.   3.   0.1266716216E+02   0.0000000000E+00   0.8007702703E+02   0.2129449922E+03   0.0000000000E+00   0.0000000000E+00   0.2262401630E+00
     89.   4.   0.1266716216E+02   0.0000000000E+00   0.8007702703E+02   0.2129548378E+03   0.0000000000E+00   0.0000000000E+00   0.2262598986E+00
     89.   5.   0.1266716216E+02   0.0000000000E+00   0.8007702703E+02   0.2129574191E+03   0.0000000000E+00   0.0000000000E+00   0.2262649475E+00
     89.   6.   0.1266716216E+02   0.0000000000E+00   0.8007702703E+02   0.2129583516E+03   0.0000000000E+00   0.0000000000E+00   0.2262666863E+00
     90.   1.   0.1257614322E+02   0.0000000000E+00   0.8004787505E+02   0.2137045652E+03   0.0000000000E+00   0.0000000000E+00   0.2330016355E+00
     90.   2.   0.1257614322E+02   0.0000000000E+00   0.8004787505E+02   0.2158970765E+03   0.0000000000E+00   0.0000000000E+00   0.2325658219E+00
     90.   3.   0.1257614322E+02   0.0000000000E+00   0.8004787505E+02   0.2159672020E+03   0.0000000000E+00   0.0000000000E+00   0.2327046173E+00
     90.   4.   0.1257614322E+02   0.0000000000E+00   0.8004787505E+02   0.2159772103E+03   0.0000000000E+00   0.0000000000E+00   0.2327249968E+00
     90.   5.   0.1257614322E+02   0.0000000000E+00   0.8004787505E+02   0.2159798238E+03   0.0000000000E+00   0.0000000000E+00   0.2327301955E+00
     90.   6.   0.1257614322E+02   0.0000000000E+00   0.8004787505E+02   0.2159807604E+03   0.0000000000E+00   0.0000000000E+00   0.2327319742E+00
     91.   1.   0.1248346154E+02   0.0000000000E+00   0.8002230769E+02   0.2169140604E+03   0.0000000000E+00   0.0000000000E+00   0.2400547723E+00
     91.   2.   0.1248346154E+02   0.0000000000E+00   0.8002230769E+02   0.2191408897E+03   0.0000000000E+00   0.0000000000E+00   0.2396039966E+00
     91.   3.   0.1248346154E+02   0.0000000000E+00   0.8002230769E+02   0.2192123083E+03   0.0000000000E+00   0.0000000000E+00   0.2397475655E+00
     91.   4.   0.1248346154E+02   0.0000000000E+00   0.8002230769E+02   0.2192224911E+03   0.0000000000E+00   0.0000000000E+00   0.2397686466E+00
     91.   5.   0.1248346154E+02   0.0000000000E+00   0.8002230769E+02   0.2192251398E+03   0.0000000000E+00   0.0000000000E+00   0.2397740093E+00
     91.   6.   0.1248346154E+02   0.0000000000E+00   0.8002230769E+02   0.2192260807E+03   0.0000000000E+00   0.0000000000E+00   0.2397758304E+00
     92.   1.   0.1238932804E+02   0.0000000000E+00   0.8000045084E+02   0.2203870352E+03   0.0000000000E+00   0.0000000000E+00   0.2478035654E+00
     92.   2.   0.1238932804E+02   0.0000000000E+00   0.8000045084E+02   0.2226498694E+03   0.0000000000E+00   0.0000000000E+00   0.2473363047E+00
     92.   3.   0.1238932804E+02   0.0000000000E+00   0.8000045084E+02   0.2227226869E+03   0.0000000000E+00   0.0000000000E+00   0.2474851209E+00
     92.   4.   0.1238932804E+02   0.0000000000E+00   0.8000045084E+02   0.2227330553E+03   0.0000000000E+00   0.0000000000E+00   0.2475069747E+00
     92.   5.   0.1238932804E+02   0.0000000000E+00   0.8000045084E+02   0.2227357394E+03   0.0000000000E+00   0.0000000000E+00   0.2475125187E+00
     92.   6.   0.1238932804E+02   0.0000000000E+00   0.8000045084E+02   0.2227366840E+03   0.0000000000E+00   0.0000000000E+00   0.2475143886E+00
     93.   1.   0.1229396552E+02   0.0000000000E+00   0.7998241379E+02   0.2241733782E+03   0.0000000000E+00   0.0000000000E+00   0.2563929140E+00
     93.   2.   0.1229396552E+02   0.0000000000E+00   0.7998241379E+02   0.2264754887E+03   0.0000000000E+00   0.0000000000E+00   0.2559074500E+00
     93.   3.   0.1229396552E+02   0.0000000000E+00   0.7998241379E+02   0.2265498354E+03   0.0000000000E+00   0.0000000000E+00   0.2560620637E+00
     93.   4.   0.1229396552E+02   0.0000000000E+00   0.7998241379E+02   0.2265604188E+03   0.0000000000E+00   0.0000000000E+00   0.2560847772E+00
     93.   5.   0.1229396552E+02   0.0000000000E+00   0.7998241379E+02   0.2265631442E+03   0.0000000000E+00   0.0000000000E+00   0.2560905191E+00
     93.   6.   0.1229396552E+02   0.0000000000E+00   0.7998241379E+02   0.2265640910E+03   0.0000000000E+00   0.0000000000E+00   0.2560924269E+00
     94.   1.   0.1219760700E+02   0.0000000000E+00   0.7996828794E+02   0.2283234854E+03   0.0000000000E+00   0.0000000000E+00   0.2659728626E+00
     94.   2.   0.1219760700E+02   0.0000000000E+00   0.7996828794E+02   0.2306659909E+03   0.0000000000E+00   0.0000000000E+00   0.2654669324E+00
     94.   3.   0.1219760700E+02   0.0000000000E+00   0.7996828794E+02   0.2307422380E+03   0.0000000000E+00   0.0000000000E+00   0.2656280698E+00
     94.   4.   0.1219760700E+02   0.0000000000E+00   0.7996828794E+02   0.2307530959E+03   0.0000000000E+00   0.0000000000E+00   0.2656517501E+00
     94.   5.   0.1219760700E+02   0.0000000000E+00   0.7996828794E+02   0.2307558465E+03   0.0000000000E+00   0.0000000000E+00   0.2656577751E+00
     94.   6.   0.1219760700E+02   0.0000000000E+00   0.7996828794E+02   0.2307567765E+03   0.0000000000E+00   0.0000000000E+00   0.2656597891E+00
     95.   1.   0.1210049393E+02   0.0000000000E+00   0.7995814558E+02   0.2328035752E+03   0.0000000000E+00   0.0000000000E+00   0.2765048917E+00
     95.   2.   0.1210049393E+02   0.0000000000E+00   0.7995814558E+02   0.2351816147E+03   0.0000000000E+00   0.0000000000E+00   0.2759774355E+00
     95.   3.   0.1210049393E+02   0.0000000000E+00   0.7995814558E+02   0.2352608699E+03   0.0000000000E+00   0.0000000000E+00   0.2761455614E+00
     95.   4.   0.1210049393E+02   0.0000000000E+00   0.7995814558E+02   0.2352728796E+03   0.0000000000E+00   0.0000000000E+00   0.2761702580E+00
     95.   5.   0.1210049393E+02   0.0000000000E+00   0.7995814558E+02   0.2352760958E+03   0.0000000000E+00   0.0000000000E+00   0.2761765024E+00
     95.   6.   0.1210049393E+02   0.0000000000E+00   0.7995814558E+02   0.2352770795E+03   0.0000000000E+00   0.0000000000E+00   0.2761777798E+00
     96.   1.   0.1200287419E+02   0.0000000000E+00   0.7995203905E+02   0.2364795745E+03   0.0000000000E+00   0.0000000000E+00   0.2859200348E+00
     96.   2.   0.1200287419E+02   0.0000000000E+00   0.7995203905E+02   0.2384665260E+03   0.0000000000E+00   0.0000000000E+00   0.2853379533E+00
     96.   3.   0.1200287419E+02   0.0000000000E+00   0.7995203905E+02   0.2382714188E+03   0.0000000000E+00   0.0000000000E+00   0.2854532930E+00
     96.   4.   0.1200287419E+02   0.0000000000E+00   0.7995203905E+02   0.2380114046E+03   0.0000000000E+00   0.0000000000E+00   0.2854523837E+00
     96.   5.   0.1200287419E+02   0.0000000000E+00   0.7995203905E+02   0.2377305235E+03   0.0000000000E+00   0.0000000000E+00   0.2854701350E+00
     96.   6.   0.1200287419E+02   0.0000000000E+00   0.7995203905E+02   0.2374262606E+03   0.0000000000E+00   0.0000000000E+00   0.2854968540E+00
     97.   1.   0.1190500000E+02   0.0000000000E+00   0.7995000000E+02   0.2153598559E+03   0.0000000000E+00   0.0000000000E+00   0.2795523491E+00
     97.   2.   0.1190500000E+02   0.0000000000E+00   0.7995000000E+02   0.2384295045E+03   0.0000000000E+00   0.0000000000E+00   0.2790729629E+00
     97.   3.   0.1190500000E+02   0.0000000000E+00   0.7995000000E+02   0.2379862120E+03   0.0000000000E+00   0.0000000000E+00   0.2793576179E+00
     97.   4.   0.1190500000E+02   0.0000000000E+00   0.7995000000E+02   0.2374645077E+03   0.0000000000E+00   0.0000000000E+00   0.2794387748E+00
     97.   5.   0.1190500000E+02   0.0000000000E+00   0.7995000000E+02   0.2369050070E+03   0.0000000000E+00   0.0000000000E+00   0.2794279783E+00
     97.   6.   0.1190500000E+02   0.0000000000E+00   0.7995000000E+02   0.2362981738E+03   0.0000000000E+00   0.0000000000E+00   0.2793833010E+00
