# digitalmodel weldolet_crotch CINT table
# units: length=mm force=N stress=MPa K=MPa*sqrt(mm) J=N/mm
# mesh_level     0.
# front_nodes      25.
# contours   6.
# columns: node contour x y z K1 K2 K3 J
      1.   1.   0.1190500000E+02   0.0000000000E+00   0.8465000000E+02   0.1439183368E+03   0.0000000000E+00   0.0000000000E+00   0.1548333472E+00
      1.   2.   0.1190500000E+02   0.0000000000E+00   0.8465000000E+02   0.1751660451E+03   0.0000000000E+00   0.0000000000E+00   0.1545551635E+00
      1.   3.   0.1190500000E+02   0.0000000000E+00   0.8465000000E+02   0.1752756300E+03   0.0000000000E+00   0.0000000000E+00   0.1547305525E+00
      1.   4.   0.1190500000E+02   0.0000000000E+00   0.8465000000E+02   0.1753164637E+03   0.0000000000E+00   0.0000000000E+00   0.1547971195E+00
      1.   5.   0.1190500000E+02   0.0000000000E+00   0.8465000000E+02   0.1753423676E+03   0.0000000000E+00   0.0000000000E+00   0.1548106821E+00
      1.   6.   0.1190500000E+02   0.0000000000E+00   0.8465000000E+02   0.1753580574E+03   0.0000000000E+00   0.0000000000E+00   0.1548010017E+00
      2.   1.   0.1229396552E+02   0.0000000000E+00   0.8461758621E+02   0.1489607621E+03   0.0000000000E+00   0.0000000000E+00   0.1440642759E+00
      2.   2.   0.1229396552E+02   0.0000000000E+00   0.8461758621E+02   0.1698563209E+03   0.0000000000E+00   0.0000000000E+00   0.1437403535E+00
      2.   3.   0.1229396552E+02   0.0000000000E+00   0.8461758621E+02   0.1699878415E+03   0.0000000000E+00   0.0000000000E+00   0.1437849384E+00
      2.   4.   0.1229396552E+02   0.0000000000E+00   0.8461758621E+02   0.1700087733E+03   0.0000000000E+00   0.0000000000E+00   0.1437724817E+00
      2.   5.   0.1229396552E+02   0.0000000000E+00   0.8461758621E+02   0.1700221976E+03   0.0000000000E+00   0.0000000000E+00   0.1437726608E+00
      2.   6.   0.1229396552E+02   0.0000000000E+00   0.8461758621E+02   0.1700320104E+03   0.0000000000E+00   0.0000000000E+00   0.1437802210E+00
      3.   1.   0.1266716216E+02   0.0000000000E+00   0.8452297297E+02   0.1416318765E+03   0.0000000000E+00   0.0000000000E+00   0.1295539196E+00
      3.   2.   0.1266716216E+02   0.0000000000E+00   0.8452297297E+02   0.1611703774E+03   0.0000000000E+00   0.0000000000E+00   0.1292901540E+00
      3.   3.   0.1266716216E+02   0.0000000000E+00   0.8452297297E+02   0.1612823658E+03   0.0000000000E+00   0.0000000000E+00   0.1293672901E+00
      3.   4.   0.1266716216E+02   0.0000000000E+00   0.8452297297E+02   0.1612928892E+03   0.0000000000E+00   0.0000000000E+00   0.1293786893E+00
      3.   5.   0.1266716216E+02   0.0000000000E+00   0.8452297297E+02   0.1612961757E+03   0.0000000000E+00   0.0000000000E+00   0.1293815232E+00
      3.   6.   0.1266716216E+02   0.0000000000E+00   0.8452297297E+02   0.1612971991E+03   0.0000000000E+00   0.0000000000E+00   0.1293814720E+00
      4.   1.   0.1301088235E+02   0.0000000000E+00   0.8437352941E+02   0.1373408165E+03   0.0000000000E+00   0.0000000000E+00   0.1207955869E+00
      4.   2.   0.1301088235E+02   0.0000000000E+00   0.8437352941E+02   0.1556435333E+03   0.0000000000E+00   0.0000000000E+00   0.1205539995E+00
      4.   3.   0.1301088235E+02   0.0000000000E+00   0.8437352941E+02   0.1557239689E+03   0.0000000000E+00   0.0000000000E+00   0.1206249916E+00
      4.   4.   0.1301088235E+02   0.0000000000E+00   0.8437352941E+02   0.1557313598E+03   0.0000000000E+00   0.0000000000E+00   0.1206355176E+00
      4.   5.   0.1301088235E+02   0.0000000000E+00   0.8437352941E+02   0.1557333083E+03   0.0000000000E+00   0.0000000000E+00   0.1206383539E+00
      4.   6.   0.1301088235E+02   0.0000000000E+00   0.8437352941E+02   0.1557341174E+03   0.0000000000E+00   0.0000000000E+00   0.1206393589E+00
      5.   1.   0.1331500000E+02   0.0000000000E+00   0.8418000000E+02   0.1352667122E+03   0.0000000000E+00   0.0000000000E+00   0.1157367945E+00
      5.   2.   0.1331500000E+02   0.0000000000E+00   0.8418000000E+02   0.1523473399E+03   0.0000000000E+00   0.0000000000E+00   0.1155095926E+00
      5.   3.   0.1331500000E+02   0.0000000000E+00   0.8418000000E+02   0.1524068972E+03   0.0000000000E+00   0.0000000000E+00   0.1155768015E+00
      5.   4.   0.1331500000E+02   0.0000000000E+00   0.8418000000E+02   0.1524140540E+03   0.0000000000E+00   0.0000000000E+00   0.1155867666E+00
      5.   5.   0.1331500000E+02   0.0000000000E+00   0.8418000000E+02   0.1524160895E+03   0.0000000000E+00   0.0000000000E+00   0.1155894358E+00
      5.   6.   0.1331500000E+02   0.0000000000E+00   0.8418000000E+02   0.1524170053E+03   0.0000000000E+00   0.0000000000E+00   0.1155903772E+00
      6.   1.   0.1357363905E+02   0.0000000000E+00   0.8395473373E+02   0.1349406538E+03   0.0000000000E+00   0.0000000000E+00   0.1132301367E+00
      6.   2.   0.1357363905E+02   0.0000000000E+00   0.8395473373E+02   0.1506695224E+03   0.0000000000E+00   0.0000000000E+00   0.1130116379E+00
      6.   3.   0.1357363905E+02   0.0000000000E+00   0.8395473373E+02   0.1507204692E+03   0.0000000000E+00   0.0000000000E+00   0.1130767833E+00
      6.   4.   0.1357363905E+02   0.0000000000E+00   0.8395473373E+02   0.1507275645E+03   0.0000000000E+00   0.0000000000E+00   0.1130864507E+00
      6.   5.   0.1357363905E+02   0.0000000000E+00   0.8395473373E+02   0.1507296211E+03   0.0000000000E+00   0.0000000000E+00   0.1130890695E+00
      6.   6.   0.1357363905E+02   0.0000000000E+00   0.8395473373E+02   0.1507305712E+03   0.0000000000E+00   0.0000000000E+00   0.1130900216E+00
      7.   1.   0.1378500000E+02   0.0000000000E+00   0.8371000000E+02   0.1363710819E+03   0.0000000000E+00   0.0000000000E+00   0.1125566571E+00
      7.   2.   0.1378500000E+02   0.0000000000E+00   0.8371000000E+02   0.1501572731E+03   0.0000000000E+00   0.0000000000E+00   0.1123428450E+00
      7.   3.   0.1378500000E+02   0.0000000000E+00   0.8371000000E+02   0.1502058184E+03   0.0000000000E+00   0.0000000000E+00   0.1124071358E+00
      7.   4.   0.1378500000E+02   0.0000000000E+00   0.8371000000E+02   0.1502129130E+03   0.0000000000E+00   0.0000000000E+00   0.1124166834E+00
      7.   5.   0.1378500000E+02   0.0000000000E+00   0.8371000000E+02   0.1502150001E+03   0.0000000000E+00   0.0000000000E+00   0.1124192856E+00
      7.   6.   0.1378500000E+02   0.0000000000E+00   0.8371000000E+02   0.1502159850E+03   0.0000000000E+00   0.0000000000E+00   0.1124202423E+00
      8.   1.   0.1395059585E+02   0.0000000000E+00   0.8345673575E+02   0.1383855843E+03   0.0000000000E+00   0.0000000000E+00   0.1132143495E+00
      8.   2.   0.1395059585E+02   0.0000000000E+00   0.8345673575E+02   0.1505405158E+03   0.0000000000E+00   0.0000000000E+00   0.1130022450E+00
      8.   3.   0.1395059585E+02   0.0000000000E+00   0.8345673575E+02   0.1505886677E+03   0.0000000000E+00   0.0000000000E+00   0.1130665596E+00
      8.   4.   0.1395059585E+02   0.0000000000E+00   0.8345673575E+02   0.1505957730E+03   0.0000000000E+00   0.0000000000E+00   0.1130761152E+00
      8.   5.   0.1395059585E+02   0.0000000000E+00   0.8345673575E+02   0.1505978844E+03   0.0000000000E+00   0.0000000000E+00   0.1130787317E+00
      8.   6.   0.1395059585E+02   0.0000000000E+00   0.8345673575E+02   0.1505988972E+03   0.0000000000E+00   0.0000000000E+00   0.1130797028E+00
      9.   1.   0.1407423077E+02   0.0000000000E+00   0.8320384615E+02   0.1407480367E+03   0.0000000000E+00   0.0000000000E+00   0.1148307453E+00
      9.   2.   0.1407423077E+02   0.0000000000E+00   0.8320384615E+02   0.1516058271E+03   0.0000000000E+00   0.0000000000E+00   0.1146181587E+00
      9.   3.   0.1407423077E+02   0.0000000000E+00   0.8320384615E+02   0.1516540945E+03   0.0000000000E+00   0.0000000000E+00   0.1146831353E+00
      9.   4.   0.1407423077E+02   0.0000000000E+00   0.8320384615E+02   0.1516612276E+03   0.0000000000E+00   0.0000000000E+00   0.1146927907E+00
      9.   5.   0.1407423077E+02   0.0000000000E+00   0.8320384615E+02   0.1516633633E+03   0.0000000000E+00   0.0000000000E+00   0.1146954407E+00
      9.   6.   0.1407423077E+02   0.0000000000E+00   0.8320384615E+02   0.1516643997E+03   0.0000000000E+00   0.0000000000E+00   0.1146964287E+00
     10.   1.   0.1416100000E+02   0.0000000000E+00   0.8295800000E+02   0.1440239692E+03   0.0000000000E+00   0.0000000000E+00   0.1171235377E+00
     10.   2.   0.1416100000E+02   0.0000000000E+00   0.8295800000E+02   0.1531056310E+03   0.0000000000E+00   0.0000000000E+00   0.1169088513E+00
     10.   3.   0.1416100000E+02   0.0000000000E+00   0.8295800000E+02   0.1531541396E+03   0.0000000000E+00   0.0000000000E+00   0.1169749478E+00
     10.   4.   0.1416100000E+02   0.0000000000E+00   0.8295800000E+02   0.1531613134E+03   0.0000000000E+00   0.0000000000E+00   0.1169847688E+00
     10.   5.   0.1416100000E+02   0.0000000000E+00   0.8295800000E+02   0.1531634725E+03   0.0000000000E+00   0.0000000000E+00   0.1169874662E+00
     10.   6.   0.1416100000E+02   0.0000000000E+00   0.8295800000E+02   0.1531645289E+03   0.0000000000E+00   0.0000000000E+00   0.1169884729E+00
     11.   1.   0.1421647541E+02   0.0000000000E+00   0.8272377049E+02   0.1491511564E+03   0.0000000000E+00   0.0000000000E+00   0.1198787863E+00
     11.   2.   0.1421647541E+02   0.0000000000E+00   0.8272377049E+02   0.1548792643E+03   0.0000000000E+00   0.0000000000E+00   0.1196608117E+00
     11.   3.   0.1421647541E+02   0.0000000000E+00   0.8272377049E+02   0.1549280714E+03   0.0000000000E+00   0.0000000000E+00   0.1197283520E+00
     11.   4.   0.1421647541E+02   0.0000000000E+00   0.8272377049E+02   0.1549352978E+03   0.0000000000E+00   0.0000000000E+00   0.1197383848E+00
     11.   5.   0.1421647541E+02   0.0000000000E+00   0.8272377049E+02   0.1549374800E+03   0.0000000000E+00   0.0000000000E+00   0.1197411390E+00
     11.   6.   0.1421647541E+02   0.0000000000E+00   0.8272377049E+02   0.1549385533E+03   0.0000000000E+00   0.0000000000E+00   0.1197421651E+00
     12.   1.   0.1424613208E+02   0.0000000000E+00   0.8250396226E+02   0.1554551739E+03   0.0000000000E+00   0.0000000000E+00   0.1229350118E+00
     12.   2.   0.1424613208E+02   0.0000000000E+00   0.8250396226E+02   0.1568033853E+03   0.0000000000E+00   0.0000000000E+00   0.1227128992E+00
     12.   3.   0.1424613208E+02   0.0000000000E+00   0.8250396226E+02   0.1568525376E+03   0.0000000000E+00   0.0000000000E+00   0.1227821021E+00
     12.   4.   0.1424613208E+02   0.0000000000E+00   0.8250396226E+02   0.1568598286E+03   0.0000000000E+00   0.0000000000E+00   0.1227923784E+00
     12.   5.   0.1424613208E+02   0.0000000000E+00   0.8250396226E+02   0.1568620351E+03   0.0000000000E+00   0.0000000000E+00   0.1227951964E+00
     12.   6.   0.1424613208E+02   0.0000000000E+00   0.8250396226E+02   0.1568631237E+03   0.0000000000E+00   0.0000000000E+00   0.1227962438E+00
     13.   1.   0.1425500000E+02   0.0000000000E+00   0.8230000000E+02   0.1573765328E+03   0.0000000000E+00   0.0000000000E+00   0.1262460304E+00
     13.   2.   0.1425500000E+02   0.0000000000E+00   0.8230000000E+02   0.1589022219E+03   0.0000000000E+00   0.0000000000E+00   0.1260188115E+00
     13.   3.   0.1425500000E+02   0.0000000000E+00   0.8230000000E+02   0.1589518727E+03   0.0000000000E+00   0.0000000000E+00   0.1260897651E+00
     13.   4.   0.1425500000E+02   0.0000000000E+00   0.8230000000E+02   0.1589592555E+03   0.0000000000E+00   0.0000000000E+00   0.1261002843E+00
     13.   5.   0.1425500000E+02   0.0000000000E+00   0.8230000000E+02   0.1589614981E+03   0.0000000000E+00   0.0000000000E+00   0.1261031384E+00
     13.   6.   0.1425500000E+02   0.0000000000E+00   0.8230000000E+02   0.1589626080E+03   0.0000000000E+00   0.0000000000E+00   0.1261041688E+00
     14.   1.   0.1424613208E+02   0.0000000000E+00   0.8209603774E+02   0.1598378565E+03   0.0000000000E+00   0.0000000000E+00   0.1299577641E+00
     14.   2.   0.1424613208E+02   0.0000000000E+00   0.8209603774E+02   0.1612332872E+03   0.0000000000E+00   0.0000000000E+00   0.1297228839E+00
     14.   3.   0.1424613208E+02   0.0000000000E+00   0.8209603774E+02   0.1612838316E+03   0.0000000000E+00   0.0000000000E+00   0.1297960433E+00
     14.   4.   0.1424613208E+02   0.0000000000E+00   0.8209603774E+02   0.1612913282E+03   0.0000000000E+00   0.0000000000E+00   0.1298068955E+00
     14.   5.   0.1424613208E+02   0.0000000000E+00   0.8209603774E+02   0.1612935959E+03   0.0000000000E+00   0.0000000000E+00   0.1298098554E+00
     14.   6.   0.1424613208E+02   0.0000000000E+00   0.8209603774E+02   0.1612947141E+03   0.0000000000E+00   0.0000000000E+00   0.1298109421E+00
     15.   1.   0.1421647541E+02   0.0000000000E+00   0.8187622951E+02   0.1579136804E+03   0.0000000000E+00   0.0000000000E+00   0.1343694516E+00
     15.   2.   0.1421647541E+02   0.0000000000E+00   0.8187622951E+02   0.1640016587E+03   0.0000000000E+00   0.0000000000E+00   0.1341249509E+00
     15.   3.   0.1421647541E+02   0.0000000000E+00   0.8187622951E+02   0.1640533443E+03   0.0000000000E+00   0.0000000000E+00   0.1342006704E+00
     15.   4.   0.1421647541E+02   0.0000000000E+00   0.8187622951E+02   0.1640609949E+03   0.0000000000E+00   0.0000000000E+00   0.1342118939E+00
     15.   5.   0.1421647541E+02   0.0000000000E+00   0.8187622951E+02   0.1640633029E+03   0.0000000000E+00   0.0000000000E+00   0.1342149432E+00
     15.   6.   0.1421647541E+02   0.0000000000E+00   0.8187622951E+02   0.1640644375E+03   0.0000000000E+00   0.0000000000E+00   0.1342160529E+00
     16.   1.   0.1416100000E+02   0.0000000000E+00   0.8164200000E+02   0.1573139335E+03   0.0000000000E+00   0.0000000000E+00   0.1396917515E+00
     16.   2.   0.1416100000E+02   0.0000000000E+00   0.8164200000E+02   0.1672570428E+03   0.0000000000E+00   0.0000000000E+00   0.1394353998E+00
     16.   3.   0.1416100000E+02   0.0000000000E+00   0.8164200000E+02   0.1673100366E+03   0.0000000000E+00   0.0000000000E+00   0.1395142630E+00
     16.   4.   0.1416100000E+02   0.0000000000E+00   0.8164200000E+02   0.1673178705E+03   0.0000000000E+00   0.0000000000E+00   0.1395259429E+00
     16.   5.   0.1416100000E+02   0.0000000000E+00   0.8164200000E+02   0.1673202251E+03   0.0000000000E+00   0.0000000000E+00   0.1395291012E+00
     16.   6.   0.1416100000E+02   0.0000000000E+00   0.8164200000E+02   0.1673213766E+03   0.0000000000E+00   0.0000000000E+00   0.1395302387E+00
     17.   1.   0.1407423077E+02   0.0000000000E+00   0.8139615385E+02   0.1588051576E+03   0.0000000000E+00   0.0000000000E+00   0.1461029268E+00
     17.   2.   0.1407423077E+02   0.0000000000E+00   0.8139615385E+02   0.1710847839E+03   0.0000000000E+00   0.0000000000E+00   0.1458320078E+00
     17.   3.   0.1407423077E+02   0.0000000000E+00   0.8139615385E+02   0.1711392493E+03   0.0000000000E+00   0.0000000000E+00   0.1459147299E+00
     17.   4.   0.1407423077E+02   0.0000000000E+00   0.8139615385E+02   0.1711472943E+03   0.0000000000E+00   0.0000000000E+00   0.1459269693E+00
     17.   5.   0.1407423077E+02   0.0000000000E+00   0.8139615385E+02   0.1711496991E+03   0.0000000000E+00   0.0000000000E+00   0.1459302600E+00
     17.   6.   0.1407423077E+02   0.0000000000E+00   0.8139615385E+02   0.1711508660E+03   0.0000000000E+00   0.0000000000E+00   0.1459314305E+00
     18.   1.   0.1395059585E+02   0.0000000000E+00   0.8114326425E+02   0.1613749290E+03   0.0000000000E+00   0.0000000000E+00   0.1538204550E+00
     18.   2.   0.1395059585E+02   0.0000000000E+00   0.8114326425E+02   0.1755821829E+03   0.0000000000E+00   0.0000000000E+00   0.1535316753E+00
     18.   3.   0.1395059585E+02   0.0000000000E+00   0.8114326425E+02   0.1756383334E+03   0.0000000000E+00   0.0000000000E+00   0.1536191326E+00
     18.   4.   0.1395059585E+02   0.0000000000E+00   0.8114326425E+02   0.1756466144E+03   0.0000000000E+00   0.0000000000E+00   0.1536320590E+00
     18.   5.   0.1395059585E+02   0.0000000000E+00   0.8114326425E+02   0.1756490714E+03   0.0000000000E+00   0.0000000000E+00   0.1536355108E+00
     18.   6.   0.1395059585E+02   0.0000000000E+00   0.8114326425E+02   0.1756502509E+03   0.0000000000E+00   0.0000000000E+00   0.1536367217E+00
     19.   1.   0.1378500000E+02   0.0000000000E+00   0.8089000000E+02   0.1642340985E+03   0.0000000000E+00   0.0000000000E+00   0.1631177550E+00
     19.   2.   0.1378500000E+02   0.0000000000E+00   0.8089000000E+02   0.1809005444E+03   0.0000000000E+00   0.0000000000E+00   0.1628071120E+00
     19.   3.   0.1378500000E+02   0.0000000000E+00   0.8089000000E+02   0.1809590149E+03   0.0000000000E+00   0.0000000000E+00   0.1629003892E+00
     19.   4.   0.1378500000E+02   0.0000000000E+00   0.8089000000E+02   0.1809675547E+03   0.0000000000E+00   0.0000000000E+00   0.1629141608E+00
     19.   5.   0.1378500000E+02   0.0000000000E+00   0.8089000000E+02   0.1809700645E+03   0.0000000000E+00   0.0000000000E+00   0.1629178092E+00
     19.   6.   0.1378500000E+02   0.0000000000E+00   0.8089000000E+02   0.1809712523E+03   0.0000000000E+00   0.0000000000E+00   0.1629190685E+00
     20.   1.   0.1357363905E+02   0.0000000000E+00   0.8064526627E+02   0.1675522078E+03   0.0000000000E+00   0.0000000000E+00   0.1743544230E+00
     20.   2.   0.1357363905E+02   0.0000000000E+00   0.8064526627E+02   0.1871506979E+03   0.0000000000E+00   0.0000000000E+00   0.1740169967E+00
     20.   3.   0.1357363905E+02   0.0000000000E+00   0.8064526627E+02   0.1872139568E+03   0.0000000000E+00   0.0000000000E+00   0.1741174573E+00
     20.   4.   0.1357363905E+02   0.0000000000E+00   0.8064526627E+02   0.1872227604E+03   0.0000000000E+00   0.0000000000E+00   0.1741322743E+00
     20.   5.   0.1357363905E+02   0.0000000000E+00   0.8064526627E+02   0.1872253125E+03   0.0000000000E+00   0.0000000000E+00   0.1741361689E+00
     20.   6.   0.1357363905E+02   0.0000000000E+00   0.8064526627E+02   0.1872264994E+03   0.0000000000E+00   0.0000000000E+00   0.1741374946E+00
     21.   1.   0.1331500000E+02   0.0000000000E+00   0.8042000000E+02   0.1725546533E+03   0.0000000000E+00   0.0000000000E+00   0.1880382041E+00
     21.   2.   0.1331500000E+02   0.0000000000E+00   0.8042000000E+02   0.1944236074E+03   0.0000000000E+00   0.0000000000E+00   0.1876678759E+00
     21.   3.   0.1331500000E+02   0.0000000000E+00   0.8042000000E+02   0.1944994618E+03   0.0000000000E+00   0.0000000000E+00   0.1877772621E+00
     21.   4.   0.1331500000E+02   0.0000000000E+00   0.8042000000E+02   0.1945085850E+03   0.0000000000E+00   0.0000000000E+00   0.1877933838E+00
     21.   5.   0.1331500000E+02   0.0000000000E+00   0.8042000000E+02   0.1945111850E+03   0.0000000000E+00   0.0000000000E+00   0.1877975725E+00
     21.   6.   0.1331500000E+02   0.0000000000E+00   0.8042000000E+02   0.1945123697E+03   0.0000000000E+00   0.0000000000E+00   0.1877989484E+00
     22.   1.   0.1301088235E+02   0.0000000000E+00   0.8022647059E+02   0.1790823069E+03   0.0000000000E+00   0.0000000000E+00   0.2049846106E+00
     22.   2.   0.1301088235E+02   0.0000000000E+00   0.8022647059E+02   0.2030371355E+03   0.0000000000E+00   0.0000000000E+00   0.2045732702E+00
     22.   3.   0.1301088235E+02   0.0000000000E+00   0.8022647059E+02   0.2031411140E+03   0.0000000000E+00   0.0000000000E+00   0.2046939969E+00
     22.   4.   0.1301088235E+02   0.0000000000E+00   0.8022647059E+02   0.2031507551E+03   0.0000000000E+00   0.0000000000E+00   0.2047117844E+00
     22.   5.   0.1301088235E+02   0.0000000000E+00   0.8022647059E+02   0.2031533054E+03   0.0000000000E+00   0.0000000000E+00   0.2047164229E+00
     22.   6.   0.1301088235E+02   0.0000000000E+00   0.8022647059E+02   0.2031543864E+03   0.0000000000E+00   0.0000000000E+00   0.2047179426E+00
     23.   1.   0.1266716216E+02   0.0000000000E+00   0.8007702703E+02   0.1875776813E+03   0.0000000000E+00   0.0000000000E+00   0.2267568170E+00
     23.   2.   0.1266716216E+02   0.0000000000E+00   0.8007702703E+02   0.2135557859E+03   0.0000000000E+00   0.0000000000E+00   0.2262935258E+00
     23.   3.   0.1266716216E+02   0.0000000000E+00   0.8007702703E+02   0.2137008967E+03   0.0000000000E+00   0.0000000000E+00   0.2264287929E+00
     23.   4.   0.1266716216E+02   0.0000000000E+00   0.8007702703E+02   0.2137148763E+03   0.0000000000E+00   0.0000000000E+00   0.2264486071E+00
     23.   5.   0.1266716216E+02   0.0000000000E+00   0.8007702703E+02   0.2137192704E+03   0.0000000000E+00   0.0000000000E+00   0.2264532636E+00
     23.   6.   0.1266716216E+02   0.0000000000E+00   0.8007702703E+02   0.2137206733E+03   0.0000000000E+00   0.0000000000E+00   0.2264529163E+00
     24.   1.   0.1229396552E+02   0.0000000000E+00   0.7998241379E+02   0.1986210270E+03   0.0000000000E+00   0.0000000000E+00   0.2569146319E+00
     24.   2.   0.1229396552E+02   0.0000000000E+00   0.7998241379E+02   0.2260864771E+03   0.0000000000E+00   0.0000000000E+00   0.2563364268E+00
     24.   3.   0.1229396552E+02   0.0000000000E+00   0.7998241379E+02   0.2257165040E+03   0.0000000000E+00   0.0000000000E+00   0.2564177207E+00
     24.   4.   0.1229396552E+02   0.0000000000E+00   0.7998241379E+02   0.2252085434E+03   0.0000000000E+00   0.0000000000E+00   0.2563976988E+00
     24.   5.   0.1229396552E+02   0.0000000000E+00   0.7998241379E+02   0.2246708239E+03   0.0000000000E+00   0.0000000000E+00   0.2564004035E+00
     24.   6.   0.1229396552E+02   0.0000000000E+00   0.7998241379E+02   0.2240977365E+03   0.0000000000E+00   0.0000000000E+00   0.2564155060E+00
     25.   1.   0.1190500000E+02   0.0000000000E+00   0.7995000000E+02   0.1922771475E+03   0.0000000000E+00   0.0000000000E+00   0.2790172536E+00
     25.   2.   0.1190500000E+02   0.0000000000E+00   0.7995000000E+02   0.2326339677E+03   0.0000000000E+00   0.0000000000E+00   0.2785113927E+00
     25.   3.   0.1190500000E+02   0.0000000000E+00   0.7995000000E+02   0.2316729432E+03   0.0000000000E+00   0.0000000000E+00   0.2788231725E+00
     25.   4.   0.1190500000E+02   0.0000000000E+00   0.7995000000E+02   0.2306422206E+03   0.0000000000E+00   0.0000000000E+00   0.2789382357E+00
     25.   5.   0.1190500000E+02   0.0000000000E+00   0.7995000000E+02   0.2295585870E+03   0.0000000000E+00   0.0000000000E+00   0.2789582330E+00
     25.   6.   0.1190500000E+02   0.0000000000E+00   0.7995000000E+02   0.2284041988E+03   0.0000000000E+00   0.0000000000E+00   0.2789382170E+00
