# digitalmodel weldolet_crack start-node SIFS audit
# units: K=MPa*sqrt(mm); A = CINT 1 (starts at node 1), B = CINT 3 (starts at node 2)
# sign_factors  -1.0   1.0
# columns: node contour K1A K2A K3A K1B K2B K3B
      1.   1.   0.3511571051E+02   0.1002676957E+02   0.1641645770E-01   0.3574888243E+02  -0.1023540216E+02  -0.2798747367E-08
      1.   2.   0.4153429277E+02   0.1184520130E+02   0.1888104323E-01   0.4123358152E+02  -0.1171704910E+02   0.5994315687E-09
      1.   3.   0.4154963432E+02   0.1188444499E+02  -0.6391419068E-02   0.4126962847E+02  -0.1197465183E+02   0.4793932325E-09
      1.   4.   0.4155524272E+02   0.1199738321E+02  -0.2988821984E-01   0.4127159036E+02  -0.1199613801E+02   0.4841632871E-09
      1.   5.   0.4155586926E+02   0.1200861598E+02  -0.4962753642E-01   0.4127241547E+02  -0.1201685537E+02   0.4965906061E-09
      1.   6.   0.4155620711E+02   0.1201907557E+02  -0.5255005630E-01   0.4127254990E+02  -0.1201952316E+02   0.8408053934E-09
      2.   1.   0.3566486430E+02   0.1023850965E+02   0.9698798662E-01   0.3503606692E+02  -0.1003112334E+02   0.7945057539E-01
      2.   2.   0.4113585027E+02   0.1172130845E+02   0.1147900335E+00   0.4143652642E+02  -0.1185102062E+02   0.9573798671E-01
      2.   3.   0.4117177261E+02   0.1197891858E+02   0.1136001594E+00   0.4145148769E+02  -0.1188968224E+02   0.1220132162E+00
      2.   4.   0.4117373210E+02   0.1200040108E+02   0.1137193418E+00   0.4145716817E+02  -0.1200296988E+02   0.1441698907E+00
      2.   5.   0.4117455813E+02   0.1202111609E+02   0.1135676298E+00   0.4145781263E+02  -0.1201449604E+02   0.1639459362E+00
      2.   6.   0.4117469222E+02   0.1202376161E+02   0.1137272621E+00   0.4145816261E+02  -0.1202511209E+02   0.1667643223E+00
      3.   1.   0.3559216277E+02   0.1024780246E+02   0.1928648531E+00   0.3559216277E+02  -0.1024780246E+02   0.1928648531E+00
      3.   2.   0.4112695933E+02   0.1173405908E+02   0.2281000820E+00   0.4112695933E+02  -0.1173405908E+02   0.2281000820E+00
      3.   3.   0.4116250658E+02   0.1199169380E+02   0.2257354272E+00   0.4116250658E+02  -0.1199169380E+02   0.2257354272E+00
      3.   4.   0.4116445872E+02   0.1201316566E+02   0.2259669139E+00   0.4116445872E+02  -0.1201316566E+02   0.2259669139E+00
      3.   5.   0.4116528756E+02   0.1203387447E+02   0.2256596416E+00   0.4116528756E+02  -0.1203387447E+02   0.2256596416E+00
      3.   6.   0.4116542061E+02   0.1203645382E+02   0.2259716264E+00   0.4116542061E+02  -0.1203645382E+02   0.2259716264E+00
