# digitalmodel crack_verification CINT table
# units: length=mm force=N stress=MPa K=MPa*sqrt(mm) J=N/mm
# mesh_level     0.
# front_nodes      25.
# contours   6.
# columns: node contour x y z K1 K2 K3 J
      1.   1.   0.4000000000E+01   0.0000000000E+00   0.0000000000E+00   0.1428023663E+03   0.0000000000E+00   0.0000000000E+00   0.1480459187E+00
      1.   2.   0.4000000000E+01   0.0000000000E+00   0.0000000000E+00   0.1803993652E+03   0.0000000000E+00   0.0000000000E+00   0.1477698599E+00
      1.   3.   0.4000000000E+01   0.0000000000E+00   0.0000000000E+00   0.1805232438E+03   0.0000000000E+00   0.0000000000E+00   0.1479565014E+00
      1.   4.   0.4000000000E+01   0.0000000000E+00   0.0000000000E+00   0.1805801902E+03   0.0000000000E+00   0.0000000000E+00   0.1480461868E+00
      1.   5.   0.4000000000E+01   0.0000000000E+00   0.0000000000E+00   0.1806201923E+03   0.0000000000E+00   0.0000000000E+00   0.1480845046E+00
      1.   6.   0.4000000000E+01   0.0000000000E+00   0.0000000000E+00   0.1806463915E+03   0.0000000000E+00   0.0000000000E+00   0.1480953609E+00
      2.   1.   0.3944827590E+01   0.3310344800E+00   0.0000000000E+00   0.1529088609E+03   0.0000000000E+00   0.0000000000E+00   0.1440878365E+00
      2.   2.   0.3944827590E+01   0.3310344800E+00   0.0000000000E+00   0.1769149195E+03   0.0000000000E+00   0.0000000000E+00   0.1437320944E+00
      2.   3.   0.3944827590E+01   0.3310344800E+00   0.0000000000E+00   0.1800756776E+03   0.0000000000E+00   0.0000000000E+00   0.1437633547E+00
      2.   4.   0.3944827590E+01   0.3310344800E+00   0.0000000000E+00   0.1801452701E+03   0.0000000000E+00   0.0000000000E+00   0.1437409698E+00
      2.   5.   0.3944827590E+01   0.3310344800E+00   0.0000000000E+00   0.1801675289E+03   0.0000000000E+00   0.0000000000E+00   0.1437307059E+00
      2.   6.   0.3944827590E+01   0.3310344800E+00   0.0000000000E+00   0.1801840126E+03   0.0000000000E+00   0.0000000000E+00   0.1437300214E+00
      3.   1.   0.3783783780E+01   0.6486486500E+00   0.0000000000E+00   0.1547076370E+03   0.0000000000E+00   0.0000000000E+00   0.1481808452E+00
      3.   2.   0.3783783780E+01   0.6486486500E+00   0.0000000000E+00   0.1794019936E+03   0.0000000000E+00   0.0000000000E+00   0.1478715126E+00
      3.   3.   0.3783783780E+01   0.6486486500E+00   0.0000000000E+00   0.1821073605E+03   0.0000000000E+00   0.0000000000E+00   0.1479556882E+00
      3.   4.   0.3783783780E+01   0.6486486500E+00   0.0000000000E+00   0.1821266186E+03   0.0000000000E+00   0.0000000000E+00   0.1479679694E+00
      3.   5.   0.3783783780E+01   0.6486486500E+00   0.0000000000E+00   0.1821308811E+03   0.0000000000E+00   0.0000000000E+00   0.1479708315E+00
      3.   6.   0.3783783780E+01   0.6486486500E+00   0.0000000000E+00   0.1821322409E+03   0.0000000000E+00   0.0000000000E+00   0.1479706259E+00
      4.   1.   0.3529411760E+01   0.9411764700E+00   0.0000000000E+00   0.1622133105E+03   0.0000000000E+00   0.0000000000E+00   0.1604431669E+00
      4.   2.   0.3529411760E+01   0.9411764700E+00   0.0000000000E+00   0.1875651384E+03   0.0000000000E+00   0.0000000000E+00   0.1601314057E+00
      4.   3.   0.3529411760E+01   0.9411764700E+00   0.0000000000E+00   0.1887785900E+03   0.0000000000E+00   0.0000000000E+00   0.1602230437E+00
      4.   4.   0.3529411760E+01   0.9411764700E+00   0.0000000000E+00   0.1887870966E+03   0.0000000000E+00   0.0000000000E+00   0.1602365814E+00
      4.   5.   0.3529411760E+01   0.9411764700E+00   0.0000000000E+00   0.1887893102E+03   0.0000000000E+00   0.0000000000E+00   0.1602401681E+00
      4.   6.   0.3529411760E+01   0.9411764700E+00   0.0000000000E+00   0.1887901767E+03   0.0000000000E+00   0.0000000000E+00   0.1602413445E+00
      5.   1.   0.3200000000E+01   0.1200000000E+01   0.0000000000E+00   0.1710704887E+03   0.0000000000E+00   0.0000000000E+00   0.1752043773E+00
      5.   2.   0.3200000000E+01   0.1200000000E+01   0.0000000000E+00   0.1962359229E+03   0.0000000000E+00   0.0000000000E+00   0.1748798408E+00
      5.   3.   0.3200000000E+01   0.1200000000E+01   0.0000000000E+00   0.1968497815E+03   0.0000000000E+00   0.0000000000E+00   0.1749802563E+00
      5.   4.   0.3200000000E+01   0.1200000000E+01   0.0000000000E+00   0.1968583312E+03   0.0000000000E+00   0.0000000000E+00   0.1749950987E+00
      5.   5.   0.3200000000E+01   0.1200000000E+01   0.0000000000E+00   0.1968607456E+03   0.0000000000E+00   0.0000000000E+00   0.1749990398E+00
      5.   6.   0.3200000000E+01   0.1200000000E+01   0.0000000000E+00   0.1968617481E+03   0.0000000000E+00   0.0000000000E+00   0.1750004035E+00
      6.   1.   0.2816568050E+01   0.1420118340E+01   0.0000000000E+00   0.1800167465E+03   0.0000000000E+00   0.0000000000E+00   0.1896572361E+00
      6.   2.   0.2816568050E+01   0.1420118340E+01   0.0000000000E+00   0.2044340534E+03   0.0000000000E+00   0.0000000000E+00   0.1893154438E+00
      6.   3.   0.2816568050E+01   0.1420118340E+01   0.0000000000E+00   0.2045516893E+03   0.0000000000E+00   0.0000000000E+00   0.1894243550E+00
      6.   4.   0.2816568050E+01   0.1420118340E+01   0.0000000000E+00   0.2045607777E+03   0.0000000000E+00   0.0000000000E+00   0.1894404774E+00
      6.   5.   0.2816568050E+01   0.1420118340E+01   0.0000000000E+00   0.2045633296E+03   0.0000000000E+00   0.0000000000E+00   0.1894447992E+00
      6.   6.   0.2816568050E+01   0.1420118340E+01   0.0000000000E+00   0.2045643984E+03   0.0000000000E+00   0.0000000000E+00   0.1894463505E+00
      7.   1.   0.2400000000E+01   0.1600000000E+01   0.0000000000E+00   0.1886048710E+03   0.0000000000E+00   0.0000000000E+00   0.2024163357E+00
      7.   2.   0.2400000000E+01   0.1600000000E+01   0.0000000000E+00   0.2111054574E+03   0.0000000000E+00   0.0000000000E+00   0.2020572448E+00
      7.   3.   0.2400000000E+01   0.1600000000E+01   0.0000000000E+00   0.2111750997E+03   0.0000000000E+00   0.0000000000E+00   0.2021736135E+00
      7.   4.   0.2400000000E+01   0.1600000000E+01   0.0000000000E+00   0.2111846233E+03   0.0000000000E+00   0.0000000000E+00   0.2021908546E+00
      7.   5.   0.2400000000E+01   0.1600000000E+01   0.0000000000E+00   0.2111872969E+03   0.0000000000E+00   0.0000000000E+00   0.2021954956E+00
      7.   6.   0.2400000000E+01   0.1600000000E+01   0.0000000000E+00   0.2111884299E+03   0.0000000000E+00   0.0000000000E+00   0.2021971876E+00
      8.   1.   0.1968911920E+01   0.1740932640E+01   0.0000000000E+00   0.1973023886E+03   0.0000000000E+00   0.0000000000E+00   0.2128921481E+00
      8.   2.   0.1968911920E+01   0.1740932640E+01   0.0000000000E+00   0.2163772843E+03   0.0000000000E+00   0.0000000000E+00   0.2125179380E+00
      8.   3.   0.1968911920E+01   0.1740932640E+01   0.0000000000E+00   0.2164449843E+03   0.0000000000E+00   0.0000000000E+00   0.2126404078E+00
      8.   4.   0.1968911920E+01   0.1740932640E+01   0.0000000000E+00   0.2164548124E+03   0.0000000000E+00   0.0000000000E+00   0.2126585647E+00
      8.   5.   0.1968911920E+01   0.1740932640E+01   0.0000000000E+00   0.2164575789E+03   0.0000000000E+00   0.0000000000E+00   0.2126634678E+00
      8.   6.   0.1968911920E+01   0.1740932640E+01   0.0000000000E+00   0.2164587639E+03   0.0000000000E+00   0.0000000000E+00   0.2126652752E+00
      9.   1.   0.1538461540E+01   0.1846153850E+01   0.0000000000E+00   0.2036726526E+03   0.0000000000E+00   0.0000000000E+00   0.2209545655E+00
      9.   2.   0.1538461540E+01   0.1846153850E+01   0.0000000000E+00   0.2203732135E+03   0.0000000000E+00   0.0000000000E+00   0.2205683869E+00
      9.   3.   0.1538461540E+01   0.1846153850E+01   0.0000000000E+00   0.2204425470E+03   0.0000000000E+00   0.0000000000E+00   0.2206955415E+00
      9.   4.   0.1538461540E+01   0.1846153850E+01   0.0000000000E+00   0.2204525879E+03   0.0000000000E+00   0.0000000000E+00   0.2207144016E+00
      9.   5.   0.1538461540E+01   0.1846153850E+01   0.0000000000E+00   0.2204554257E+03   0.0000000000E+00   0.0000000000E+00   0.2207195047E+00
      9.   6.   0.1538461540E+01   0.1846153850E+01   0.0000000000E+00   0.2204566515E+03   0.0000000000E+00   0.0000000000E+00   0.2207213989E+00
     10.   1.   0.1120000000E+01   0.1920000000E+01   0.0000000000E+00   0.2093057470E+03   0.0000000000E+00   0.0000000000E+00   0.2267324240E+00
     10.   2.   0.1120000000E+01   0.1920000000E+01   0.0000000000E+00   0.2231983566E+03   0.0000000000E+00   0.0000000000E+00   0.2263376103E+00
     10.   3.   0.1120000000E+01   0.1920000000E+01   0.0000000000E+00   0.2232687996E+03   0.0000000000E+00   0.0000000000E+00   0.2264681167E+00
     10.   4.   0.1120000000E+01   0.1920000000E+01   0.0000000000E+00   0.2232789833E+03   0.0000000000E+00   0.0000000000E+00   0.2264874798E+00
     10.   5.   0.1120000000E+01   0.1920000000E+01   0.0000000000E+00   0.2232818729E+03   0.0000000000E+00   0.0000000000E+00   0.2264927260E+00
     10.   6.   0.1120000000E+01   0.1920000000E+01   0.0000000000E+00   0.2232831290E+03   0.0000000000E+00   0.0000000000E+00   0.2264946822E+00
     11.   1.   0.7213114800E+00   0.1967213110E+01   0.0000000000E+00   0.2159431359E+03   0.0000000000E+00   0.0000000000E+00   0.2304862347E+00
     11.   2.   0.7213114800E+00   0.1967213110E+01   0.0000000000E+00   0.2250079036E+03   0.0000000000E+00   0.0000000000E+00   0.2300858778E+00
     11.   3.   0.7213114800E+00   0.1967213110E+01   0.0000000000E+00   0.2250788987E+03   0.0000000000E+00   0.0000000000E+00   0.2302185599E+00
     11.   4.   0.7213114800E+00   0.1967213110E+01   0.0000000000E+00   0.2250891716E+03   0.0000000000E+00   0.0000000000E+00   0.2302382501E+00
     11.   5.   0.7213114800E+00   0.1967213110E+01   0.0000000000E+00   0.2250920970E+03   0.0000000000E+00   0.0000000000E+00   0.2302435895E+00
     11.   6.   0.7213114800E+00   0.1967213110E+01   0.0000000000E+00   0.2250933748E+03   0.0000000000E+00   0.0000000000E+00   0.2302455862E+00
     12.   1.   0.3471698100E+00   0.1992452830E+01   0.0000000000E+00   0.2239669381E+03   0.0000000000E+00   0.0000000000E+00   0.2325263819E+00
     12.   2.   0.3471698100E+00   0.1992452830E+01   0.0000000000E+00   0.2259683006E+03   0.0000000000E+00   0.0000000000E+00   0.2321231899E+00
     12.   3.   0.3471698100E+00   0.1992452830E+01   0.0000000000E+00   0.2260394607E+03   0.0000000000E+00   0.0000000000E+00   0.2322570509E+00
     12.   4.   0.3471698100E+00   0.1992452830E+01   0.0000000000E+00   0.2260497799E+03   0.0000000000E+00   0.0000000000E+00   0.2322769182E+00
     12.   5.   0.3471698100E+00   0.1992452830E+01   0.0000000000E+00   0.2260527283E+03   0.0000000000E+00   0.0000000000E+00   0.2322823081E+00
     12.   6.   0.3471698100E+00   0.1992452830E+01   0.0000000000E+00   0.2260540210E+03   0.0000000000E+00   0.0000000000E+00   0.2322843269E+00
     13.   1.   0.0000000000E+00   0.2000000000E+01   0.0000000000E+00   0.2239376111E+03   0.0000000000E+00   0.0000000000E+00   0.2331656626E+00
     13.   2.   0.0000000000E+00   0.2000000000E+01   0.0000000000E+00   0.2262677520E+03   0.0000000000E+00   0.0000000000E+00   0.2327622818E+00
     13.   3.   0.0000000000E+00   0.2000000000E+01   0.0000000000E+00   0.2263389308E+03   0.0000000000E+00   0.0000000000E+00   0.2328963983E+00
     13.   4.   0.0000000000E+00   0.2000000000E+01   0.0000000000E+00   0.2263492771E+03   0.0000000000E+00   0.0000000000E+00   0.2329163295E+00
     13.   5.   0.0000000000E+00   0.2000000000E+01   0.0000000000E+00   0.2263522422E+03   0.0000000000E+00   0.0000000000E+00   0.2329217423E+00
     13.   6.   0.0000000000E+00   0.2000000000E+01   0.0000000000E+00   0.2263535438E+03   0.0000000000E+00   0.0000000000E+00   0.2329237772E+00
     14.   1.  -0.3471698100E+00   0.1992452830E+01   0.0000000000E+00   0.2239669381E+03   0.0000000000E+00   0.0000000000E+00   0.2325263819E+00
     14.   2.  -0.3471698100E+00   0.1992452830E+01   0.0000000000E+00   0.2259683006E+03   0.0000000000E+00   0.0000000000E+00   0.2321231899E+00
     14.   3.  -0.3471698100E+00   0.1992452830E+01   0.0000000000E+00   0.2260394607E+03   0.0000000000E+00   0.0000000000E+00   0.2322570509E+00
     14.   4.  -0.3471698100E+00   0.1992452830E+01   0.0000000000E+00   0.2260497799E+03   0.0000000000E+00   0.0000000000E+00   0.2322769182E+00
     14.   5.  -0.3471698100E+00   0.1992452830E+01   0.0000000000E+00   0.2260527283E+03   0.0000000000E+00   0.0000000000E+00   0.2322823081E+00
     14.   6.  -0.3471698100E+00   0.1992452830E+01   0.0000000000E+00   0.2260540210E+03   0.0000000000E+00   0.0000000000E+00   0.2322843269E+00
     15.   1.  -0.7213114800E+00   0.1967213110E+01   0.0000000000E+00   0.2159431359E+03   0.0000000000E+00   0.0000000000E+00   0.2304862347E+00
     15.   2.  -0.7213114800E+00   0.1967213110E+01   0.0000000000E+00   0.2250079036E+03   0.0000000000E+00   0.0000000000E+00   0.2300858778E+00
     15.   3.  -0.7213114800E+00   0.1967213110E+01   0.0000000000E+00   0.2250788987E+03   0.0000000000E+00   0.0000000000E+00   0.2302185599E+00
     15.   4.  -0.7213114800E+00   0.1967213110E+01   0.0000000000E+00   0.2250891716E+03   0.0000000000E+00   0.0000000000E+00   0.2302382501E+00
     15.   5.  -0.7213114800E+00   0.1967213110E+01   0.0000000000E+00   0.2250920970E+03   0.0000000000E+00   0.0000000000E+00   0.2302435895E+00
     15.   6.  -0.7213114800E+00   0.1967213110E+01   0.0000000000E+00   0.2250933748E+03   0.0000000000E+00   0.0000000000E+00   0.2302455862E+00
     16.   1.  -0.1120000000E+01   0.1920000000E+01   0.0000000000E+00   0.2093057470E+03   0.0000000000E+00   0.0000000000E+00   0.2267324240E+00
     16.   2.  -0.1120000000E+01   0.1920000000E+01   0.0000000000E+00   0.2231983566E+03   0.0000000000E+00   0.0000000000E+00   0.2263376103E+00
     16.   3.  -0.1120000000E+01   0.1920000000E+01   0.0000000000E+00   0.2232687996E+03   0.0000000000E+00   0.0000000000E+00   0.2264681167E+00
     16.   4.  -0.1120000000E+01   0.1920000000E+01   0.0000000000E+00   0.2232789833E+03   0.0000000000E+00   0.0000000000E+00   0.2264874798E+00
     16.   5.  -0.1120000000E+01   0.1920000000E+01   0.0000000000E+00   0.2232818729E+03   0.0000000000E+00   0.0000000000E+00   0.2264927260E+00
     16.   6.  -0.1120000000E+01   0.1920000000E+01   0.0000000000E+00   0.2232831290E+03   0.0000000000E+00   0.0000000000E+00   0.2264946822E+00
     17.   1.  -0.1538461540E+01   0.1846153850E+01   0.0000000000E+00   0.2036726526E+03   0.0000000000E+00   0.0000000000E+00   0.2209545655E+00
     17.   2.  -0.1538461540E+01   0.1846153850E+01   0.0000000000E+00   0.2203732135E+03   0.0000000000E+00   0.0000000000E+00   0.2205683869E+00
     17.   3.  -0.1538461540E+01   0.1846153850E+01   0.0000000000E+00   0.2204425470E+03   0.0000000000E+00   0.0000000000E+00   0.2206955415E+00
     17.   4.  -0.1538461540E+01   0.1846153850E+01   0.0000000000E+00   0.2204525879E+03   0.0000000000E+00   0.0000000000E+00   0.2207144016E+00
     17.   5.  -0.1538461540E+01   0.1846153850E+01   0.0000000000E+00   0.2204554257E+03   0.0000000000E+00   0.0000000000E+00   0.2207195047E+00
     17.   6.  -0.1538461540E+01   0.1846153850E+01   0.0000000000E+00   0.2204566515E+03   0.0000000000E+00   0.0000000000E+00   0.2207213989E+00
     18.   1.  -0.1968911920E+01   0.1740932640E+01   0.0000000000E+00   0.1973023886E+03   0.0000000000E+00   0.0000000000E+00   0.2128921481E+00
     18.   2.  -0.1968911920E+01   0.1740932640E+01   0.0000000000E+00   0.2163772843E+03   0.0000000000E+00   0.0000000000E+00   0.2125179380E+00
     18.   3.  -0.1968911920E+01   0.1740932640E+01   0.0000000000E+00   0.2164449843E+03   0.0000000000E+00   0.0000000000E+00   0.2126404078E+00
     18.   4.  -0.1968911920E+01   0.1740932640E+01   0.0000000000E+00   0.2164548124E+03   0.0000000000E+00   0.0000000000E+00   0.2126585647E+00
     18.   5.  -0.1968911920E+01   0.1740932640E+01   0.0000000000E+00   0.2164575789E+03   0.0000000000E+00   0.0000000000E+00   0.2126634678E+00
     18.   6.  -0.1968911920E+01   0.1740932640E+01   0.0000000000E+00   0.2164587639E+03   0.0000000000E+00   0.0000000000E+00   0.2126652752E+00
     19.   1.  -0.2400000000E+01   0.1600000000E+01   0.0000000000E+00   0.1886048710E+03   0.0000000000E+00   0.0000000000E+00   0.2024163357E+00
     19.   2.  -0.2400000000E+01   0.1600000000E+01   0.0000000000E+00   0.2111054574E+03   0.0000000000E+00   0.0000000000E+00   0.2020572448E+00
     19.   3.  -0.2400000000E+01   0.1600000000E+01   0.0000000000E+00   0.2111750997E+03   0.0000000000E+00   0.0000000000E+00   0.2021736135E+00
     19.   4.  -0.2400000000E+01   0.1600000000E+01   0.0000000000E+00   0.2111846233E+03   0.0000000000E+00   0.0000000000E+00   0.2021908546E+00
     19.   5.  -0.2400000000E+01   0.1600000000E+01   0.0000000000E+00   0.2111872969E+03   0.0000000000E+00   0.0000000000E+00   0.2021954956E+00
     19.   6.  -0.2400000000E+01   0.1600000000E+01   0.0000000000E+00   0.2111884299E+03   0.0000000000E+00   0.0000000000E+00   0.2021971876E+00
     20.   1.  -0.2816568050E+01   0.1420118340E+01   0.0000000000E+00   0.1800167465E+03   0.0000000000E+00   0.0000000000E+00   0.1896572361E+00
     20.   2.  -0.2816568050E+01   0.1420118340E+01   0.0000000000E+00   0.2044340534E+03   0.0000000000E+00   0.0000000000E+00   0.1893154438E+00
     20.   3.  -0.2816568050E+01   0.1420118340E+01   0.0000000000E+00   0.2045516893E+03   0.0000000000E+00   0.0000000000E+00   0.1894243550E+00
     20.   4.  -0.2816568050E+01   0.1420118340E+01   0.0000000000E+00   0.2045607777E+03   0.0000000000E+00   0.0000000000E+00   0.1894404774E+00
     20.   5.  -0.2816568050E+01   0.1420118340E+01   0.0000000000E+00   0.2045633296E+03   0.0000000000E+00   0.0000000000E+00   0.1894447992E+00
     20.   6.  -0.2816568050E+01   0.1420118340E+01   0.0000000000E+00   0.2045643984E+03   0.0000000000E+00   0.0000000000E+00   0.1894463505E+00
     21.   1.  -0.3200000000E+01   0.1200000000E+01   0.0000000000E+00   0.1710704887E+03   0.0000000000E+00   0.0000000000E+00   0.1752043773E+00
     21.   2.  -0.3200000000E+01   0.1200000000E+01   0.0000000000E+00   0.1962359229E+03   0.0000000000E+00   0.0000000000E+00   0.1748798408E+00
     21.   3.  -0.3200000000E+01   0.1200000000E+01   0.0000000000E+00   0.1968497815E+03   0.0000000000E+00   0.0000000000E+00   0.1749802563E+00
     21.   4.  -0.3200000000E+01   0.1200000000E+01   0.0000000000E+00   0.1968583312E+03   0.0000000000E+00   0.0000000000E+00   0.1749950987E+00
     21.   5.  -0.3200000000E+01   0.1200000000E+01   0.0000000000E+00   0.1968607456E+03   0.0000000000E+00   0.0000000000E+00   0.1749990398E+00
     21.   6.  -0.3200000000E+01   0.1200000000E+01   0.0000000000E+00   0.1968617481E+03   0.0000000000E+00   0.0000000000E+00   0.1750004035E+00
     22.   1.  -0.3529411760E+01   0.9411764700E+00   0.0000000000E+00   0.1622133105E+03   0.0000000000E+00   0.0000000000E+00   0.1604431669E+00
     22.   2.  -0.3529411760E+01   0.9411764700E+00   0.0000000000E+00   0.1875651384E+03   0.0000000000E+00   0.0000000000E+00   0.1601314057E+00
     22.   3.  -0.3529411760E+01   0.9411764700E+00   0.0000000000E+00   0.1887785900E+03   0.0000000000E+00   0.0000000000E+00   0.1602230437E+00
     22.   4.  -0.3529411760E+01   0.9411764700E+00   0.0000000000E+00   0.1887870966E+03   0.0000000000E+00   0.0000000000E+00   0.1602365814E+00
     22.   5.  -0.3529411760E+01   0.9411764700E+00   0.0000000000E+00   0.1887893102E+03   0.0000000000E+00   0.0000000000E+00   0.1602401681E+00
     22.   6.  -0.3529411760E+01   0.9411764700E+00   0.0000000000E+00   0.1887901767E+03   0.0000000000E+00   0.0000000000E+00   0.1602413446E+00
     23.   1.  -0.3783783780E+01   0.6486486500E+00   0.0000000000E+00   0.1547076370E+03   0.0000000000E+00   0.0000000000E+00   0.1481808452E+00
     23.   2.  -0.3783783780E+01   0.6486486500E+00   0.0000000000E+00   0.1794019936E+03   0.0000000000E+00   0.0000000000E+00   0.1478715126E+00
     23.   3.  -0.3783783780E+01   0.6486486500E+00   0.0000000000E+00   0.1821073605E+03   0.0000000000E+00   0.0000000000E+00   0.1479556882E+00
     23.   4.  -0.3783783780E+01   0.6486486500E+00   0.0000000000E+00   0.1821266186E+03   0.0000000000E+00   0.0000000000E+00   0.1479679694E+00
     23.   5.  -0.3783783780E+01   0.6486486500E+00   0.0000000000E+00   0.1821308811E+03   0.0000000000E+00   0.0000000000E+00   0.1479708315E+00
     23.   6.  -0.3783783780E+01   0.6486486500E+00   0.0000000000E+00   0.1821322409E+03   0.0000000000E+00   0.0000000000E+00   0.1479706259E+00
     24.   1.  -0.3944827590E+01   0.3310344800E+00   0.0000000000E+00   0.1529088609E+03   0.0000000000E+00   0.0000000000E+00   0.1440878365E+00
     24.   2.  -0.3944827590E+01   0.3310344800E+00   0.0000000000E+00   0.1769149195E+03   0.0000000000E+00   0.0000000000E+00   0.1437320944E+00
     24.   3.  -0.3944827590E+01   0.3310344800E+00   0.0000000000E+00   0.1800756776E+03   0.0000000000E+00   0.0000000000E+00   0.1437633547E+00
     24.   4.  -0.3944827590E+01   0.3310344800E+00   0.0000000000E+00   0.1801452701E+03   0.0000000000E+00   0.0000000000E+00   0.1437409698E+00
     24.   5.  -0.3944827590E+01   0.3310344800E+00   0.0000000000E+00   0.1801675289E+03   0.0000000000E+00   0.0000000000E+00   0.1437307059E+00
     24.   6.  -0.3944827590E+01   0.3310344800E+00   0.0000000000E+00   0.1801840126E+03   0.0000000000E+00   0.0000000000E+00   0.1437300214E+00
     25.   1.  -0.4000000000E+01   0.0000000000E+00   0.0000000000E+00   0.1428023663E+03   0.0000000000E+00   0.0000000000E+00   0.1480459187E+00
     25.   2.  -0.4000000000E+01   0.0000000000E+00   0.0000000000E+00   0.1803993652E+03   0.0000000000E+00   0.0000000000E+00   0.1477698599E+00
     25.   3.  -0.4000000000E+01   0.0000000000E+00   0.0000000000E+00   0.1805232438E+03   0.0000000000E+00   0.0000000000E+00   0.1479565014E+00
     25.   4.  -0.4000000000E+01   0.0000000000E+00   0.0000000000E+00   0.1805801902E+03   0.0000000000E+00   0.0000000000E+00   0.1480461868E+00
     25.   5.  -0.4000000000E+01   0.0000000000E+00   0.0000000000E+00   0.1806201923E+03   0.0000000000E+00   0.0000000000E+00   0.1480845046E+00
     25.   6.  -0.4000000000E+01   0.0000000000E+00   0.0000000000E+00   0.1806463915E+03   0.0000000000E+00   0.0000000000E+00   0.1480953609E+00
