# digitalmodel crack_verification CINT table
# units: length=mm force=N stress=MPa K=MPa*sqrt(mm) J=N/mm
# mesh_level     1.
# front_nodes      49.
# contours   6.
# columns: node contour x y z K1 K2 K3 J
      1.   1.   0.4000000000E+01   0.0000000000E+00   0.0000000000E+00   0.1498562468E+03   0.0000000000E+00   0.0000000000E+00   0.1500575369E+00
      1.   2.   0.4000000000E+01   0.0000000000E+00   0.0000000000E+00   0.1824127680E+03   0.0000000000E+00   0.0000000000E+00   0.1498065602E+00
      1.   3.   0.4000000000E+01   0.0000000000E+00   0.0000000000E+00   0.1825230127E+03   0.0000000000E+00   0.0000000000E+00   0.1499740450E+00
      1.   4.   0.4000000000E+01   0.0000000000E+00   0.0000000000E+00   0.1825653555E+03   0.0000000000E+00   0.0000000000E+00   0.1500352334E+00
      1.   5.   0.4000000000E+01   0.0000000000E+00   0.0000000000E+00   0.1825927488E+03   0.0000000000E+00   0.0000000000E+00   0.1500446502E+00
      1.   6.   0.4000000000E+01   0.0000000000E+00   0.0000000000E+00   0.1826102141E+03   0.0000000000E+00   0.0000000000E+00   0.1500332061E+00
      2.   1.   0.3986135180E+01   0.1663778200E+00   0.0000000000E+00   0.1581864780E+03   0.0000000000E+00   0.0000000000E+00   0.1478366164E+00
      2.   2.   0.3986135180E+01   0.1663778200E+00   0.0000000000E+00   0.1805574008E+03   0.0000000000E+00   0.0000000000E+00   0.1475174086E+00
      2.   3.   0.3986135180E+01   0.1663778200E+00   0.0000000000E+00   0.1806960033E+03   0.0000000000E+00   0.0000000000E+00   0.1475617707E+00
      2.   4.   0.3986135180E+01   0.1663778200E+00   0.0000000000E+00   0.1807177055E+03   0.0000000000E+00   0.0000000000E+00   0.1475516905E+00
      2.   5.   0.3986135180E+01   0.1663778200E+00   0.0000000000E+00   0.1807313123E+03   0.0000000000E+00   0.0000000000E+00   0.1475539314E+00
      2.   6.   0.3986135180E+01   0.1663778200E+00   0.0000000000E+00   0.1807410104E+03   0.0000000000E+00   0.0000000000E+00   0.1475625060E+00
      3.   1.   0.3944827590E+01   0.3310344800E+00   0.0000000000E+00   0.1564107212E+03   0.0000000000E+00   0.0000000000E+00   0.1438411753E+00
      3.   2.   0.3944827590E+01   0.3310344800E+00   0.0000000000E+00   0.1781871327E+03   0.0000000000E+00   0.0000000000E+00   0.1435576451E+00
      3.   3.   0.3944827590E+01   0.3310344800E+00   0.0000000000E+00   0.1783162071E+03   0.0000000000E+00   0.0000000000E+00   0.1436413141E+00
      3.   4.   0.3944827590E+01   0.3310344800E+00   0.0000000000E+00   0.1783271233E+03   0.0000000000E+00   0.0000000000E+00   0.1436534572E+00
      3.   5.   0.3944827590E+01   0.3310344800E+00   0.0000000000E+00   0.1783303337E+03   0.0000000000E+00   0.0000000000E+00   0.1436562690E+00
      3.   6.   0.3944827590E+01   0.3310344800E+00   0.0000000000E+00   0.1783312025E+03   0.0000000000E+00   0.0000000000E+00   0.1436562207E+00
      4.   1.   0.3876923080E+01   0.4923076900E+00   0.0000000000E+00   0.1573352534E+03   0.0000000000E+00   0.0000000000E+00   0.1444727380E+00
      4.   2.   0.3876923080E+01   0.4923076900E+00   0.0000000000E+00   0.1785394415E+03   0.0000000000E+00   0.0000000000E+00   0.1441910009E+00
      4.   3.   0.3876923080E+01   0.4923076900E+00   0.0000000000E+00   0.1786338793E+03   0.0000000000E+00   0.0000000000E+00   0.1442751506E+00
      4.   4.   0.3876923080E+01   0.4923076900E+00   0.0000000000E+00   0.1786420556E+03   0.0000000000E+00   0.0000000000E+00   0.1442874493E+00
      4.   5.   0.3876923080E+01   0.4923076900E+00   0.0000000000E+00   0.1786440673E+03   0.0000000000E+00   0.0000000000E+00   0.1442905718E+00
      4.   6.   0.3876923080E+01   0.4923076900E+00   0.0000000000E+00   0.1786447176E+03   0.0000000000E+00   0.0000000000E+00   0.1442915425E+00
      5.   1.   0.3783783780E+01   0.6486486500E+00   0.0000000000E+00   0.1601425624E+03   0.0000000000E+00   0.0000000000E+00   0.1481636815E+00
      5.   2.   0.3783783780E+01   0.6486486500E+00   0.0000000000E+00   0.1807339617E+03   0.0000000000E+00   0.0000000000E+00   0.1478781840E+00
      5.   3.   0.3783783780E+01   0.6486486500E+00   0.0000000000E+00   0.1808047221E+03   0.0000000000E+00   0.0000000000E+00   0.1479646085E+00
      5.   4.   0.3783783780E+01   0.6486486500E+00   0.0000000000E+00   0.1808129287E+03   0.0000000000E+00   0.0000000000E+00   0.1479772538E+00
      5.   5.   0.3783783780E+01   0.6486486500E+00   0.0000000000E+00   0.1808150499E+03   0.0000000000E+00   0.0000000000E+00   0.1479804617E+00
      5.   6.   0.3783783780E+01   0.6486486500E+00   0.0000000000E+00   0.1808157867E+03   0.0000000000E+00   0.0000000000E+00   0.1479815002E+00
      6.   1.   0.3667221300E+01   0.7986688900E+00   0.0000000000E+00   0.1642060364E+03   0.0000000000E+00   0.0000000000E+00   0.1537736635E+00
      6.   2.   0.3667221300E+01   0.7986688900E+00   0.0000000000E+00   0.1840408064E+03   0.0000000000E+00   0.0000000000E+00   0.1534804166E+00
      6.   3.   0.3667221300E+01   0.7986688900E+00   0.0000000000E+00   0.1841026491E+03   0.0000000000E+00   0.0000000000E+00   0.1535702237E+00
      6.   4.   0.3667221300E+01   0.7986688900E+00   0.0000000000E+00   0.1841110213E+03   0.0000000000E+00   0.0000000000E+00   0.1535833775E+00
      6.   5.   0.3667221300E+01   0.7986688900E+00   0.0000000000E+00   0.1841131966E+03   0.0000000000E+00   0.0000000000E+00   0.1535867399E+00
      6.   6.   0.3667221300E+01   0.7986688900E+00   0.0000000000E+00   0.1841139678E+03   0.0000000000E+00   0.0000000000E+00   0.1535878657E+00
      7.   1.   0.3529411760E+01   0.9411764700E+00   0.0000000000E+00   0.1691323577E+03   0.0000000000E+00   0.0000000000E+00   0.1605213351E+00
      7.   2.   0.3529411760E+01   0.9411764700E+00   0.0000000000E+00   0.1879527218E+03   0.0000000000E+00   0.0000000000E+00   0.1602178042E+00
      7.   3.   0.3529411760E+01   0.9411764700E+00   0.0000000000E+00   0.1880131224E+03   0.0000000000E+00   0.0000000000E+00   0.1603116459E+00
      7.   4.   0.3529411760E+01   0.9411764700E+00   0.0000000000E+00   0.1880217136E+03   0.0000000000E+00   0.0000000000E+00   0.1603254011E+00
      7.   5.   0.3529411760E+01   0.9411764700E+00   0.0000000000E+00   0.1880239573E+03   0.0000000000E+00   0.0000000000E+00   0.1603289293E+00
      7.   6.   0.3529411760E+01   0.9411764700E+00   0.0000000000E+00   0.1880247659E+03   0.0000000000E+00   0.0000000000E+00   0.1603301291E+00
      8.   1.   0.3372800000E+01   0.1075200000E+01   0.0000000000E+00   0.1754077161E+03   0.0000000000E+00   0.0000000000E+00   0.1678523875E+00
      8.   2.   0.3372800000E+01   0.1075200000E+01   0.0000000000E+00   0.1920974619E+03   0.0000000000E+00   0.0000000000E+00   0.1675370430E+00
      8.   3.   0.3372800000E+01   0.1075200000E+01   0.0000000000E+00   0.1921588598E+03   0.0000000000E+00   0.0000000000E+00   0.1676352471E+00
      8.   4.   0.3372800000E+01   0.1075200000E+01   0.0000000000E+00   0.1921676658E+03   0.0000000000E+00   0.0000000000E+00   0.1676496505E+00
      8.   5.   0.3372800000E+01   0.1075200000E+01   0.0000000000E+00   0.1921699738E+03   0.0000000000E+00   0.0000000000E+00   0.1676533566E+00
      8.   6.   0.3372800000E+01   0.1075200000E+01   0.0000000000E+00   0.1921708169E+03   0.0000000000E+00   0.0000000000E+00   0.1676546329E+00
      9.   1.   0.3200000000E+01   0.1200000000E+01   0.0000000000E+00   0.1802345061E+03   0.0000000000E+00   0.0000000000E+00   0.1753676839E+00
      9.   2.   0.3200000000E+01   0.1200000000E+01   0.0000000000E+00   0.1963087091E+03   0.0000000000E+00   0.0000000000E+00   0.1750398136E+00
      9.   3.   0.3200000000E+01   0.1200000000E+01   0.0000000000E+00   0.1963716519E+03   0.0000000000E+00   0.0000000000E+00   0.1751424769E+00
      9.   4.   0.3200000000E+01   0.1200000000E+01   0.0000000000E+00   0.1963806681E+03   0.0000000000E+00   0.0000000000E+00   0.1751575414E+00
      9.   5.   0.3200000000E+01   0.1200000000E+01   0.0000000000E+00   0.1963830394E+03   0.0000000000E+00   0.0000000000E+00   0.1751614266E+00
      9.   6.   0.3200000000E+01   0.1200000000E+01   0.0000000000E+00   0.1963839153E+03   0.0000000000E+00   0.0000000000E+00   0.1751627770E+00
     10.   1.   0.3013698630E+01   0.1315068490E+01   0.0000000000E+00   0.1852220050E+03   0.0000000000E+00   0.0000000000E+00   0.1827808041E+00
     10.   2.   0.3013698630E+01   0.1315068490E+01   0.0000000000E+00   0.2003827134E+03   0.0000000000E+00   0.0000000000E+00   0.1824403002E+00
     10.   3.   0.3013698630E+01   0.1315068490E+01   0.0000000000E+00   0.2004471847E+03   0.0000000000E+00   0.0000000000E+00   0.1825473528E+00
     10.   4.   0.3013698630E+01   0.1315068490E+01   0.0000000000E+00   0.2004563990E+03   0.0000000000E+00   0.0000000000E+00   0.1825630675E+00
     10.   5.   0.3013698630E+01   0.1315068490E+01   0.0000000000E+00   0.2004588305E+03   0.0000000000E+00   0.0000000000E+00   0.1825671279E+00
     10.   6.   0.3013698630E+01   0.1315068490E+01   0.0000000000E+00   0.2004597367E+03   0.0000000000E+00   0.0000000000E+00   0.1825685492E+00
     11.   1.   0.2816568050E+01   0.1420118340E+01   0.0000000000E+00   0.1902065881E+03   0.0000000000E+00   0.0000000000E+00   0.1898893502E+00
     11.   2.   0.2816568050E+01   0.1420118340E+01   0.0000000000E+00   0.2042171080E+03   0.0000000000E+00   0.0000000000E+00   0.1895365394E+00
     11.   3.   0.2816568050E+01   0.1420118340E+01   0.0000000000E+00   0.2042829515E+03   0.0000000000E+00   0.0000000000E+00   0.1896477937E+00
     11.   4.   0.2816568050E+01   0.1420118340E+01   0.0000000000E+00   0.2042923494E+03   0.0000000000E+00   0.0000000000E+00   0.1896641301E+00
     11.   5.   0.2816568050E+01   0.1420118340E+01   0.0000000000E+00   0.2042948368E+03   0.0000000000E+00   0.0000000000E+00   0.1896683575E+00
     11.   6.   0.2816568050E+01   0.1420118340E+01   0.0000000000E+00   0.2042957706E+03   0.0000000000E+00   0.0000000000E+00   0.1896698454E+00
     12.   1.   0.2611190820E+01   0.1515064560E+01   0.0000000000E+00   0.1951823246E+03   0.0000000000E+00   0.0000000000E+00   0.1965546412E+00
     12.   2.   0.2611190820E+01   0.1515064560E+01   0.0000000000E+00   0.2077508629E+03   0.0000000000E+00   0.0000000000E+00   0.1961901728E+00
     12.   3.   0.2611190820E+01   0.1515064560E+01   0.0000000000E+00   0.2078178978E+03   0.0000000000E+00   0.0000000000E+00   0.1963053633E+00
     12.   4.   0.2611190820E+01   0.1515064560E+01   0.0000000000E+00   0.2078274628E+03   0.0000000000E+00   0.0000000000E+00   0.1963222816E+00
     12.   5.   0.2611190820E+01   0.1515064560E+01   0.0000000000E+00   0.2078300016E+03   0.0000000000E+00   0.0000000000E+00   0.1963266647E+00
     12.   6.   0.2611190820E+01   0.1515064560E+01   0.0000000000E+00   0.2078309603E+03   0.0000000000E+00   0.0000000000E+00   0.1963282141E+00
     13.   1.   0.2400000000E+01   0.1600000000E+01   0.0000000000E+00   0.2004129423E+03   0.0000000000E+00   0.0000000000E+00   0.2026867707E+00
     13.   2.   0.2400000000E+01   0.1600000000E+01   0.0000000000E+00   0.2109506290E+03   0.0000000000E+00   0.0000000000E+00   0.2023115034E+00
     13.   3.   0.2400000000E+01   0.1600000000E+01   0.0000000000E+00   0.2110186844E+03   0.0000000000E+00   0.0000000000E+00   0.2024303115E+00
     13.   4.   0.2400000000E+01   0.1600000000E+01   0.0000000000E+00   0.2110283995E+03   0.0000000000E+00   0.0000000000E+00   0.2024477647E+00
     13.   5.   0.2400000000E+01   0.1600000000E+01   0.0000000000E+00   0.2110309846E+03   0.0000000000E+00   0.0000000000E+00   0.2024522907E+00
     13.   6.   0.2400000000E+01   0.1600000000E+01   0.0000000000E+00   0.2110319656E+03   0.0000000000E+00   0.0000000000E+00   0.2024538962E+00
     14.   1.   0.2185234900E+01   0.1675167790E+01   0.0000000000E+00   0.2069967054E+03   0.0000000000E+00   0.0000000000E+00   0.2082331989E+00
     14.   2.   0.2185234900E+01   0.1675167790E+01   0.0000000000E+00   0.2138016996E+03   0.0000000000E+00   0.0000000000E+00   0.2078480823E+00
     14.   3.   0.2185234900E+01   0.1675167790E+01   0.0000000000E+00   0.2138706203E+03   0.0000000000E+00   0.0000000000E+00   0.2079701604E+00
     14.   4.   0.2185234900E+01   0.1675167790E+01   0.0000000000E+00   0.2138804683E+03   0.0000000000E+00   0.0000000000E+00   0.2079880967E+00
     14.   5.   0.2185234900E+01   0.1675167790E+01   0.0000000000E+00   0.2138830947E+03   0.0000000000E+00   0.0000000000E+00   0.2079927516E+00
     14.   6.   0.2185234900E+01   0.1675167790E+01   0.0000000000E+00   0.2138840955E+03   0.0000000000E+00   0.0000000000E+00   0.2079944074E+00
     15.   1.   0.1968911920E+01   0.1740932640E+01   0.0000000000E+00   0.2138729712E+03   0.0000000000E+00   0.0000000000E+00   0.2131695513E+00
     15.   2.   0.1968911920E+01   0.1740932640E+01   0.0000000000E+00   0.2163055994E+03   0.0000000000E+00   0.0000000000E+00   0.2127756578E+00
     15.   3.   0.1968911920E+01   0.1740932640E+01   0.0000000000E+00   0.2163752457E+03   0.0000000000E+00   0.0000000000E+00   0.2129006444E+00
     15.   4.   0.1968911920E+01   0.1740932640E+01   0.0000000000E+00   0.2163852097E+03   0.0000000000E+00   0.0000000000E+00   0.2129190105E+00
     15.   5.   0.1968911920E+01   0.1740932640E+01   0.0000000000E+00   0.2163878725E+03   0.0000000000E+00   0.0000000000E+00   0.2129237799E+00
     15.   6.   0.1968911920E+01   0.1740932640E+01   0.0000000000E+00   0.2163888908E+03   0.0000000000E+00   0.0000000000E+00   0.2129254803E+00
     16.   1.   0.1752808990E+01   0.1797752810E+01   0.0000000000E+00   0.2166674608E+03   0.0000000000E+00   0.0000000000E+00   0.2174927115E+00
     16.   2.   0.1752808990E+01   0.1797752810E+01   0.0000000000E+00   0.2184791437E+03   0.0000000000E+00   0.0000000000E+00   0.2170911120E+00
     16.   3.   0.1752808990E+01   0.1797752810E+01   0.0000000000E+00   0.2185493913E+03   0.0000000000E+00   0.0000000000E+00   0.2172186443E+00
     16.   4.   0.1752808990E+01   0.1797752810E+01   0.0000000000E+00   0.2185594557E+03   0.0000000000E+00   0.0000000000E+00   0.2172373865E+00
     16.   5.   0.1752808990E+01   0.1797752810E+01   0.0000000000E+00   0.2185621502E+03   0.0000000000E+00   0.0000000000E+00   0.2172422562E+00
     16.   6.   0.1752808990E+01   0.1797752810E+01   0.0000000000E+00   0.2185631836E+03   0.0000000000E+00   0.0000000000E+00   0.2172439953E+00
     17.   1.   0.1538461540E+01   0.1846153850E+01   0.0000000000E+00   0.2181798442E+03   0.0000000000E+00   0.0000000000E+00   0.2212152869E+00
     17.   2.   0.1538461540E+01   0.1846153850E+01   0.0000000000E+00   0.2203354212E+03   0.0000000000E+00   0.0000000000E+00   0.2208070377E+00
     17.   3.   0.1538461540E+01   0.1846153850E+01   0.0000000000E+00   0.2204061593E+03   0.0000000000E+00   0.0000000000E+00   0.2209367615E+00
     17.   4.   0.1538461540E+01   0.1846153850E+01   0.0000000000E+00   0.2204163087E+03   0.0000000000E+00   0.0000000000E+00   0.2209558279E+00
     17.   5.   0.1538461540E+01   0.1846153850E+01   0.0000000000E+00   0.2204190306E+03   0.0000000000E+00   0.0000000000E+00   0.2209607839E+00
     17.   6.   0.1538461540E+01   0.1846153850E+01   0.0000000000E+00   0.2204200771E+03   0.0000000000E+00   0.0000000000E+00   0.2209625563E+00
     18.   1.   0.1327167630E+01   0.1886705200E+01   0.0000000000E+00   0.2196463087E+03   0.0000000000E+00   0.0000000000E+00   0.2243612141E+00
     18.   2.   0.1327167630E+01   0.1886705200E+01   0.0000000000E+00   0.2218921043E+03   0.0000000000E+00   0.0000000000E+00   0.2239473491E+00
     18.   3.   0.1327167630E+01   0.1886705200E+01   0.0000000000E+00   0.2219632336E+03   0.0000000000E+00   0.0000000000E+00   0.2240789261E+00
     18.   4.   0.1327167630E+01   0.1886705200E+01   0.0000000000E+00   0.2219734544E+03   0.0000000000E+00   0.0000000000E+00   0.2240982662E+00
     18.   5.   0.1327167630E+01   0.1886705200E+01   0.0000000000E+00   0.2219761994E+03   0.0000000000E+00   0.0000000000E+00   0.2241032951E+00
     18.   6.   0.1327167630E+01   0.1886705200E+01   0.0000000000E+00   0.2219772570E+03   0.0000000000E+00   0.0000000000E+00   0.2241050955E+00
     19.   1.   0.1120000000E+01   0.1920000000E+01   0.0000000000E+00   0.2209799728E+03   0.0000000000E+00   0.0000000000E+00   0.2269622446E+00
     19.   2.   0.1120000000E+01   0.1920000000E+01   0.0000000000E+00   0.2231708526E+03   0.0000000000E+00   0.0000000000E+00   0.2265437206E+00
     19.   3.   0.1120000000E+01   0.1920000000E+01   0.0000000000E+00   0.2232422855E+03   0.0000000000E+00   0.0000000000E+00   0.2266768275E+00
     19.   4.   0.1120000000E+01   0.1920000000E+01   0.0000000000E+00   0.2232525643E+03   0.0000000000E+00   0.0000000000E+00   0.2266963940E+00
     19.   5.   0.1120000000E+01   0.1920000000E+01   0.0000000000E+00   0.2232553287E+03   0.0000000000E+00   0.0000000000E+00   0.2267014830E+00
     19.   6.   0.1120000000E+01   0.1920000000E+01   0.0000000000E+00   0.2232563957E+03   0.0000000000E+00   0.0000000000E+00   0.2267033066E+00
     20.   1.   0.9178228400E+00   0.1946638210E+01   0.0000000000E+00   0.2221117308E+03   0.0000000000E+00   0.0000000000E+00   0.2290550152E+00
     20.   2.   0.9178228400E+00   0.1946638210E+01   0.0000000000E+00   0.2241943132E+03   0.0000000000E+00   0.0000000000E+00   0.2286327808E+00
     20.   3.   0.9178228400E+00   0.1946638210E+01   0.0000000000E+00   0.2242659703E+03   0.0000000000E+00   0.0000000000E+00   0.2287671184E+00
     20.   4.   0.9178228400E+00   0.1946638210E+01   0.0000000000E+00   0.2242762954E+03   0.0000000000E+00   0.0000000000E+00   0.2287868667E+00
     20.   5.   0.9178228400E+00   0.1946638210E+01   0.0000000000E+00   0.2242790754E+03   0.0000000000E+00   0.0000000000E+00   0.2287920039E+00
     20.   6.   0.9178228400E+00   0.1946638210E+01   0.0000000000E+00   0.2242801503E+03   0.0000000000E+00   0.0000000000E+00   0.2287938462E+00
     21.   1.   0.7213114800E+00   0.1967213110E+01   0.0000000000E+00   0.2230354211E+03   0.0000000000E+00   0.0000000000E+00   0.2306790427E+00
     21.   2.   0.7213114800E+00   0.1967213110E+01   0.0000000000E+00   0.2249851370E+03   0.0000000000E+00   0.0000000000E+00   0.2302539390E+00
     21.   3.   0.7213114800E+00   0.1967213110E+01   0.0000000000E+00   0.2250569486E+03   0.0000000000E+00   0.0000000000E+00   0.2303892336E+00
     21.   4.   0.7213114800E+00   0.1967213110E+01   0.0000000000E+00   0.2250673093E+03   0.0000000000E+00   0.0000000000E+00   0.2304091231E+00
     21.   5.   0.7213114800E+00   0.1967213110E+01   0.0000000000E+00   0.2250701020E+03   0.0000000000E+00   0.0000000000E+00   0.2304142981E+00
     21.   6.   0.7213114800E+00   0.1967213110E+01   0.0000000000E+00   0.2250711833E+03   0.0000000000E+00   0.0000000000E+00   0.2304161547E+00
     22.   1.   0.5309734500E+00   0.1982300880E+01   0.0000000000E+00   0.2237665832E+03   0.0000000000E+00   0.0000000000E+00   0.2318749178E+00
     22.   2.   0.5309734500E+00   0.1982300880E+01   0.0000000000E+00   0.2255654057E+03   0.0000000000E+00   0.0000000000E+00   0.2314476836E+00
     22.   3.   0.5309734500E+00   0.1982300880E+01   0.0000000000E+00   0.2256373105E+03   0.0000000000E+00   0.0000000000E+00   0.2315836810E+00
     22.   4.   0.5309734500E+00   0.1982300880E+01   0.0000000000E+00   0.2256476970E+03   0.0000000000E+00   0.0000000000E+00   0.2316036743E+00
     22.   5.   0.5309734500E+00   0.1982300880E+01   0.0000000000E+00   0.2256504993E+03   0.0000000000E+00   0.0000000000E+00   0.2316088768E+00
     22.   6.   0.5309734500E+00   0.1982300880E+01   0.0000000000E+00   0.2256515855E+03   0.0000000000E+00   0.0000000000E+00   0.2316107443E+00
     23.   1.   0.3471698100E+00   0.1992452830E+01   0.0000000000E+00   0.2243267656E+03   0.0000000000E+00   0.0000000000E+00   0.2326829724E+00
     23.   2.   0.3471698100E+00   0.1992452830E+01   0.0000000000E+00   0.2259562359E+03   0.0000000000E+00   0.0000000000E+00   0.2322543289E+00
     23.   3.   0.3471698100E+00   0.1992452830E+01   0.0000000000E+00   0.2260281792E+03   0.0000000000E+00   0.0000000000E+00   0.2323908011E+00
     23.   4.   0.3471698100E+00   0.1992452830E+01   0.0000000000E+00   0.2260385829E+03   0.0000000000E+00   0.0000000000E+00   0.2324108646E+00
     23.   5.   0.3471698100E+00   0.1992452830E+01   0.0000000000E+00   0.2260413924E+03   0.0000000000E+00   0.0000000000E+00   0.2324160860E+00
     23.   6.   0.3471698100E+00   0.1992452830E+01   0.0000000000E+00   0.2260424826E+03   0.0000000000E+00   0.0000000000E+00   0.2324179607E+00
     24.   1.   0.1701357500E+00   0.1998190050E+01   0.0000000000E+00   0.2247404304E+03   0.0000000000E+00   0.0000000000E+00   0.2331423080E+00
     24.   2.   0.1701357500E+00   0.1998190050E+01   0.0000000000E+00   0.2261774117E+03   0.0000000000E+00   0.0000000000E+00   0.2327128582E+00
     24.   3.   0.1701357500E+00   0.1998190050E+01   0.0000000000E+00   0.2262493447E+03   0.0000000000E+00   0.0000000000E+00   0.2328496000E+00
     24.   4.   0.1701357500E+00   0.1998190050E+01   0.0000000000E+00   0.2262597574E+03   0.0000000000E+00   0.0000000000E+00   0.2328697033E+00
     24.   5.   0.1701357500E+00   0.1998190050E+01   0.0000000000E+00   0.2262625717E+03   0.0000000000E+00   0.0000000000E+00   0.2328749349E+00
     24.   6.   0.1701357500E+00   0.1998190050E+01   0.0000000000E+00   0.2262636647E+03   0.0000000000E+00   0.0000000000E+00   0.2328768136E+00
     25.   1.   0.0000000000E+00   0.2000000000E+01   0.0000000000E+00   0.2248931647E+03   0.0000000000E+00   0.0000000000E+00   0.2332911156E+00
     25.   2.   0.0000000000E+00   0.2000000000E+01   0.0000000000E+00   0.2262485227E+03   0.0000000000E+00   0.0000000000E+00   0.2328617611E+00
     25.   3.   0.0000000000E+00   0.2000000000E+01   0.0000000000E+00   0.2263204383E+03   0.0000000000E+00   0.0000000000E+00   0.2329985373E+00
     25.   4.   0.0000000000E+00   0.2000000000E+01   0.0000000000E+00   0.2263308600E+03   0.0000000000E+00   0.0000000000E+00   0.2330186606E+00
     25.   5.   0.0000000000E+00   0.2000000000E+01   0.0000000000E+00   0.2263336807E+03   0.0000000000E+00   0.0000000000E+00   0.2330239027E+00
     25.   6.   0.0000000000E+00   0.2000000000E+01   0.0000000000E+00   0.2263347786E+03   0.0000000000E+00   0.0000000000E+00   0.2330257905E+00
     26.   1.  -0.1701357500E+00   0.1998190050E+01   0.0000000000E+00   0.2247404304E+03   0.0000000000E+00   0.0000000000E+00   0.2331423080E+00
     26.   2.  -0.1701357500E+00   0.1998190050E+01   0.0000000000E+00   0.2261774117E+03   0.0000000000E+00   0.0000000000E+00   0.2327128582E+00
     26.   3.  -0.1701357500E+00   0.1998190050E+01   0.0000000000E+00   0.2262493447E+03   0.0000000000E+00   0.0000000000E+00   0.2328496000E+00
     26.   4.  -0.1701357500E+00   0.1998190050E+01   0.0000000000E+00   0.2262597574E+03   0.0000000000E+00   0.0000000000E+00   0.2328697033E+00
     26.   5.  -0.1701357500E+00   0.1998190050E+01   0.0000000000E+00   0.2262625717E+03   0.0000000000E+00   0.0000000000E+00   0.2328749349E+00
     26.   6.  -0.1701357500E+00   0.1998190050E+01   0.0000000000E+00   0.2262636647E+03   0.0000000000E+00   0.0000000000E+00   0.2328768136E+00
     27.   1.  -0.3471698100E+00   0.1992452830E+01   0.0000000000E+00   0.2243267656E+03   0.0000000000E+00   0.0000000000E+00   0.2326829724E+00
     27.   2.  -0.3471698100E+00   0.1992452830E+01   0.0000000000E+00   0.2259562359E+03   0.0000000000E+00   0.0000000000E+00   0.2322543289E+00
     27.   3.  -0.3471698100E+00   0.1992452830E+01   0.0000000000E+00   0.2260281792E+03   0.0000000000E+00   0.0000000000E+00   0.2323908011E+00
     27.   4.  -0.3471698100E+00   0.1992452830E+01   0.0000000000E+00   0.2260385829E+03   0.0000000000E+00   0.0000000000E+00   0.2324108647E+00
     27.   5.  -0.3471698100E+00   0.1992452830E+01   0.0000000000E+00   0.2260413924E+03   0.0000000000E+00   0.0000000000E+00   0.2324160860E+00
     27.   6.  -0.3471698100E+00   0.1992452830E+01   0.0000000000E+00   0.2260424826E+03   0.0000000000E+00   0.0000000000E+00   0.2324179607E+00
     28.   1.  -0.5309734500E+00   0.1982300880E+01   0.0000000000E+00   0.2237665832E+03   0.0000000000E+00   0.0000000000E+00   0.2318749178E+00
     28.   2.  -0.5309734500E+00   0.1982300880E+01   0.0000000000E+00   0.2255654057E+03   0.0000000000E+00   0.0000000000E+00   0.2314476836E+00
     28.   3.  -0.5309734500E+00   0.1982300880E+01   0.0000000000E+00   0.2256373105E+03   0.0000000000E+00   0.0000000000E+00   0.2315836810E+00
     28.   4.  -0.5309734500E+00   0.1982300880E+01   0.0000000000E+00   0.2256476970E+03   0.0000000000E+00   0.0000000000E+00   0.2316036743E+00
     28.   5.  -0.5309734500E+00   0.1982300880E+01   0.0000000000E+00   0.2256504993E+03   0.0000000000E+00   0.0000000000E+00   0.2316088768E+00
     28.   6.  -0.5309734500E+00   0.1982300880E+01   0.0000000000E+00   0.2256515855E+03   0.0000000000E+00   0.0000000000E+00   0.2316107443E+00
     29.   1.  -0.7213114800E+00   0.1967213110E+01   0.0000000000E+00   0.2230354211E+03   0.0000000000E+00   0.0000000000E+00   0.2306790427E+00
     29.   2.  -0.7213114800E+00   0.1967213110E+01   0.0000000000E+00   0.2249851370E+03   0.0000000000E+00   0.0000000000E+00   0.2302539390E+00
     29.   3.  -0.7213114800E+00   0.1967213110E+01   0.0000000000E+00   0.2250569486E+03   0.0000000000E+00   0.0000000000E+00   0.2303892337E+00
     29.   4.  -0.7213114800E+00   0.1967213110E+01   0.0000000000E+00   0.2250673093E+03   0.0000000000E+00   0.0000000000E+00   0.2304091231E+00
     29.   5.  -0.7213114800E+00   0.1967213110E+01   0.0000000000E+00   0.2250701020E+03   0.0000000000E+00   0.0000000000E+00   0.2304142981E+00
     29.   6.  -0.7213114800E+00   0.1967213110E+01   0.0000000000E+00   0.2250711833E+03   0.0000000000E+00   0.0000000000E+00   0.2304161547E+00
     30.   1.  -0.9178228400E+00   0.1946638210E+01   0.0000000000E+00   0.2221117308E+03   0.0000000000E+00   0.0000000000E+00   0.2290550153E+00
     30.   2.  -0.9178228400E+00   0.1946638210E+01   0.0000000000E+00   0.2241943132E+03   0.0000000000E+00   0.0000000000E+00   0.2286327808E+00
     30.   3.  -0.9178228400E+00   0.1946638210E+01   0.0000000000E+00   0.2242659703E+03   0.0000000000E+00   0.0000000000E+00   0.2287671184E+00
     30.   4.  -0.9178228400E+00   0.1946638210E+01   0.0000000000E+00   0.2242762954E+03   0.0000000000E+00   0.0000000000E+00   0.2287868667E+00
     30.   5.  -0.9178228400E+00   0.1946638210E+01   0.0000000000E+00   0.2242790754E+03   0.0000000000E+00   0.0000000000E+00   0.2287920039E+00
     30.   6.  -0.9178228400E+00   0.1946638210E+01   0.0000000000E+00   0.2242801503E+03   0.0000000000E+00   0.0000000000E+00   0.2287938463E+00
     31.   1.  -0.1120000000E+01   0.1920000000E+01   0.0000000000E+00   0.2209799728E+03   0.0000000000E+00   0.0000000000E+00   0.2269622446E+00
     31.   2.  -0.1120000000E+01   0.1920000000E+01   0.0000000000E+00   0.2231708526E+03   0.0000000000E+00   0.0000000000E+00   0.2265437206E+00
     31.   3.  -0.1120000000E+01   0.1920000000E+01   0.0000000000E+00   0.2232422855E+03   0.0000000000E+00   0.0000000000E+00   0.2266768275E+00
     31.   4.  -0.1120000000E+01   0.1920000000E+01   0.0000000000E+00   0.2232525643E+03   0.0000000000E+00   0.0000000000E+00   0.2266963940E+00
     31.   5.  -0.1120000000E+01   0.1920000000E+01   0.0000000000E+00   0.2232553287E+03   0.0000000000E+00   0.0000000000E+00   0.2267014830E+00
     31.   6.  -0.1120000000E+01   0.1920000000E+01   0.0000000000E+00   0.2232563957E+03   0.0000000000E+00   0.0000000000E+00   0.2267033066E+00
     32.   1.  -0.1327167630E+01   0.1886705200E+01   0.0000000000E+00   0.2196463087E+03   0.0000000000E+00   0.0000000000E+00   0.2243612141E+00
     32.   2.  -0.1327167630E+01   0.1886705200E+01   0.0000000000E+00   0.2218921043E+03   0.0000000000E+00   0.0000000000E+00   0.2239473491E+00
     32.   3.  -0.1327167630E+01   0.1886705200E+01   0.0000000000E+00   0.2219632336E+03   0.0000000000E+00   0.0000000000E+00   0.2240789261E+00
     32.   4.  -0.1327167630E+01   0.1886705200E+01   0.0000000000E+00   0.2219734544E+03   0.0000000000E+00   0.0000000000E+00   0.2240982662E+00
     32.   5.  -0.1327167630E+01   0.1886705200E+01   0.0000000000E+00   0.2219761994E+03   0.0000000000E+00   0.0000000000E+00   0.2241032951E+00
     32.   6.  -0.1327167630E+01   0.1886705200E+01   0.0000000000E+00   0.2219772570E+03   0.0000000000E+00   0.0000000000E+00   0.2241050955E+00
     33.   1.  -0.1538461540E+01   0.1846153850E+01   0.0000000000E+00   0.2181798442E+03   0.0000000000E+00   0.0000000000E+00   0.2212152869E+00
     33.   2.  -0.1538461540E+01   0.1846153850E+01   0.0000000000E+00   0.2203354212E+03   0.0000000000E+00   0.0000000000E+00   0.2208070377E+00
     33.   3.  -0.1538461540E+01   0.1846153850E+01   0.0000000000E+00   0.2204061593E+03   0.0000000000E+00   0.0000000000E+00   0.2209367616E+00
     33.   4.  -0.1538461540E+01   0.1846153850E+01   0.0000000000E+00   0.2204163087E+03   0.0000000000E+00   0.0000000000E+00   0.2209558279E+00
     33.   5.  -0.1538461540E+01   0.1846153850E+01   0.0000000000E+00   0.2204190306E+03   0.0000000000E+00   0.0000000000E+00   0.2209607839E+00
     33.   6.  -0.1538461540E+01   0.1846153850E+01   0.0000000000E+00   0.2204200771E+03   0.0000000000E+00   0.0000000000E+00   0.2209625563E+00
     34.   1.  -0.1752808990E+01   0.1797752810E+01   0.0000000000E+00   0.2166674608E+03   0.0000000000E+00   0.0000000000E+00   0.2174927115E+00
     34.   2.  -0.1752808990E+01   0.1797752810E+01   0.0000000000E+00   0.2184791437E+03   0.0000000000E+00   0.0000000000E+00   0.2170911120E+00
     34.   3.  -0.1752808990E+01   0.1797752810E+01   0.0000000000E+00   0.2185493913E+03   0.0000000000E+00   0.0000000000E+00   0.2172186443E+00
     34.   4.  -0.1752808990E+01   0.1797752810E+01   0.0000000000E+00   0.2185594557E+03   0.0000000000E+00   0.0000000000E+00   0.2172373865E+00
     34.   5.  -0.1752808990E+01   0.1797752810E+01   0.0000000000E+00   0.2185621502E+03   0.0000000000E+00   0.0000000000E+00   0.2172422562E+00
     34.   6.  -0.1752808990E+01   0.1797752810E+01   0.0000000000E+00   0.2185631836E+03   0.0000000000E+00   0.0000000000E+00   0.2172439954E+00
     35.   1.  -0.1968911920E+01   0.1740932640E+01   0.0000000000E+00   0.2138729712E+03   0.0000000000E+00   0.0000000000E+00   0.2131695513E+00
     35.   2.  -0.1968911920E+01   0.1740932640E+01   0.0000000000E+00   0.2163055994E+03   0.0000000000E+00   0.0000000000E+00   0.2127756578E+00
     35.   3.  -0.1968911920E+01   0.1740932640E+01   0.0000000000E+00   0.2163752457E+03   0.0000000000E+00   0.0000000000E+00   0.2129006444E+00
     35.   4.  -0.1968911920E+01   0.1740932640E+01   0.0000000000E+00   0.2163852097E+03   0.0000000000E+00   0.0000000000E+00   0.2129190105E+00
     35.   5.  -0.1968911920E+01   0.1740932640E+01   0.0000000000E+00   0.2163878725E+03   0.0000000000E+00   0.0000000000E+00   0.2129237800E+00
     35.   6.  -0.1968911920E+01   0.1740932640E+01   0.0000000000E+00   0.2163888908E+03   0.0000000000E+00   0.0000000000E+00   0.2129254803E+00
     36.   1.  -0.2185234900E+01   0.1675167790E+01   0.0000000000E+00   0.2069967054E+03   0.0000000000E+00   0.0000000000E+00   0.2082331989E+00
     36.   2.  -0.2185234900E+01   0.1675167790E+01   0.0000000000E+00   0.2138016996E+03   0.0000000000E+00   0.0000000000E+00   0.2078480823E+00
     36.   3.  -0.2185234900E+01   0.1675167790E+01   0.0000000000E+00   0.2138706203E+03   0.0000000000E+00   0.0000000000E+00   0.2079701604E+00
     36.   4.  -0.2185234900E+01   0.1675167790E+01   0.0000000000E+00   0.2138804683E+03   0.0000000000E+00   0.0000000000E+00   0.2079880967E+00
     36.   5.  -0.2185234900E+01   0.1675167790E+01   0.0000000000E+00   0.2138830947E+03   0.0000000000E+00   0.0000000000E+00   0.2079927516E+00
     36.   6.  -0.2185234900E+01   0.1675167790E+01   0.0000000000E+00   0.2138840955E+03   0.0000000000E+00   0.0000000000E+00   0.2079944075E+00
     37.   1.  -0.2400000000E+01   0.1600000000E+01   0.0000000000E+00   0.2004129423E+03   0.0000000000E+00   0.0000000000E+00   0.2026867707E+00
     37.   2.  -0.2400000000E+01   0.1600000000E+01   0.0000000000E+00   0.2109506290E+03   0.0000000000E+00   0.0000000000E+00   0.2023115034E+00
     37.   3.  -0.2400000000E+01   0.1600000000E+01   0.0000000000E+00   0.2110186844E+03   0.0000000000E+00   0.0000000000E+00   0.2024303115E+00
     37.   4.  -0.2400000000E+01   0.1600000000E+01   0.0000000000E+00   0.2110283995E+03   0.0000000000E+00   0.0000000000E+00   0.2024477647E+00
     37.   5.  -0.2400000000E+01   0.1600000000E+01   0.0000000000E+00   0.2110309846E+03   0.0000000000E+00   0.0000000000E+00   0.2024522907E+00
     37.   6.  -0.2400000000E+01   0.1600000000E+01   0.0000000000E+00   0.2110319656E+03   0.0000000000E+00   0.0000000000E+00   0.2024538962E+00
     38.   1.  -0.2611190820E+01   0.1515064560E+01   0.0000000000E+00   0.1951823246E+03   0.0000000000E+00   0.0000000000E+00   0.1965546412E+00
     38.   2.  -0.2611190820E+01   0.1515064560E+01   0.0000000000E+00   0.2077508629E+03   0.0000000000E+00   0.0000000000E+00   0.1961901728E+00
     38.   3.  -0.2611190820E+01   0.1515064560E+01   0.0000000000E+00   0.2078178978E+03   0.0000000000E+00   0.0000000000E+00   0.1963053633E+00
     38.   4.  -0.2611190820E+01   0.1515064560E+01   0.0000000000E+00   0.2078274628E+03   0.0000000000E+00   0.0000000000E+00   0.1963222816E+00
     38.   5.  -0.2611190820E+01   0.1515064560E+01   0.0000000000E+00   0.2078300016E+03   0.0000000000E+00   0.0000000000E+00   0.1963266647E+00
     38.   6.  -0.2611190820E+01   0.1515064560E+01   0.0000000000E+00   0.2078309603E+03   0.0000000000E+00   0.0000000000E+00   0.1963282142E+00
     39.   1.  -0.2816568050E+01   0.1420118340E+01   0.0000000000E+00   0.1902065881E+03   0.0000000000E+00   0.0000000000E+00   0.1898893502E+00
     39.   2.  -0.2816568050E+01   0.1420118340E+01   0.0000000000E+00   0.2042171080E+03   0.0000000000E+00   0.0000000000E+00   0.1895365394E+00
     39.   3.  -0.2816568050E+01   0.1420118340E+01   0.0000000000E+00   0.2042829515E+03   0.0000000000E+00   0.0000000000E+00   0.1896477937E+00
     39.   4.  -0.2816568050E+01   0.1420118340E+01   0.0000000000E+00   0.2042923494E+03   0.0000000000E+00   0.0000000000E+00   0.1896641301E+00
     39.   5.  -0.2816568050E+01   0.1420118340E+01   0.0000000000E+00   0.2042948369E+03   0.0000000000E+00   0.0000000000E+00   0.1896683575E+00
     39.   6.  -0.2816568050E+01   0.1420118340E+01   0.0000000000E+00   0.2042957706E+03   0.0000000000E+00   0.0000000000E+00   0.1896698454E+00
     40.   1.  -0.3013698630E+01   0.1315068490E+01   0.0000000000E+00   0.1852220050E+03   0.0000000000E+00   0.0000000000E+00   0.1827808041E+00
     40.   2.  -0.3013698630E+01   0.1315068490E+01   0.0000000000E+00   0.2003827134E+03   0.0000000000E+00   0.0000000000E+00   0.1824403002E+00
     40.   3.  -0.3013698630E+01   0.1315068490E+01   0.0000000000E+00   0.2004471847E+03   0.0000000000E+00   0.0000000000E+00   0.1825473528E+00
     40.   4.  -0.3013698630E+01   0.1315068490E+01   0.0000000000E+00   0.2004563990E+03   0.0000000000E+00   0.0000000000E+00   0.1825630675E+00
     40.   5.  -0.3013698630E+01   0.1315068490E+01   0.0000000000E+00   0.2004588305E+03   0.0000000000E+00   0.0000000000E+00   0.1825671279E+00
     40.   6.  -0.3013698630E+01   0.1315068490E+01   0.0000000000E+00   0.2004597367E+03   0.0000000000E+00   0.0000000000E+00   0.1825685492E+00
     41.   1.  -0.3200000000E+01   0.1200000000E+01   0.0000000000E+00   0.1802345061E+03   0.0000000000E+00   0.0000000000E+00   0.1753676840E+00
     41.   2.  -0.3200000000E+01   0.1200000000E+01   0.0000000000E+00   0.1963087091E+03   0.0000000000E+00   0.0000000000E+00   0.1750398136E+00
     41.   3.  -0.3200000000E+01   0.1200000000E+01   0.0000000000E+00   0.1963716519E+03   0.0000000000E+00   0.0000000000E+00   0.1751424769E+00
     41.   4.  -0.3200000000E+01   0.1200000000E+01   0.0000000000E+00   0.1963806681E+03   0.0000000000E+00   0.0000000000E+00   0.1751575414E+00
     41.   5.  -0.3200000000E+01   0.1200000000E+01   0.0000000000E+00   0.1963830394E+03   0.0000000000E+00   0.0000000000E+00   0.1751614267E+00
     41.   6.  -0.3200000000E+01   0.1200000000E+01   0.0000000000E+00   0.1963839153E+03   0.0000000000E+00   0.0000000000E+00   0.1751627770E+00
     42.   1.  -0.3372800000E+01   0.1075200000E+01   0.0000000000E+00   0.1754077161E+03   0.0000000000E+00   0.0000000000E+00   0.1678523875E+00
     42.   2.  -0.3372800000E+01   0.1075200000E+01   0.0000000000E+00   0.1920974619E+03   0.0000000000E+00   0.0000000000E+00   0.1675370430E+00
     42.   3.  -0.3372800000E+01   0.1075200000E+01   0.0000000000E+00   0.1921588598E+03   0.0000000000E+00   0.0000000000E+00   0.1676352471E+00
     42.   4.  -0.3372800000E+01   0.1075200000E+01   0.0000000000E+00   0.1921676659E+03   0.0000000000E+00   0.0000000000E+00   0.1676496505E+00
     42.   5.  -0.3372800000E+01   0.1075200000E+01   0.0000000000E+00   0.1921699738E+03   0.0000000000E+00   0.0000000000E+00   0.1676533566E+00
     42.   6.  -0.3372800000E+01   0.1075200000E+01   0.0000000000E+00   0.1921708169E+03   0.0000000000E+00   0.0000000000E+00   0.1676546329E+00
     43.   1.  -0.3529411760E+01   0.9411764700E+00   0.0000000000E+00   0.1691323577E+03   0.0000000000E+00   0.0000000000E+00   0.1605213351E+00
     43.   2.  -0.3529411760E+01   0.9411764700E+00   0.0000000000E+00   0.1879527218E+03   0.0000000000E+00   0.0000000000E+00   0.1602178043E+00
     43.   3.  -0.3529411760E+01   0.9411764700E+00   0.0000000000E+00   0.1880131224E+03   0.0000000000E+00   0.0000000000E+00   0.1603116459E+00
     43.   4.  -0.3529411760E+01   0.9411764700E+00   0.0000000000E+00   0.1880217136E+03   0.0000000000E+00   0.0000000000E+00   0.1603254011E+00
     43.   5.  -0.3529411760E+01   0.9411764700E+00   0.0000000000E+00   0.1880239573E+03   0.0000000000E+00   0.0000000000E+00   0.1603289293E+00
     43.   6.  -0.3529411760E+01   0.9411764700E+00   0.0000000000E+00   0.1880247659E+03   0.0000000000E+00   0.0000000000E+00   0.1603301291E+00
     44.   1.  -0.3667221300E+01   0.7986688900E+00   0.0000000000E+00   0.1642060364E+03   0.0000000000E+00   0.0000000000E+00   0.1537736635E+00
     44.   2.  -0.3667221300E+01   0.7986688900E+00   0.0000000000E+00   0.1840408064E+03   0.0000000000E+00   0.0000000000E+00   0.1534804166E+00
     44.   3.  -0.3667221300E+01   0.7986688900E+00   0.0000000000E+00   0.1841026491E+03   0.0000000000E+00   0.0000000000E+00   0.1535702237E+00
     44.   4.  -0.3667221300E+01   0.7986688900E+00   0.0000000000E+00   0.1841110213E+03   0.0000000000E+00   0.0000000000E+00   0.1535833775E+00
     44.   5.  -0.3667221300E+01   0.7986688900E+00   0.0000000000E+00   0.1841131966E+03   0.0000000000E+00   0.0000000000E+00   0.1535867399E+00
     44.   6.  -0.3667221300E+01   0.7986688900E+00   0.0000000000E+00   0.1841139679E+03   0.0000000000E+00   0.0000000000E+00   0.1535878657E+00
     45.   1.  -0.3783783780E+01   0.6486486500E+00   0.0000000000E+00   0.1601425624E+03   0.0000000000E+00   0.0000000000E+00   0.1481636815E+00
     45.   2.  -0.3783783780E+01   0.6486486500E+00   0.0000000000E+00   0.1807339617E+03   0.0000000000E+00   0.0000000000E+00   0.1478781840E+00
     45.   3.  -0.3783783780E+01   0.6486486500E+00   0.0000000000E+00   0.1808047221E+03   0.0000000000E+00   0.0000000000E+00   0.1479646085E+00
     45.   4.  -0.3783783780E+01   0.6486486500E+00   0.0000000000E+00   0.1808129287E+03   0.0000000000E+00   0.0000000000E+00   0.1479772538E+00
     45.   5.  -0.3783783780E+01   0.6486486500E+00   0.0000000000E+00   0.1808150499E+03   0.0000000000E+00   0.0000000000E+00   0.1479804617E+00
     45.   6.  -0.3783783780E+01   0.6486486500E+00   0.0000000000E+00   0.1808157867E+03   0.0000000000E+00   0.0000000000E+00   0.1479815002E+00
     46.   1.  -0.3876923080E+01   0.4923076900E+00   0.0000000000E+00   0.1573352534E+03   0.0000000000E+00   0.0000000000E+00   0.1444727381E+00
     46.   2.  -0.3876923080E+01   0.4923076900E+00   0.0000000000E+00   0.1785394415E+03   0.0000000000E+00   0.0000000000E+00   0.1441910009E+00
     46.   3.  -0.3876923080E+01   0.4923076900E+00   0.0000000000E+00   0.1786338793E+03   0.0000000000E+00   0.0000000000E+00   0.1442751506E+00
     46.   4.  -0.3876923080E+01   0.4923076900E+00   0.0000000000E+00   0.1786420556E+03   0.0000000000E+00   0.0000000000E+00   0.1442874493E+00
     46.   5.  -0.3876923080E+01   0.4923076900E+00   0.0000000000E+00   0.1786440673E+03   0.0000000000E+00   0.0000000000E+00   0.1442905718E+00
     46.   6.  -0.3876923080E+01   0.4923076900E+00   0.0000000000E+00   0.1786447176E+03   0.0000000000E+00   0.0000000000E+00   0.1442915425E+00
     47.   1.  -0.3944827590E+01   0.3310344800E+00   0.0000000000E+00   0.1564107212E+03   0.0000000000E+00   0.0000000000E+00   0.1438411754E+00
     47.   2.  -0.3944827590E+01   0.3310344800E+00   0.0000000000E+00   0.1781871327E+03   0.0000000000E+00   0.0000000000E+00   0.1435576451E+00
     47.   3.  -0.3944827590E+01   0.3310344800E+00   0.0000000000E+00   0.1783162071E+03   0.0000000000E+00   0.0000000000E+00   0.1436413141E+00
     47.   4.  -0.3944827590E+01   0.3310344800E+00   0.0000000000E+00   0.1783271233E+03   0.0000000000E+00   0.0000000000E+00   0.1436534572E+00
     47.   5.  -0.3944827590E+01   0.3310344800E+00   0.0000000000E+00   0.1783303337E+03   0.0000000000E+00   0.0000000000E+00   0.1436562690E+00
     47.   6.  -0.3944827590E+01   0.3310344800E+00   0.0000000000E+00   0.1783312025E+03   0.0000000000E+00   0.0000000000E+00   0.1436562207E+00
     48.   1.  -0.3986135180E+01   0.1663778200E+00   0.0000000000E+00   0.1581864780E+03   0.0000000000E+00   0.0000000000E+00   0.1478366164E+00
     48.   2.  -0.3986135180E+01   0.1663778200E+00   0.0000000000E+00   0.1805574008E+03   0.0000000000E+00   0.0000000000E+00   0.1475174086E+00
     48.   3.  -0.3986135180E+01   0.1663778200E+00   0.0000000000E+00   0.1806960033E+03   0.0000000000E+00   0.0000000000E+00   0.1475617707E+00
     48.   4.  -0.3986135180E+01   0.1663778200E+00   0.0000000000E+00   0.1807177055E+03   0.0000000000E+00   0.0000000000E+00   0.1475516905E+00
     48.   5.  -0.3986135180E+01   0.1663778200E+00   0.0000000000E+00   0.1807313123E+03   0.0000000000E+00   0.0000000000E+00   0.1475539314E+00
     48.   6.  -0.3986135180E+01   0.1663778200E+00   0.0000000000E+00   0.1807410104E+03   0.0000000000E+00   0.0000000000E+00   0.1475625060E+00
     49.   1.  -0.4000000000E+01   0.0000000000E+00   0.0000000000E+00   0.1498562468E+03   0.0000000000E+00   0.0000000000E+00   0.1500575370E+00
     49.   2.  -0.4000000000E+01   0.0000000000E+00   0.0000000000E+00   0.1824127680E+03   0.0000000000E+00   0.0000000000E+00   0.1498065602E+00
     49.   3.  -0.4000000000E+01   0.0000000000E+00   0.0000000000E+00   0.1825230127E+03   0.0000000000E+00   0.0000000000E+00   0.1499740450E+00
     49.   4.  -0.4000000000E+01   0.0000000000E+00   0.0000000000E+00   0.1825653555E+03   0.0000000000E+00   0.0000000000E+00   0.1500352334E+00
     49.   5.  -0.4000000000E+01   0.0000000000E+00   0.0000000000E+00   0.1825927488E+03   0.0000000000E+00   0.0000000000E+00   0.1500446502E+00
     49.   6.  -0.4000000000E+01   0.0000000000E+00   0.0000000000E+00   0.1826102141E+03   0.0000000000E+00   0.0000000000E+00   0.1500332061E+00
