# digitalmodel weldolet_crotch CINT table
# units: length=mm force=N stress=MPa K=MPa*sqrt(mm) J=N/mm
# mesh_level     0.
# front_nodes      25.
# contours   6.
# columns: node contour x y z K1 K2 K3 J
      1.   1.   0.1190500000E+02   0.0000000000E+00   0.8465000000E+02   0.1367872588E+03   0.0000000000E+00   0.0000000000E+00   0.1394458143E+00
      1.   2.   0.1190500000E+02   0.0000000000E+00   0.8465000000E+02   0.1665418980E+03   0.0000000000E+00   0.0000000000E+00   0.1391954186E+00
      1.   3.   0.1190500000E+02   0.0000000000E+00   0.8465000000E+02   0.1666458807E+03   0.0000000000E+00   0.0000000000E+00   0.1393535240E+00
      1.   4.   0.1190500000E+02   0.0000000000E+00   0.8465000000E+02   0.1666846296E+03   0.0000000000E+00   0.0000000000E+00   0.1394136153E+00
      1.   5.   0.1190500000E+02   0.0000000000E+00   0.8465000000E+02   0.1667092079E+03   0.0000000000E+00   0.0000000000E+00   0.1394259160E+00
      1.   6.   0.1190500000E+02   0.0000000000E+00   0.8465000000E+02   0.1667240794E+03   0.0000000000E+00   0.0000000000E+00   0.1394172127E+00
      2.   1.   0.1229396552E+02   0.0000000000E+00   0.8461758621E+02   0.1415249166E+03   0.0000000000E+00   0.0000000000E+00   0.1295341811E+00
      2.   2.   0.1229396552E+02   0.0000000000E+00   0.8461758621E+02   0.1614941998E+03   0.0000000000E+00   0.0000000000E+00   0.1292428699E+00
      2.   3.   0.1229396552E+02   0.0000000000E+00   0.8461758621E+02   0.1616191916E+03   0.0000000000E+00   0.0000000000E+00   0.1292828157E+00
      2.   4.   0.1229396552E+02   0.0000000000E+00   0.8461758621E+02   0.1616390477E+03   0.0000000000E+00   0.0000000000E+00   0.1292715024E+00
      2.   5.   0.1229396552E+02   0.0000000000E+00   0.8461758621E+02   0.1616517816E+03   0.0000000000E+00   0.0000000000E+00   0.1292716066E+00
      2.   6.   0.1229396552E+02   0.0000000000E+00   0.8461758621E+02   0.1616610874E+03   0.0000000000E+00   0.0000000000E+00   0.1292783903E+00
      3.   1.   0.1266716216E+02   0.0000000000E+00   0.8452297297E+02   0.1343987759E+03   0.0000000000E+00   0.0000000000E+00   0.1161886819E+00
      3.   2.   0.1266716216E+02   0.0000000000E+00   0.8452297297E+02   0.1530531366E+03   0.0000000000E+00   0.0000000000E+00   0.1159521753E+00
      3.   3.   0.1266716216E+02   0.0000000000E+00   0.8452297297E+02   0.1531594968E+03   0.0000000000E+00   0.0000000000E+00   0.1160213491E+00
      3.   4.   0.1266716216E+02   0.0000000000E+00   0.8452297297E+02   0.1531694703E+03   0.0000000000E+00   0.0000000000E+00   0.1160315769E+00
      3.   5.   0.1266716216E+02   0.0000000000E+00   0.8452297297E+02   0.1531725850E+03   0.0000000000E+00   0.0000000000E+00   0.1160341274E+00
      3.   6.   0.1266716216E+02   0.0000000000E+00   0.8452297297E+02   0.1531735528E+03   0.0000000000E+00   0.0000000000E+00   0.1160340872E+00
      4.   1.   0.1301088235E+02   0.0000000000E+00   0.8437352941E+02   0.1301933467E+03   0.0000000000E+00   0.0000000000E+00   0.1081070646E+00
      4.   2.   0.1301088235E+02   0.0000000000E+00   0.8437352941E+02   0.1476521453E+03   0.0000000000E+00   0.0000000000E+00   0.1078909027E+00
      4.   3.   0.1301088235E+02   0.0000000000E+00   0.8437352941E+02   0.1477284088E+03   0.0000000000E+00   0.0000000000E+00   0.1079544335E+00
      4.   4.   0.1301088235E+02   0.0000000000E+00   0.8437352941E+02   0.1477354020E+03   0.0000000000E+00   0.0000000000E+00   0.1079638560E+00
      4.   5.   0.1301088235E+02   0.0000000000E+00   0.8437352941E+02   0.1477372449E+03   0.0000000000E+00   0.0000000000E+00   0.1079663995E+00
      4.   6.   0.1301088235E+02   0.0000000000E+00   0.8437352941E+02   0.1477380087E+03   0.0000000000E+00   0.0000000000E+00   0.1079673050E+00
      5.   1.   0.1331500000E+02   0.0000000000E+00   0.8418000000E+02   0.1281376393E+03   0.0000000000E+00   0.0000000000E+00   0.1034382842E+00
      5.   2.   0.1331500000E+02   0.0000000000E+00   0.8418000000E+02   0.1444195693E+03   0.0000000000E+00   0.0000000000E+00   0.1032352760E+00
      5.   3.   0.1331500000E+02   0.0000000000E+00   0.8418000000E+02   0.1444759280E+03   0.0000000000E+00   0.0000000000E+00   0.1032953383E+00
      5.   4.   0.1331500000E+02   0.0000000000E+00   0.8418000000E+02   0.1444826945E+03   0.0000000000E+00   0.0000000000E+00   0.1033042464E+00
      5.   5.   0.1331500000E+02   0.0000000000E+00   0.8418000000E+02   0.1444846187E+03   0.0000000000E+00   0.0000000000E+00   0.1033066359E+00
      5.   6.   0.1331500000E+02   0.0000000000E+00   0.8418000000E+02   0.1444854832E+03   0.0000000000E+00   0.0000000000E+00   0.1033074810E+00
      6.   1.   0.1357363905E+02   0.0000000000E+00   0.8395473373E+02   0.1277848411E+03   0.0000000000E+00   0.0000000000E+00   0.1011366531E+00
      6.   2.   0.1357363905E+02   0.0000000000E+00   0.8395473373E+02   0.1427718982E+03   0.0000000000E+00   0.0000000000E+00   0.1009415418E+00
      6.   3.   0.1357363905E+02   0.0000000000E+00   0.8395473373E+02   0.1428200547E+03   0.0000000000E+00   0.0000000000E+00   0.1009997249E+00
      6.   4.   0.1357363905E+02   0.0000000000E+00   0.8395473373E+02   0.1428267609E+03   0.0000000000E+00   0.0000000000E+00   0.1010083618E+00
      6.   5.   0.1357363905E+02   0.0000000000E+00   0.8395473373E+02   0.1428287043E+03   0.0000000000E+00   0.0000000000E+00   0.1010107048E+00
      6.   6.   0.1357363905E+02   0.0000000000E+00   0.8395473373E+02   0.1428296010E+03   0.0000000000E+00   0.0000000000E+00   0.1010115589E+00
      7.   1.   0.1378500000E+02   0.0000000000E+00   0.8371000000E+02   0.1291384649E+03   0.0000000000E+00   0.0000000000E+00   0.1005413358E+00
      7.   2.   0.1378500000E+02   0.0000000000E+00   0.8371000000E+02   0.1422722118E+03   0.0000000000E+00   0.0000000000E+00   0.1003503984E+00
      7.   3.   0.1378500000E+02   0.0000000000E+00   0.8371000000E+02   0.1423180881E+03   0.0000000000E+00   0.0000000000E+00   0.1004078222E+00
      7.   4.   0.1378500000E+02   0.0000000000E+00   0.8371000000E+02   0.1423247935E+03   0.0000000000E+00   0.0000000000E+00   0.1004163527E+00
      7.   5.   0.1378500000E+02   0.0000000000E+00   0.8371000000E+02   0.1423267658E+03   0.0000000000E+00   0.0000000000E+00   0.1004186810E+00
      7.   6.   0.1378500000E+02   0.0000000000E+00   0.8371000000E+02   0.1423276954E+03   0.0000000000E+00   0.0000000000E+00   0.1004195392E+00
      8.   1.   0.1395059585E+02   0.0000000000E+00   0.8345673575E+02   0.1310739472E+03   0.0000000000E+00   0.0000000000E+00   0.1011882206E+00
      8.   2.   0.1395059585E+02   0.0000000000E+00   0.8345673575E+02   0.1426553979E+03   0.0000000000E+00   0.0000000000E+00   0.1009986961E+00
      8.   3.   0.1395059585E+02   0.0000000000E+00   0.8345673575E+02   0.1427009137E+03   0.0000000000E+00   0.0000000000E+00   0.1010561753E+00
      8.   4.   0.1395059585E+02   0.0000000000E+00   0.8345673575E+02   0.1427076309E+03   0.0000000000E+00   0.0000000000E+00   0.1010647180E+00
      8.   5.   0.1395059585E+02   0.0000000000E+00   0.8345673575E+02   0.1427096267E+03   0.0000000000E+00   0.0000000000E+00   0.1010670604E+00
      8.   6.   0.1395059585E+02   0.0000000000E+00   0.8345673575E+02   0.1427105829E+03   0.0000000000E+00   0.0000000000E+00   0.1010679319E+00
      9.   1.   0.1407423077E+02   0.0000000000E+00   0.8320384615E+02   0.1333606007E+03   0.0000000000E+00   0.0000000000E+00   0.1027316749E+00
      9.   2.   0.1407423077E+02   0.0000000000E+00   0.8320384615E+02   0.1437115213E+03   0.0000000000E+00   0.0000000000E+00   0.1025415354E+00
      9.   3.   0.1407423077E+02   0.0000000000E+00   0.8320384615E+02   0.1437571678E+03   0.0000000000E+00   0.0000000000E+00   0.1025996625E+00
      9.   4.   0.1407423077E+02   0.0000000000E+00   0.8320384615E+02   0.1437639143E+03   0.0000000000E+00   0.0000000000E+00   0.1026083026E+00
      9.   5.   0.1407423077E+02   0.0000000000E+00   0.8320384615E+02   0.1437659338E+03   0.0000000000E+00   0.0000000000E+00   0.1026106770E+00
      9.   6.   0.1407423077E+02   0.0000000000E+00   0.8320384615E+02   0.1437669129E+03   0.0000000000E+00   0.0000000000E+00   0.1026115641E+00
     10.   1.   0.1416100000E+02   0.0000000000E+00   0.8295800000E+02   0.1365323000E+03   0.0000000000E+00   0.0000000000E+00   0.1049090258E+00
     10.   2.   0.1416100000E+02   0.0000000000E+00   0.8295800000E+02   0.1451978025E+03   0.0000000000E+00   0.0000000000E+00   0.1047167751E+00
     10.   3.   0.1416100000E+02   0.0000000000E+00   0.8295800000E+02   0.1452437043E+03   0.0000000000E+00   0.0000000000E+00   0.1047759756E+00
     10.   4.   0.1416100000E+02   0.0000000000E+00   0.8295800000E+02   0.1452504931E+03   0.0000000000E+00   0.0000000000E+00   0.1047847742E+00
     10.   5.   0.1416100000E+02   0.0000000000E+00   0.8295800000E+02   0.1452525360E+03   0.0000000000E+00   0.0000000000E+00   0.1047871937E+00
     10.   6.   0.1416100000E+02   0.0000000000E+00   0.8295800000E+02   0.1452535345E+03   0.0000000000E+00   0.0000000000E+00   0.1047880983E+00
     11.   1.   0.1421647541E+02   0.0000000000E+00   0.8272377049E+02   0.1414757547E+03   0.0000000000E+00   0.0000000000E+00   0.1075207447E+00
     11.   2.   0.1421647541E+02   0.0000000000E+00   0.8272377049E+02   0.1469558936E+03   0.0000000000E+00   0.0000000000E+00   0.1073252860E+00
     11.   3.   0.1421647541E+02   0.0000000000E+00   0.8272377049E+02   0.1470021081E+03   0.0000000000E+00   0.0000000000E+00   0.1073858609E+00
     11.   4.   0.1421647541E+02   0.0000000000E+00   0.8272377049E+02   0.1470089512E+03   0.0000000000E+00   0.0000000000E+00   0.1073948610E+00
     11.   5.   0.1421647541E+02   0.0000000000E+00   0.8272377049E+02   0.1470110172E+03   0.0000000000E+00   0.0000000000E+00   0.1073973343E+00
     11.   6.   0.1421647541E+02   0.0000000000E+00   0.8272377049E+02   0.1470120323E+03   0.0000000000E+00   0.0000000000E+00   0.1073982572E+00
     12.   1.   0.1424613208E+02   0.0000000000E+00   0.8250396226E+02   0.1475466958E+03   0.0000000000E+00   0.0000000000E+00   0.1104159142E+00
     12.   2.   0.1424613208E+02   0.0000000000E+00   0.8250396226E+02   0.1488640997E+03   0.0000000000E+00   0.0000000000E+00   0.1102164644E+00
     12.   3.   0.1424613208E+02   0.0000000000E+00   0.8250396226E+02   0.1489106729E+03   0.0000000000E+00   0.0000000000E+00   0.1102786175E+00
     12.   4.   0.1424613208E+02   0.0000000000E+00   0.8250396226E+02   0.1489175818E+03   0.0000000000E+00   0.0000000000E+00   0.1102878487E+00
     12.   5.   0.1424613208E+02   0.0000000000E+00   0.8250396226E+02   0.1489196722E+03   0.0000000000E+00   0.0000000000E+00   0.1102903824E+00
     12.   6.   0.1424613208E+02   0.0000000000E+00   0.8250396226E+02   0.1489207025E+03   0.0000000000E+00   0.0000000000E+00   0.1102913252E+00
     13.   1.   0.1425500000E+02   0.0000000000E+00   0.8230000000E+02   0.1494609868E+03   0.0000000000E+00   0.0000000000E+00   0.1135518993E+00
     13.   2.   0.1425500000E+02   0.0000000000E+00   0.8230000000E+02   0.1509471969E+03   0.0000000000E+00   0.0000000000E+00   0.1133475697E+00
     13.   3.   0.1425500000E+02   0.0000000000E+00   0.8230000000E+02   0.1509942759E+03   0.0000000000E+00   0.0000000000E+00   0.1134113864E+00
     13.   4.   0.1425500000E+02   0.0000000000E+00   0.8230000000E+02   0.1510012765E+03   0.0000000000E+00   0.0000000000E+00   0.1134208492E+00
     13.   5.   0.1425500000E+02   0.0000000000E+00   0.8230000000E+02   0.1510034025E+03   0.0000000000E+00   0.0000000000E+00   0.1134234190E+00
     13.   6.   0.1425500000E+02   0.0000000000E+00   0.8230000000E+02   0.1510044535E+03   0.0000000000E+00   0.0000000000E+00   0.1134243479E+00
     14.   1.   0.1424613208E+02   0.0000000000E+00   0.8209603774E+02   0.1519242696E+03   0.0000000000E+00   0.0000000000E+00   0.1170687780E+00
     14.   2.   0.1424613208E+02   0.0000000000E+00   0.8209603774E+02   0.1532888438E+03   0.0000000000E+00   0.0000000000E+00   0.1168572357E+00
     14.   3.   0.1424613208E+02   0.0000000000E+00   0.8209603774E+02   0.1533368074E+03   0.0000000000E+00   0.0000000000E+00   0.1169231366E+00
     14.   4.   0.1424613208E+02   0.0000000000E+00   0.8209603774E+02   0.1533439217E+03   0.0000000000E+00   0.0000000000E+00   0.1169329134E+00
     14.   5.   0.1424613208E+02   0.0000000000E+00   0.8209603774E+02   0.1533460732E+03   0.0000000000E+00   0.0000000000E+00   0.1169355816E+00
     14.   6.   0.1424613208E+02   0.0000000000E+00   0.8209603774E+02   0.1533471332E+03   0.0000000000E+00   0.0000000000E+00   0.1169365618E+00
     15.   1.   0.1421647541E+02   0.0000000000E+00   0.8187622951E+02   0.1502280023E+03   0.0000000000E+00   0.0000000000E+00   0.1212496368E+00
     15.   2.   0.1421647541E+02   0.0000000000E+00   0.8187622951E+02   0.1560675984E+03   0.0000000000E+00   0.0000000000E+00   0.1210290512E+00
     15.   3.   0.1421647541E+02   0.0000000000E+00   0.8187622951E+02   0.1561166878E+03   0.0000000000E+00   0.0000000000E+00   0.1210973749E+00
     15.   4.   0.1421647541E+02   0.0000000000E+00   0.8187622951E+02   0.1561239545E+03   0.0000000000E+00   0.0000000000E+00   0.1211075033E+00
     15.   5.   0.1421647541E+02   0.0000000000E+00   0.8187622951E+02   0.1561261463E+03   0.0000000000E+00   0.0000000000E+00   0.1211102564E+00
     15.   6.   0.1421647541E+02   0.0000000000E+00   0.8187622951E+02   0.1561272228E+03   0.0000000000E+00   0.0000000000E+00   0.1211112586E+00
     16.   1.   0.1416100000E+02   0.0000000000E+00   0.8164200000E+02   0.1498064908E+03   0.0000000000E+00   0.0000000000E+00   0.1262950012E+00
     16.   2.   0.1416100000E+02   0.0000000000E+00   0.8164200000E+02   0.1593324355E+03   0.0000000000E+00   0.0000000000E+00   0.1260632754E+00
     16.   3.   0.1416100000E+02   0.0000000000E+00   0.8164200000E+02   0.1593828168E+03   0.0000000000E+00   0.0000000000E+00   0.1261345730E+00
     16.   4.   0.1416100000E+02   0.0000000000E+00   0.8164200000E+02   0.1593902650E+03   0.0000000000E+00   0.0000000000E+00   0.1261451332E+00
     16.   5.   0.1416100000E+02   0.0000000000E+00   0.8164200000E+02   0.1593925032E+03   0.0000000000E+00   0.0000000000E+00   0.1261479898E+00
     16.   6.   0.1416100000E+02   0.0000000000E+00   0.8164200000E+02   0.1593935969E+03   0.0000000000E+00   0.0000000000E+00   0.1261490187E+00
     17.   1.   0.1407423077E+02   0.0000000000E+00   0.8139615385E+02   0.1513958911E+03   0.0000000000E+00   0.0000000000E+00   0.1323746928E+00
     17.   2.   0.1407423077E+02   0.0000000000E+00   0.8139615385E+02   0.1631669524E+03   0.0000000000E+00   0.0000000000E+00   0.1321292699E+00
     17.   3.   0.1407423077E+02   0.0000000000E+00   0.8139615385E+02   0.1632187890E+03   0.0000000000E+00   0.0000000000E+00   0.1322042170E+00
     17.   4.   0.1407423077E+02   0.0000000000E+00   0.8139615385E+02   0.1632264464E+03   0.0000000000E+00   0.0000000000E+00   0.1322153066E+00
     17.   5.   0.1407423077E+02   0.0000000000E+00   0.8139615385E+02   0.1632287349E+03   0.0000000000E+00   0.0000000000E+00   0.1322182887E+00
     17.   6.   0.1407423077E+02   0.0000000000E+00   0.8139615385E+02   0.1632298445E+03   0.0000000000E+00   0.0000000000E+00   0.1322193493E+00
     18.   1.   0.1395059585E+02   0.0000000000E+00   0.8114326425E+02   0.1540347635E+03   0.0000000000E+00   0.0000000000E+00   0.1396956832E+00
     18.   2.   0.1395059585E+02   0.0000000000E+00   0.8114326425E+02   0.1676660193E+03   0.0000000000E+00   0.0000000000E+00   0.1394334591E+00
     18.   3.   0.1395059585E+02   0.0000000000E+00   0.8114326425E+02   0.1677195231E+03   0.0000000000E+00   0.0000000000E+00   0.1395128837E+00
     18.   4.   0.1395059585E+02   0.0000000000E+00   0.8114326425E+02   0.1677274147E+03   0.0000000000E+00   0.0000000000E+00   0.1395246231E+00
     18.   5.   0.1395059585E+02   0.0000000000E+00   0.8114326425E+02   0.1677297557E+03   0.0000000000E+00   0.0000000000E+00   0.1395277582E+00
     18.   6.   0.1395059585E+02   0.0000000000E+00   0.8114326425E+02   0.1677308788E+03   0.0000000000E+00   0.0000000000E+00   0.1395288575E+00
     19.   1.   0.1378500000E+02   0.0000000000E+00   0.8089000000E+02   0.1569656539E+03   0.0000000000E+00   0.0000000000E+00   0.1485174257E+00
     19.   2.   0.1378500000E+02   0.0000000000E+00   0.8089000000E+02   0.1729759678E+03   0.0000000000E+00   0.0000000000E+00   0.1482346235E+00
     19.   3.   0.1378500000E+02   0.0000000000E+00   0.8089000000E+02   0.1730317558E+03   0.0000000000E+00   0.0000000000E+00   0.1483195501E+00
     19.   4.   0.1378500000E+02   0.0000000000E+00   0.8089000000E+02   0.1730399047E+03   0.0000000000E+00   0.0000000000E+00   0.1483320889E+00
     19.   5.   0.1378500000E+02   0.0000000000E+00   0.8089000000E+02   0.1730422993E+03   0.0000000000E+00   0.0000000000E+00   0.1483354106E+00
     19.   6.   0.1378500000E+02   0.0000000000E+00   0.8089000000E+02   0.1730434319E+03   0.0000000000E+00   0.0000000000E+00   0.1483365565E+00
     20.   1.   0.1357363905E+02   0.0000000000E+00   0.8064526627E+02   0.1603524642E+03   0.0000000000E+00   0.0000000000E+00   0.1591794355E+00
     20.   2.   0.1357363905E+02   0.0000000000E+00   0.8064526627E+02   0.1792039530E+03   0.0000000000E+00   0.0000000000E+00   0.1588714100E+00
     20.   3.   0.1357363905E+02   0.0000000000E+00   0.8064526627E+02   0.1792644044E+03   0.0000000000E+00   0.0000000000E+00   0.1589631261E+00
     20.   4.   0.1357363905E+02   0.0000000000E+00   0.8064526627E+02   0.1792728166E+03   0.0000000000E+00   0.0000000000E+00   0.1589766532E+00
     20.   5.   0.1357363905E+02   0.0000000000E+00   0.8064526627E+02   0.1792752551E+03   0.0000000000E+00   0.0000000000E+00   0.1589802084E+00
     20.   6.   0.1357363905E+02   0.0000000000E+00   0.8064526627E+02   0.1792763886E+03   0.0000000000E+00   0.0000000000E+00   0.1589814181E+00
     21.   1.   0.1331500000E+02   0.0000000000E+00   0.8042000000E+02   0.1653723480E+03   0.0000000000E+00   0.0000000000E+00   0.1721577674E+00
     21.   2.   0.1331500000E+02   0.0000000000E+00   0.8042000000E+02   0.1864357891E+03   0.0000000000E+00   0.0000000000E+00   0.1718187431E+00
     21.   3.   0.1331500000E+02   0.0000000000E+00   0.8042000000E+02   0.1865084212E+03   0.0000000000E+00   0.0000000000E+00   0.1719188911E+00
     21.   4.   0.1331500000E+02   0.0000000000E+00   0.8042000000E+02   0.1865171514E+03   0.0000000000E+00   0.0000000000E+00   0.1719336509E+00
     21.   5.   0.1331500000E+02   0.0000000000E+00   0.8042000000E+02   0.1865196395E+03   0.0000000000E+00   0.0000000000E+00   0.1719374854E+00
     21.   6.   0.1331500000E+02   0.0000000000E+00   0.8042000000E+02   0.1865207729E+03   0.0000000000E+00   0.0000000000E+00   0.1719387446E+00
     22.   1.   0.1301088235E+02   0.0000000000E+00   0.8022647059E+02   0.1718711378E+03   0.0000000000E+00   0.0000000000E+00   0.1882110145E+00
     22.   2.   0.1301088235E+02   0.0000000000E+00   0.8022647059E+02   0.1949734418E+03   0.0000000000E+00   0.0000000000E+00   0.1878333579E+00
     22.   3.   0.1301088235E+02   0.0000000000E+00   0.8022647059E+02   0.1950732127E+03   0.0000000000E+00   0.0000000000E+00   0.1879442081E+00
     22.   4.   0.1301088235E+02   0.0000000000E+00   0.8022647059E+02   0.1950824528E+03   0.0000000000E+00   0.0000000000E+00   0.1879605399E+00
     22.   5.   0.1301088235E+02   0.0000000000E+00   0.8022647059E+02   0.1950848969E+03   0.0000000000E+00   0.0000000000E+00   0.1879647987E+00
     22.   6.   0.1301088235E+02   0.0000000000E+00   0.8022647059E+02   0.1950859325E+03   0.0000000000E+00   0.0000000000E+00   0.1879661950E+00
     23.   1.   0.1266716216E+02   0.0000000000E+00   0.8007702703E+02   0.1802695164E+03   0.0000000000E+00   0.0000000000E+00   0.2087847211E+00
     23.   2.   0.1266716216E+02   0.0000000000E+00   0.8007702703E+02   0.2053529845E+03   0.0000000000E+00   0.0000000000E+00   0.2083581677E+00
     23.   3.   0.1266716216E+02   0.0000000000E+00   0.8007702703E+02   0.2054924148E+03   0.0000000000E+00   0.0000000000E+00   0.2084827147E+00
     23.   4.   0.1266716216E+02   0.0000000000E+00   0.8007702703E+02   0.2055058388E+03   0.0000000000E+00   0.0000000000E+00   0.2085009585E+00
     23.   5.   0.1266716216E+02   0.0000000000E+00   0.8007702703E+02   0.2055100595E+03   0.0000000000E+00   0.0000000000E+00   0.2085052449E+00
     23.   6.   0.1266716216E+02   0.0000000000E+00   0.8007702703E+02   0.2055114066E+03   0.0000000000E+00   0.0000000000E+00   0.2085049204E+00
     24.   1.   0.1229396552E+02   0.0000000000E+00   0.7998241379E+02   0.1916091597E+03   0.0000000000E+00   0.0000000000E+00   0.2371678528E+00
     24.   2.   0.1229396552E+02   0.0000000000E+00   0.7998241379E+02   0.2187318444E+03   0.0000000000E+00   0.0000000000E+00   0.2366340153E+00
     24.   3.   0.1229396552E+02   0.0000000000E+00   0.7998241379E+02   0.2188951814E+03   0.0000000000E+00   0.0000000000E+00   0.2367089329E+00
     24.   4.   0.1229396552E+02   0.0000000000E+00   0.7998241379E+02   0.2189219596E+03   0.0000000000E+00   0.0000000000E+00   0.2366903792E+00
     24.   5.   0.1229396552E+02   0.0000000000E+00   0.7998241379E+02   0.2189391208E+03   0.0000000000E+00   0.0000000000E+00   0.2366928877E+00
     24.   6.   0.1229396552E+02   0.0000000000E+00   0.7998241379E+02   0.2189516697E+03   0.0000000000E+00   0.0000000000E+00   0.2367068702E+00
     25.   1.   0.1190500000E+02   0.0000000000E+00   0.7995000000E+02   0.1857207487E+03   0.0000000000E+00   0.0000000000E+00   0.2579810246E+00
     25.   2.   0.1190500000E+02   0.0000000000E+00   0.7995000000E+02   0.2261731286E+03   0.0000000000E+00   0.0000000000E+00   0.2575133518E+00
     25.   3.   0.1190500000E+02   0.0000000000E+00   0.7995000000E+02   0.2263131946E+03   0.0000000000E+00   0.0000000000E+00   0.2578016692E+00
     25.   4.   0.1190500000E+02   0.0000000000E+00   0.7995000000E+02   0.2263653204E+03   0.0000000000E+00   0.0000000000E+00   0.2579080724E+00
     25.   5.   0.1190500000E+02   0.0000000000E+00   0.7995000000E+02   0.2263982913E+03   0.0000000000E+00   0.0000000000E+00   0.2579265211E+00
     25.   6.   0.1190500000E+02   0.0000000000E+00   0.7995000000E+02   0.2264181727E+03   0.0000000000E+00   0.0000000000E+00   0.2579079451E+00
