# digitalmodel weldolet_crotch CINT table
# units: length=mm force=N stress=MPa K=MPa*sqrt(mm) J=N/mm
# mesh_level     1.
# front_nodes      49.
# contours   6.
# columns: node contour x y z K1 K2 K3 J
      1.   1.   0.1190500000E+02   0.0000000000E+00   0.8465000000E+02   0.1527227876E+03   0.0000000000E+00   0.0000000000E+00   0.1408233775E+00
      1.   2.   0.1190500000E+02   0.0000000000E+00   0.8465000000E+02   0.1690364651E+03   0.0000000000E+00   0.0000000000E+00   0.1405652880E+00
      1.   3.   0.1190500000E+02   0.0000000000E+00   0.8465000000E+02   0.1691304530E+03   0.0000000000E+00   0.0000000000E+00   0.1407154839E+00
      1.   4.   0.1190500000E+02   0.0000000000E+00   0.8465000000E+02   0.1691600265E+03   0.0000000000E+00   0.0000000000E+00   0.1407613287E+00
      1.   5.   0.1190500000E+02   0.0000000000E+00   0.8465000000E+02   0.1691775051E+03   0.0000000000E+00   0.0000000000E+00   0.1407590865E+00
      1.   6.   0.1190500000E+02   0.0000000000E+00   0.8465000000E+02   0.1691882953E+03   0.0000000000E+00   0.0000000000E+00   0.1407400077E+00
      2.   1.   0.1210049393E+02   0.0000000000E+00   0.8464185442E+02   0.1541989967E+03   0.0000000000E+00   0.0000000000E+00   0.1384595626E+00
      2.   2.   0.1210049393E+02   0.0000000000E+00   0.8464185442E+02   0.1665505331E+03   0.0000000000E+00   0.0000000000E+00   0.1381545726E+00
      2.   3.   0.1210049393E+02   0.0000000000E+00   0.8464185442E+02   0.1666135151E+03   0.0000000000E+00   0.0000000000E+00   0.1382072188E+00
      2.   4.   0.1210049393E+02   0.0000000000E+00   0.8464185442E+02   0.1666278798E+03   0.0000000000E+00   0.0000000000E+00   0.1382040256E+00
      2.   5.   0.1210049393E+02   0.0000000000E+00   0.8464185442E+02   0.1666354326E+03   0.0000000000E+00   0.0000000000E+00   0.1382113644E+00
      2.   6.   0.1210049393E+02   0.0000000000E+00   0.8464185442E+02   0.1666404897E+03   0.0000000000E+00   0.0000000000E+00   0.1382229258E+00
      3.   1.   0.1229396552E+02   0.0000000000E+00   0.8461758621E+02   0.1491514664E+03   0.0000000000E+00   0.0000000000E+00   0.1293070091E+00
      3.   2.   0.1229396552E+02   0.0000000000E+00   0.8461758621E+02   0.1610180491E+03   0.0000000000E+00   0.0000000000E+00   0.1290428269E+00
      3.   3.   0.1229396552E+02   0.0000000000E+00   0.8461758621E+02   0.1610742035E+03   0.0000000000E+00   0.0000000000E+00   0.1291221751E+00
      3.   4.   0.1229396552E+02   0.0000000000E+00   0.8461758621E+02   0.1610831960E+03   0.0000000000E+00   0.0000000000E+00   0.1291336921E+00
      3.   5.   0.1229396552E+02   0.0000000000E+00   0.8461758621E+02   0.1610855992E+03   0.0000000000E+00   0.0000000000E+00   0.1291363602E+00
      3.   6.   0.1229396552E+02   0.0000000000E+00   0.8461758621E+02   0.1610862170E+03   0.0000000000E+00   0.0000000000E+00   0.1291363742E+00
      4.   1.   0.1248346154E+02   0.0000000000E+00   0.8457769231E+02   0.1449687462E+03   0.0000000000E+00   0.0000000000E+00   0.1218425448E+00
      4.   2.   0.1248346154E+02   0.0000000000E+00   0.8457769231E+02   0.1563118205E+03   0.0000000000E+00   0.0000000000E+00   0.1215953660E+00
      4.   3.   0.1248346154E+02   0.0000000000E+00   0.8457769231E+02   0.1563641751E+03   0.0000000000E+00   0.0000000000E+00   0.1216695840E+00
      4.   4.   0.1248346154E+02   0.0000000000E+00   0.8457769231E+02   0.1563715710E+03   0.0000000000E+00   0.0000000000E+00   0.1216803751E+00
      4.   5.   0.1248346154E+02   0.0000000000E+00   0.8457769231E+02   0.1563733368E+03   0.0000000000E+00   0.0000000000E+00   0.1216830214E+00
      4.   6.   0.1248346154E+02   0.0000000000E+00   0.8457769231E+02   0.1563738948E+03   0.0000000000E+00   0.0000000000E+00   0.1216838115E+00
      5.   1.   0.1266716216E+02   0.0000000000E+00   0.8452297297E+02   0.1417262924E+03   0.0000000000E+00   0.0000000000E+00   0.1160387124E+00
      5.   2.   0.1266716216E+02   0.0000000000E+00   0.8452297297E+02   0.1525453225E+03   0.0000000000E+00   0.0000000000E+00   0.1158053180E+00
      5.   3.   0.1266716216E+02   0.0000000000E+00   0.8452297297E+02   0.1525959061E+03   0.0000000000E+00   0.0000000000E+00   0.1158754326E+00
      5.   4.   0.1266716216E+02   0.0000000000E+00   0.8452297297E+02   0.1526030536E+03   0.0000000000E+00   0.0000000000E+00   0.1158856333E+00
      5.   5.   0.1266716216E+02   0.0000000000E+00   0.8452297297E+02   0.1526048345E+03   0.0000000000E+00   0.0000000000E+00   0.1158881311E+00
      5.   6.   0.1266716216E+02   0.0000000000E+00   0.8452297297E+02   0.1526054332E+03   0.0000000000E+00   0.0000000000E+00   0.1158888914E+00
      6.   1.   0.1284343594E+02   0.0000000000E+00   0.8445449251E+02   0.1392667127E+03   0.0000000000E+00   0.0000000000E+00   0.1115268379E+00
      6.   2.   0.1284343594E+02   0.0000000000E+00   0.8445449251E+02   0.1495496003E+03   0.0000000000E+00   0.0000000000E+00   0.1113042702E+00
      6.   3.   0.1284343594E+02   0.0000000000E+00   0.8445449251E+02   0.1495989922E+03   0.0000000000E+00   0.0000000000E+00   0.1113711815E+00
      6.   4.   0.1284343594E+02   0.0000000000E+00   0.8445449251E+02   0.1496059783E+03   0.0000000000E+00   0.0000000000E+00   0.1113809192E+00
      6.   5.   0.1284343594E+02   0.0000000000E+00   0.8445449251E+02   0.1496077423E+03   0.0000000000E+00   0.0000000000E+00   0.1113833274E+00
      6.   6.   0.1284343594E+02   0.0000000000E+00   0.8445449251E+02   0.1496083538E+03   0.0000000000E+00   0.0000000000E+00   0.1113840903E+00
      7.   1.   0.1301088235E+02   0.0000000000E+00   0.8437352941E+02   0.1374706472E+03   0.0000000000E+00   0.0000000000E+00   0.1080382443E+00
      7.   2.   0.1301088235E+02   0.0000000000E+00   0.8437352941E+02   0.1471902569E+03   0.0000000000E+00   0.0000000000E+00   0.1078242622E+00
      7.   3.   0.1301088235E+02   0.0000000000E+00   0.8437352941E+02   0.1472387057E+03   0.0000000000E+00   0.0000000000E+00   0.1078886528E+00
      7.   4.   0.1301088235E+02   0.0000000000E+00   0.8437352941E+02   0.1472455784E+03   0.0000000000E+00   0.0000000000E+00   0.1078980292E+00
      7.   5.   0.1301088235E+02   0.0000000000E+00   0.8437352941E+02   0.1472473364E+03   0.0000000000E+00   0.0000000000E+00   0.1079003652E+00
      7.   6.   0.1301088235E+02   0.0000000000E+00   0.8437352941E+02   0.1472479613E+03   0.0000000000E+00   0.0000000000E+00   0.1079011198E+00
      8.   1.   0.1316836000E+02   0.0000000000E+00   0.8428152000E+02   0.1362577929E+03   0.0000000000E+00   0.0000000000E+00   0.1053825486E+00
      8.   2.   0.1316836000E+02   0.0000000000E+00   0.8428152000E+02   0.1453674616E+03   0.0000000000E+00   0.0000000000E+00   0.1051753012E+00
      8.   3.   0.1316836000E+02   0.0000000000E+00   0.8428152000E+02   0.1454151480E+03   0.0000000000E+00   0.0000000000E+00   0.1052377323E+00
      8.   4.   0.1316836000E+02   0.0000000000E+00   0.8428152000E+02   0.1454219267E+03   0.0000000000E+00   0.0000000000E+00   0.1052468286E+00
      8.   5.   0.1316836000E+02   0.0000000000E+00   0.8428152000E+02   0.1454236793E+03   0.0000000000E+00   0.0000000000E+00   0.1052491112E+00
      8.   6.   0.1316836000E+02   0.0000000000E+00   0.8428152000E+02   0.1454243165E+03   0.0000000000E+00   0.0000000000E+00   0.1052498626E+00
      9.   1.   0.1331500000E+02   0.0000000000E+00   0.8418000000E+02   0.1355817806E+03   0.0000000000E+00   0.0000000000E+00   0.1034186408E+00
      9.   2.   0.1331500000E+02   0.0000000000E+00   0.8418000000E+02   0.1440034594E+03   0.0000000000E+00   0.0000000000E+00   0.1032166021E+00
      9.   3.   0.1331500000E+02   0.0000000000E+00   0.8418000000E+02   0.1440505286E+03   0.0000000000E+00   0.0000000000E+00   0.1032775370E+00
      9.   4.   0.1331500000E+02   0.0000000000E+00   0.8418000000E+02   0.1440572343E+03   0.0000000000E+00   0.0000000000E+00   0.1032864208E+00
      9.   5.   0.1331500000E+02   0.0000000000E+00   0.8418000000E+02   0.1440589851E+03   0.0000000000E+00   0.0000000000E+00   0.1032886643E+00
      9.   6.   0.1331500000E+02   0.0000000000E+00   0.8418000000E+02   0.1440596346E+03   0.0000000000E+00   0.0000000000E+00   0.1032894146E+00
     10.   1.   0.1345020548E+02   0.0000000000E+00   0.8407054795E+02   0.1354470186E+03   0.0000000000E+00   0.0000000000E+00   0.1020372040E+00
     10.   2.   0.1345020548E+02   0.0000000000E+00   0.8407054795E+02   0.1430345441E+03   0.0000000000E+00   0.0000000000E+00   0.1018390779E+00
     10.   3.   0.1345020548E+02   0.0000000000E+00   0.8407054795E+02   0.1430811220E+03   0.0000000000E+00   0.0000000000E+00   0.1018989059E+00
     10.   4.   0.1345020548E+02   0.0000000000E+00   0.8407054795E+02   0.1430877716E+03   0.0000000000E+00   0.0000000000E+00   0.1019076333E+00
     10.   5.   0.1345020548E+02   0.0000000000E+00   0.8407054795E+02   0.1430895233E+03   0.0000000000E+00   0.0000000000E+00   0.1019098502E+00
     10.   6.   0.1345020548E+02   0.0000000000E+00   0.8407054795E+02   0.1430901846E+03   0.0000000000E+00   0.0000000000E+00   0.1019106018E+00
     11.   1.   0.1357363905E+02   0.0000000000E+00   0.8395473373E+02   0.1359650075E+03   0.0000000000E+00   0.0000000000E+00   0.1011502540E+00
     11.   2.   0.1357363905E+02   0.0000000000E+00   0.8395473373E+02   0.1424061259E+03   0.0000000000E+00   0.0000000000E+00   0.1009549533E+00
     11.   3.   0.1357363905E+02   0.0000000000E+00   0.8395473373E+02   0.1424523201E+03   0.0000000000E+00   0.0000000000E+00   0.1010140044E+00
     11.   4.   0.1357363905E+02   0.0000000000E+00   0.8395473373E+02   0.1424589288E+03   0.0000000000E+00   0.0000000000E+00   0.1010226231E+00
     11.   5.   0.1357363905E+02   0.0000000000E+00   0.8395473373E+02   0.1424606836E+03   0.0000000000E+00   0.0000000000E+00   0.1010248236E+00
     11.   6.   0.1357363905E+02   0.0000000000E+00   0.8395473373E+02   0.1424613564E+03   0.0000000000E+00   0.0000000000E+00   0.1010255783E+00
     12.   1.   0.1368520086E+02   0.0000000000E+00   0.8383407461E+02   0.1373689750E+03   0.0000000000E+00   0.0000000000E+00   0.1006849379E+00
     12.   2.   0.1368520086E+02   0.0000000000E+00   0.8383407461E+02   0.1420698139E+03   0.0000000000E+00   0.0000000000E+00   0.1004915276E+00
     12.   3.   0.1368520086E+02   0.0000000000E+00   0.8383407461E+02   0.1421157178E+03   0.0000000000E+00   0.0000000000E+00   0.1005500809E+00
     12.   4.   0.1368520086E+02   0.0000000000E+00   0.8383407461E+02   0.1421222985E+03   0.0000000000E+00   0.0000000000E+00   0.1005586314E+00
     12.   5.   0.1368520086E+02   0.0000000000E+00   0.8383407461E+02   0.1421240583E+03   0.0000000000E+00   0.0000000000E+00   0.1005608240E+00
     12.   6.   0.1368520086E+02   0.0000000000E+00   0.8383407461E+02   0.1421247421E+03   0.0000000000E+00   0.0000000000E+00   0.1005615833E+00
     13.   1.   0.1378500000E+02   0.0000000000E+00   0.8371000000E+02   0.1394298004E+03   0.0000000000E+00   0.0000000000E+00   0.1005796373E+00
     13.   2.   0.1378500000E+02   0.0000000000E+00   0.8371000000E+02   0.1419839260E+03   0.0000000000E+00   0.0000000000E+00   0.1003873291E+00
     13.   3.   0.1378500000E+02   0.0000000000E+00   0.8371000000E+02   0.1420296226E+03   0.0000000000E+00   0.0000000000E+00   0.1004456247E+00
     13.   4.   0.1378500000E+02   0.0000000000E+00   0.8371000000E+02   0.1420361866E+03   0.0000000000E+00   0.0000000000E+00   0.1004541411E+00
     13.   5.   0.1378500000E+02   0.0000000000E+00   0.8371000000E+02   0.1420379527E+03   0.0000000000E+00   0.0000000000E+00   0.1004563331E+00
     13.   6.   0.1378500000E+02   0.0000000000E+00   0.8371000000E+02   0.1420386469E+03   0.0000000000E+00   0.0000000000E+00   0.1004570982E+00
     14.   1.   0.1387332215E+02   0.0000000000E+00   0.8358382550E+02   0.1408371229E+03   0.0000000000E+00   0.0000000000E+00   0.1007815362E+00
     14.   2.   0.1387332215E+02   0.0000000000E+00   0.8358382550E+02   0.1421165296E+03   0.0000000000E+00   0.0000000000E+00   0.1005896356E+00
     14.   3.   0.1387332215E+02   0.0000000000E+00   0.8358382550E+02   0.1421620904E+03   0.0000000000E+00   0.0000000000E+00   0.1006478771E+00
     14.   4.   0.1387332215E+02   0.0000000000E+00   0.8358382550E+02   0.1421686476E+03   0.0000000000E+00   0.0000000000E+00   0.1006563887E+00
     14.   5.   0.1387332215E+02   0.0000000000E+00   0.8358382550E+02   0.1421704212E+03   0.0000000000E+00   0.0000000000E+00   0.1006585863E+00
     14.   6.   0.1387332215E+02   0.0000000000E+00   0.8358382550E+02   0.1421711253E+03   0.0000000000E+00   0.0000000000E+00   0.1006593579E+00
     15.   1.   0.1395059585E+02   0.0000000000E+00   0.8345673575E+02   0.1412877149E+03   0.0000000000E+00   0.0000000000E+00   0.1012448904E+00
     15.   2.   0.1395059585E+02   0.0000000000E+00   0.8345673575E+02   0.1424377488E+03   0.0000000000E+00   0.0000000000E+00   0.1010528223E+00
     15.   3.   0.1395059585E+02   0.0000000000E+00   0.8345673575E+02   0.1424832381E+03   0.0000000000E+00   0.0000000000E+00   0.1011111843E+00
     15.   4.   0.1395059585E+02   0.0000000000E+00   0.8345673575E+02   0.1424897968E+03   0.0000000000E+00   0.0000000000E+00   0.1011197160E+00
     15.   5.   0.1395059585E+02   0.0000000000E+00   0.8345673575E+02   0.1424915790E+03   0.0000000000E+00   0.0000000000E+00   0.1011219242E+00
     15.   6.   0.1395059585E+02   0.0000000000E+00   0.8345673575E+02   0.1424922925E+03   0.0000000000E+00   0.0000000000E+00   0.1011227031E+00
     16.   1.   0.1401735955E+02   0.0000000000E+00   0.8332977528E+02   0.1415985932E+03   0.0000000000E+00   0.0000000000E+00   0.1019298496E+00
     16.   2.   0.1401735955E+02   0.0000000000E+00   0.8332977528E+02   0.1429158467E+03   0.0000000000E+00   0.0000000000E+00   0.1017371220E+00
     16.   3.   0.1401735955E+02   0.0000000000E+00   0.8332977528E+02   0.1429613202E+03   0.0000000000E+00   0.0000000000E+00   0.1017957525E+00
     16.   4.   0.1401735955E+02   0.0000000000E+00   0.8332977528E+02   0.1429678877E+03   0.0000000000E+00   0.0000000000E+00   0.1018043253E+00
     16.   5.   0.1401735955E+02   0.0000000000E+00   0.8332977528E+02   0.1429696793E+03   0.0000000000E+00   0.0000000000E+00   0.1018065485E+00
     16.   6.   0.1401735955E+02   0.0000000000E+00   0.8332977528E+02   0.1429704016E+03   0.0000000000E+00   0.0000000000E+00   0.1018073353E+00
     17.   1.   0.1407423077E+02   0.0000000000E+00   0.8320384615E+02   0.1421088832E+03   0.0000000000E+00   0.0000000000E+00   0.1028016241E+00
     17.   2.   0.1407423077E+02   0.0000000000E+00   0.8320384615E+02   0.1435232342E+03   0.0000000000E+00   0.0000000000E+00   0.1026078056E+00
     17.   3.   0.1407423077E+02   0.0000000000E+00   0.8320384615E+02   0.1435687407E+03   0.0000000000E+00   0.0000000000E+00   0.1026668308E+00
     17.   4.   0.1407423077E+02   0.0000000000E+00   0.8320384615E+02   0.1435753233E+03   0.0000000000E+00   0.0000000000E+00   0.1026754626E+00
     17.   5.   0.1407423077E+02   0.0000000000E+00   0.8320384615E+02   0.1435771250E+03   0.0000000000E+00   0.0000000000E+00   0.1026777043E+00
     17.   6.   0.1407423077E+02   0.0000000000E+00   0.8320384615E+02   0.1435778555E+03   0.0000000000E+00   0.0000000000E+00   0.1026784993E+00
     18.   1.   0.1412187861E+02   0.0000000000E+00   0.8307971098E+02   0.1428095028E+03   0.0000000000E+00   0.0000000000E+00   0.1038298036E+00
     18.   2.   0.1412187861E+02   0.0000000000E+00   0.8307971098E+02   0.1442368356E+03   0.0000000000E+00   0.0000000000E+00   0.1036345336E+00
     18.   3.   0.1412187861E+02   0.0000000000E+00   0.8307971098E+02   0.1442824185E+03   0.0000000000E+00   0.0000000000E+00   0.1036940595E+00
     18.   4.   0.1412187861E+02   0.0000000000E+00   0.8307971098E+02   0.1442890218E+03   0.0000000000E+00   0.0000000000E+00   0.1037027654E+00
     18.   5.   0.1412187861E+02   0.0000000000E+00   0.8307971098E+02   0.1442908339E+03   0.0000000000E+00   0.0000000000E+00   0.1037050286E+00
     18.   6.   0.1412187861E+02   0.0000000000E+00   0.8307971098E+02   0.1442915721E+03   0.0000000000E+00   0.0000000000E+00   0.1037058322E+00
     19.   1.   0.1416100000E+02   0.0000000000E+00   0.8295800000E+02   0.1436438265E+03   0.0000000000E+00   0.0000000000E+00   0.1049879027E+00
     19.   2.   0.1416100000E+02   0.0000000000E+00   0.8295800000E+02   0.1450368357E+03   0.0000000000E+00   0.0000000000E+00   0.1047908861E+00
     19.   3.   0.1416100000E+02   0.0000000000E+00   0.8295800000E+02   0.1450825319E+03   0.0000000000E+00   0.0000000000E+00   0.1048510026E+00
     19.   4.   0.1416100000E+02   0.0000000000E+00   0.8295800000E+02   0.1450891603E+03   0.0000000000E+00   0.0000000000E+00   0.1048597952E+00
     19.   5.   0.1416100000E+02   0.0000000000E+00   0.8295800000E+02   0.1450909834E+03   0.0000000000E+00   0.0000000000E+00   0.1048620823E+00
     19.   6.   0.1416100000E+02   0.0000000000E+00   0.8295800000E+02   0.1450917289E+03   0.0000000000E+00   0.0000000000E+00   0.1048628948E+00
     20.   1.   0.1419229989E+02   0.0000000000E+00   0.8283922092E+02   0.1445722077E+03   0.0000000000E+00   0.0000000000E+00   0.1062529521E+00
     20.   2.   0.1419229989E+02   0.0000000000E+00   0.8283922092E+02   0.1459060457E+03   0.0000000000E+00   0.0000000000E+00   0.1060539225E+00
     20.   3.   0.1419229989E+02   0.0000000000E+00   0.8283922092E+02   0.1459518884E+03   0.0000000000E+00   0.0000000000E+00   0.1061147044E+00
     20.   4.   0.1419229989E+02   0.0000000000E+00   0.8283922092E+02   0.1459585459E+03   0.0000000000E+00   0.0000000000E+00   0.1061235944E+00
     20.   5.   0.1419229989E+02   0.0000000000E+00   0.8283922092E+02   0.1459603802E+03   0.0000000000E+00   0.0000000000E+00   0.1061259074E+00
     20.   6.   0.1419229989E+02   0.0000000000E+00   0.8283922092E+02   0.1459611324E+03   0.0000000000E+00   0.0000000000E+00   0.1061267288E+00
     21.   1.   0.1421647541E+02   0.0000000000E+00   0.8272377049E+02   0.1455704697E+03   0.0000000000E+00   0.0000000000E+00   0.1076050341E+00
     21.   2.   0.1421647541E+02   0.0000000000E+00   0.8272377049E+02   0.1468296252E+03   0.0000000000E+00   0.0000000000E+00   0.1074037758E+00
     21.   3.   0.1421647541E+02   0.0000000000E+00   0.8272377049E+02   0.1468756423E+03   0.0000000000E+00   0.0000000000E+00   0.1074652860E+00
     21.   4.   0.1421647541E+02   0.0000000000E+00   0.8272377049E+02   0.1468823323E+03   0.0000000000E+00   0.0000000000E+00   0.1074742819E+00
     21.   5.   0.1421647541E+02   0.0000000000E+00   0.8272377049E+02   0.1468841780E+03   0.0000000000E+00   0.0000000000E+00   0.1074766226E+00
     21.   6.   0.1421647541E+02   0.0000000000E+00   0.8272377049E+02   0.1468849366E+03   0.0000000000E+00   0.0000000000E+00   0.1074774530E+00
     22.   1.   0.1423420354E+02   0.0000000000E+00   0.8261194690E+02   0.1466232212E+03   0.0000000000E+00   0.0000000000E+00   0.1090269539E+00
     22.   2.   0.1423420354E+02   0.0000000000E+00   0.8261194690E+02   0.1477948159E+03   0.0000000000E+00   0.0000000000E+00   0.1088232876E+00
     22.   3.   0.1423420354E+02   0.0000000000E+00   0.8261194690E+02   0.1478410312E+03   0.0000000000E+00   0.0000000000E+00   0.1088855771E+00
     22.   4.   0.1423420354E+02   0.0000000000E+00   0.8261194690E+02   0.1478477566E+03   0.0000000000E+00   0.0000000000E+00   0.1088946864E+00
     22.   5.   0.1423420354E+02   0.0000000000E+00   0.8261194690E+02   0.1478496139E+03   0.0000000000E+00   0.0000000000E+00   0.1088970560E+00
     22.   6.   0.1423420354E+02   0.0000000000E+00   0.8261194690E+02   0.1478503784E+03   0.0000000000E+00   0.0000000000E+00   0.1088978954E+00
     23.   1.   0.1424613208E+02   0.0000000000E+00   0.8250396226E+02   0.1477202446E+03   0.0000000000E+00   0.0000000000E+00   0.1105038810E+00
     23.   2.   0.1424613208E+02   0.0000000000E+00   0.8250396226E+02   0.1487906657E+03   0.0000000000E+00   0.0000000000E+00   0.1102976618E+00
     23.   3.   0.1424613208E+02   0.0000000000E+00   0.8250396226E+02   0.1488371010E+03   0.0000000000E+00   0.0000000000E+00   0.1103607732E+00
     23.   4.   0.1424613208E+02   0.0000000000E+00   0.8250396226E+02   0.1488438639E+03   0.0000000000E+00   0.0000000000E+00   0.1103700019E+00
     23.   5.   0.1424613208E+02   0.0000000000E+00   0.8250396226E+02   0.1488457329E+03   0.0000000000E+00   0.0000000000E+00   0.1103724013E+00
     23.   6.   0.1424613208E+02   0.0000000000E+00   0.8250396226E+02   0.1488465031E+03   0.0000000000E+00   0.0000000000E+00   0.1103732498E+00
     24.   1.   0.1425287330E+02   0.0000000000E+00   0.8239995475E+02   0.1488559398E+03   0.0000000000E+00   0.0000000000E+00   0.1120228713E+00
     24.   2.   0.1425287330E+02   0.0000000000E+00   0.8239995475E+02   0.1498075918E+03   0.0000000000E+00   0.0000000000E+00   0.1118139727E+00
     24.   3.   0.1425287330E+02   0.0000000000E+00   0.8239995475E+02   0.1498542640E+03   0.0000000000E+00   0.0000000000E+00   0.1118779392E+00
     24.   4.   0.1425287330E+02   0.0000000000E+00   0.8239995475E+02   0.1498610667E+03   0.0000000000E+00   0.0000000000E+00   0.1118872916E+00
     24.   5.   0.1425287330E+02   0.0000000000E+00   0.8239995475E+02   0.1498629476E+03   0.0000000000E+00   0.0000000000E+00   0.1118897218E+00
     24.   6.   0.1425287330E+02   0.0000000000E+00   0.8239995475E+02   0.1498637231E+03   0.0000000000E+00   0.0000000000E+00   0.1118905796E+00
     25.   1.   0.1425500000E+02   0.0000000000E+00   0.8230000000E+02   0.1499457077E+03   0.0000000000E+00   0.0000000000E+00   0.1135906275E+00
     25.   2.   0.1425500000E+02   0.0000000000E+00   0.8230000000E+02   0.1508502684E+03   0.0000000000E+00   0.0000000000E+00   0.1133790184E+00
     25.   3.   0.1425500000E+02   0.0000000000E+00   0.8230000000E+02   0.1508972178E+03   0.0000000000E+00   0.0000000000E+00   0.1134438410E+00
     25.   4.   0.1425500000E+02   0.0000000000E+00   0.8230000000E+02   0.1509040667E+03   0.0000000000E+00   0.0000000000E+00   0.1134533211E+00
     25.   5.   0.1425500000E+02   0.0000000000E+00   0.8230000000E+02   0.1509059623E+03   0.0000000000E+00   0.0000000000E+00   0.1134557823E+00
     25.   6.   0.1425500000E+02   0.0000000000E+00   0.8230000000E+02   0.1509067449E+03   0.0000000000E+00   0.0000000000E+00   0.1134566493E+00
     26.   1.   0.1425287330E+02   0.0000000000E+00   0.8220004525E+02   0.1509824497E+03   0.0000000000E+00   0.0000000000E+00   0.1152481531E+00
     26.   2.   0.1425287330E+02   0.0000000000E+00   0.8220004525E+02   0.1519490223E+03   0.0000000000E+00   0.0000000000E+00   0.1150332227E+00
     26.   3.   0.1425287330E+02   0.0000000000E+00   0.8220004525E+02   0.1519963630E+03   0.0000000000E+00   0.0000000000E+00   0.1150990310E+00
     26.   4.   0.1425287330E+02   0.0000000000E+00   0.8220004525E+02   0.1520032627E+03   0.0000000000E+00   0.0000000000E+00   0.1151086497E+00
     26.   5.   0.1425287330E+02   0.0000000000E+00   0.8220004525E+02   0.1520051701E+03   0.0000000000E+00   0.0000000000E+00   0.1151111446E+00
     26.   6.   0.1425287330E+02   0.0000000000E+00   0.8220004525E+02   0.1520059561E+03   0.0000000000E+00   0.0000000000E+00   0.1151120206E+00
     27.   1.   0.1424613208E+02   0.0000000000E+00   0.8209603774E+02   0.1520364342E+03   0.0000000000E+00   0.0000000000E+00   0.1170566008E+00
     27.   2.   0.1424613208E+02   0.0000000000E+00   0.8209603774E+02   0.1531395308E+03   0.0000000000E+00   0.0000000000E+00   0.1168381116E+00
     27.   3.   0.1424613208E+02   0.0000000000E+00   0.8209603774E+02   0.1531873255E+03   0.0000000000E+00   0.0000000000E+00   0.1169049676E+00
     27.   4.   0.1424613208E+02   0.0000000000E+00   0.8209603774E+02   0.1531942857E+03   0.0000000000E+00   0.0000000000E+00   0.1169147375E+00
     27.   5.   0.1424613208E+02   0.0000000000E+00   0.8209603774E+02   0.1531962082E+03   0.0000000000E+00   0.0000000000E+00   0.1169172686E+00
     27.   6.   0.1424613208E+02   0.0000000000E+00   0.8209603774E+02   0.1531969998E+03   0.0000000000E+00   0.0000000000E+00   0.1169181542E+00
     28.   1.   0.1423420354E+02   0.0000000000E+00   0.8198805310E+02   0.1532123074E+03   0.0000000000E+00   0.0000000000E+00   0.1190460278E+00
     28.   2.   0.1423420354E+02   0.0000000000E+00   0.8198805310E+02   0.1544380531E+03   0.0000000000E+00   0.0000000000E+00   0.1188235794E+00
     28.   3.   0.1423420354E+02   0.0000000000E+00   0.8198805310E+02   0.1544863490E+03   0.0000000000E+00   0.0000000000E+00   0.1188915975E+00
     28.   4.   0.1423420354E+02   0.0000000000E+00   0.8198805310E+02   0.1544933758E+03   0.0000000000E+00   0.0000000000E+00   0.1189015347E+00
     28.   5.   0.1423420354E+02   0.0000000000E+00   0.8198805310E+02   0.1544953151E+03   0.0000000000E+00   0.0000000000E+00   0.1189041056E+00
     28.   6.   0.1423420354E+02   0.0000000000E+00   0.8198805310E+02   0.1544961122E+03   0.0000000000E+00   0.0000000000E+00   0.1189050017E+00
     29.   1.   0.1421647541E+02   0.0000000000E+00   0.8187622951E+02   0.1545149392E+03   0.0000000000E+00   0.0000000000E+00   0.1212332854E+00
     29.   2.   0.1421647541E+02   0.0000000000E+00   0.8187622951E+02   0.1558530753E+03   0.0000000000E+00   0.0000000000E+00   0.1210064438E+00
     29.   3.   0.1421647541E+02   0.0000000000E+00   0.8187622951E+02   0.1559019246E+03   0.0000000000E+00   0.0000000000E+00   0.1210757511E+00
     29.   4.   0.1421647541E+02   0.0000000000E+00   0.8187622951E+02   0.1559090246E+03   0.0000000000E+00   0.0000000000E+00   0.1210858738E+00
     29.   5.   0.1421647541E+02   0.0000000000E+00   0.8187622951E+02   0.1559109817E+03   0.0000000000E+00   0.0000000000E+00   0.1210884884E+00
     29.   6.   0.1421647541E+02   0.0000000000E+00   0.8187622951E+02   0.1559117845E+03   0.0000000000E+00   0.0000000000E+00   0.1210893958E+00
     30.   1.   0.1419229989E+02   0.0000000000E+00   0.8176077908E+02   0.1559527177E+03   0.0000000000E+00   0.0000000000E+00   0.1236366316E+00
     30.   2.   0.1419229989E+02   0.0000000000E+00   0.8176077908E+02   0.1573932860E+03   0.0000000000E+00   0.0000000000E+00   0.1234049176E+00
     30.   3.   0.1419229989E+02   0.0000000000E+00   0.8176077908E+02   0.1574427432E+03   0.0000000000E+00   0.0000000000E+00   0.1234756534E+00
     30.   4.   0.1419229989E+02   0.0000000000E+00   0.8176077908E+02   0.1574499234E+03   0.0000000000E+00   0.0000000000E+00   0.1234859816E+00
     30.   5.   0.1419229989E+02   0.0000000000E+00   0.8176077908E+02   0.1574518995E+03   0.0000000000E+00   0.0000000000E+00   0.1234886441E+00
     30.   6.   0.1419229989E+02   0.0000000000E+00   0.8176077908E+02   0.1574527079E+03   0.0000000000E+00   0.0000000000E+00   0.1234895635E+00
     31.   1.   0.1416100000E+02   0.0000000000E+00   0.8164200000E+02   0.1575382202E+03   0.0000000000E+00   0.0000000000E+00   0.1262761278E+00
     31.   2.   0.1416100000E+02   0.0000000000E+00   0.8164200000E+02   0.1590678236E+03   0.0000000000E+00   0.0000000000E+00   0.1260390082E+00
     31.   3.   0.1416100000E+02   0.0000000000E+00   0.8164200000E+02   0.1591179468E+03   0.0000000000E+00   0.0000000000E+00   0.1261113269E+00
     31.   4.   0.1416100000E+02   0.0000000000E+00   0.8164200000E+02   0.1591252147E+03   0.0000000000E+00   0.0000000000E+00   0.1261218826E+00
     31.   5.   0.1416100000E+02   0.0000000000E+00   0.8164200000E+02   0.1591272110E+03   0.0000000000E+00   0.0000000000E+00   0.1261245976E+00
     31.   6.   0.1416100000E+02   0.0000000000E+00   0.8164200000E+02   0.1591280251E+03   0.0000000000E+00   0.0000000000E+00   0.1261255299E+00
     32.   1.   0.1412187861E+02   0.0000000000E+00   0.8152028902E+02   0.1592923206E+03   0.0000000000E+00   0.0000000000E+00   0.1291738929E+00
     32.   2.   0.1412187861E+02   0.0000000000E+00   0.8152028902E+02   0.1608863526E+03   0.0000000000E+00   0.0000000000E+00   0.1289307720E+00
     32.   3.   0.1412187861E+02   0.0000000000E+00   0.8152028902E+02   0.1609372048E+03   0.0000000000E+00   0.0000000000E+00   0.1290048438E+00
     32.   4.   0.1412187861E+02   0.0000000000E+00   0.8152028902E+02   0.1609445682E+03   0.0000000000E+00   0.0000000000E+00   0.1290156509E+00
     32.   5.   0.1412187861E+02   0.0000000000E+00   0.8152028902E+02   0.1609465859E+03   0.0000000000E+00   0.0000000000E+00   0.1290184236E+00
     32.   6.   0.1412187861E+02   0.0000000000E+00   0.8152028902E+02   0.1609474053E+03   0.0000000000E+00   0.0000000000E+00   0.1290193697E+00
     33.   1.   0.1407423077E+02   0.0000000000E+00   0.8139615385E+02   0.1612522048E+03   0.0000000000E+00   0.0000000000E+00   0.1323543486E+00
     33.   2.   0.1407423077E+02   0.0000000000E+00   0.8139615385E+02   0.1628591275E+03   0.0000000000E+00   0.0000000000E+00   0.1321045904E+00
     33.   3.   0.1407423077E+02   0.0000000000E+00   0.8139615385E+02   0.1629107733E+03   0.0000000000E+00   0.0000000000E+00   0.1321806033E+00
     33.   4.   0.1407423077E+02   0.0000000000E+00   0.8139615385E+02   0.1629182405E+03   0.0000000000E+00   0.0000000000E+00   0.1321916889E+00
     33.   5.   0.1407423077E+02   0.0000000000E+00   0.8139615385E+02   0.1629202809E+03   0.0000000000E+00   0.0000000000E+00   0.1321945246E+00
     33.   6.   0.1407423077E+02   0.0000000000E+00   0.8139615385E+02   0.1629211054E+03   0.0000000000E+00   0.0000000000E+00   0.1321954853E+00
     34.   1.   0.1401735955E+02   0.0000000000E+00   0.8127022472E+02   0.1634742094E+03   0.0000000000E+00   0.0000000000E+00   0.1358446624E+00
     34.   2.   0.1401735955E+02   0.0000000000E+00   0.8127022472E+02   0.1649971102E+03   0.0000000000E+00   0.0000000000E+00   0.1355875434E+00
     34.   3.   0.1401735955E+02   0.0000000000E+00   0.8127022472E+02   0.1650496191E+03   0.0000000000E+00   0.0000000000E+00   0.1356657058E+00
     34.   4.   0.1401735955E+02   0.0000000000E+00   0.8127022472E+02   0.1650571989E+03   0.0000000000E+00   0.0000000000E+00   0.1356770994E+00
     34.   5.   0.1401735955E+02   0.0000000000E+00   0.8127022472E+02   0.1650592631E+03   0.0000000000E+00   0.0000000000E+00   0.1356800044E+00
     34.   6.   0.1401735955E+02   0.0000000000E+00   0.8127022472E+02   0.1650600924E+03   0.0000000000E+00   0.0000000000E+00   0.1356809808E+00
     35.   1.   0.1395059585E+02   0.0000000000E+00   0.8114326425E+02   0.1659590976E+03   0.0000000000E+00   0.0000000000E+00   0.1396751547E+00
     35.   2.   0.1395059585E+02   0.0000000000E+00   0.8114326425E+02   0.1673125466E+03   0.0000000000E+00   0.0000000000E+00   0.1394098804E+00
     35.   3.   0.1395059585E+02   0.0000000000E+00   0.8114326425E+02   0.1673659909E+03   0.0000000000E+00   0.0000000000E+00   0.1394904245E+00
     35.   4.   0.1395059585E+02   0.0000000000E+00   0.8114326425E+02   0.1673736925E+03   0.0000000000E+00   0.0000000000E+00   0.1395021591E+00
     35.   5.   0.1395059585E+02   0.0000000000E+00   0.8114326425E+02   0.1673757817E+03   0.0000000000E+00   0.0000000000E+00   0.1395051401E+00
     35.   6.   0.1395059585E+02   0.0000000000E+00   0.8114326425E+02   0.1673766152E+03   0.0000000000E+00   0.0000000000E+00   0.1395061331E+00
     36.   1.   0.1387332215E+02   0.0000000000E+00   0.8101617450E+02   0.1682873991E+03   0.0000000000E+00   0.0000000000E+00   0.1438799680E+00
     36.   2.   0.1387332215E+02   0.0000000000E+00   0.8101617450E+02   0.1698204913E+03   0.0000000000E+00   0.0000000000E+00   0.1436056549E+00
     36.   3.   0.1387332215E+02   0.0000000000E+00   0.8101617450E+02   0.1698749455E+03   0.0000000000E+00   0.0000000000E+00   0.1436888377E+00
     36.   4.   0.1387332215E+02   0.0000000000E+00   0.8101617450E+02   0.1698827785E+03   0.0000000000E+00   0.0000000000E+00   0.1437009501E+00
     36.   5.   0.1387332215E+02   0.0000000000E+00   0.8101617450E+02   0.1698848937E+03   0.0000000000E+00   0.0000000000E+00   0.1437040146E+00
     36.   6.   0.1387332215E+02   0.0000000000E+00   0.8101617450E+02   0.1698857309E+03   0.0000000000E+00   0.0000000000E+00   0.1437050254E+00
     37.   1.   0.1378500000E+02   0.0000000000E+00   0.8089000000E+02   0.1694282091E+03   0.0000000000E+00   0.0000000000E+00   0.1484980013E+00
     37.   2.   0.1378500000E+02   0.0000000000E+00   0.8089000000E+02   0.1725385887E+03   0.0000000000E+00   0.0000000000E+00   0.1482136705E+00
     37.   3.   0.1378500000E+02   0.0000000000E+00   0.8089000000E+02   0.1725941321E+03   0.0000000000E+00   0.0000000000E+00   0.1482997807E+00
     37.   4.   0.1378500000E+02   0.0000000000E+00   0.8089000000E+02   0.1726021066E+03   0.0000000000E+00   0.0000000000E+00   0.1483123118E+00
     37.   5.   0.1378500000E+02   0.0000000000E+00   0.8089000000E+02   0.1726042488E+03   0.0000000000E+00   0.0000000000E+00   0.1483154682E+00
     37.   6.   0.1378500000E+02   0.0000000000E+00   0.8089000000E+02   0.1726050890E+03   0.0000000000E+00   0.0000000000E+00   0.1483164980E+00
     38.   1.   0.1368520086E+02   0.0000000000E+00   0.8076592539E+02   0.1696671346E+03   0.0000000000E+00   0.0000000000E+00   0.1535741281E+00
     38.   2.   0.1368520086E+02   0.0000000000E+00   0.8076592539E+02   0.1754797259E+03   0.0000000000E+00   0.0000000000E+00   0.1532786635E+00
     38.   3.   0.1368520086E+02   0.0000000000E+00   0.8076592539E+02   0.1755364394E+03   0.0000000000E+00   0.0000000000E+00   0.1533680238E+00
     38.   4.   0.1368520086E+02   0.0000000000E+00   0.8076592539E+02   0.1755445657E+03   0.0000000000E+00   0.0000000000E+00   0.1533810200E+00
     38.   5.   0.1368520086E+02   0.0000000000E+00   0.8076592539E+02   0.1755467361E+03   0.0000000000E+00   0.0000000000E+00   0.1533842777E+00
     38.   6.   0.1368520086E+02   0.0000000000E+00   0.8076592539E+02   0.1755475784E+03   0.0000000000E+00   0.0000000000E+00   0.1533853279E+00
     39.   1.   0.1357363905E+02   0.0000000000E+00   0.8064526627E+02   0.1705709623E+03   0.0000000000E+00   0.0000000000E+00   0.1591609236E+00
     39.   2.   0.1357363905E+02   0.0000000000E+00   0.8064526627E+02   0.1786564917E+03   0.0000000000E+00   0.0000000000E+00   0.1588531223E+00
     39.   3.   0.1357363905E+02   0.0000000000E+00   0.8064526627E+02   0.1787144593E+03   0.0000000000E+00   0.0000000000E+00   0.1589460962E+00
     39.   4.   0.1357363905E+02   0.0000000000E+00   0.8064526627E+02   0.1787227490E+03   0.0000000000E+00   0.0000000000E+00   0.1589596097E+00
     39.   5.   0.1357363905E+02   0.0000000000E+00   0.8064526627E+02   0.1787249483E+03   0.0000000000E+00   0.0000000000E+00   0.1589629792E+00
     39.   6.   0.1357363905E+02   0.0000000000E+00   0.8064526627E+02   0.1787257917E+03   0.0000000000E+00   0.0000000000E+00   0.1589640515E+00
     40.   1.   0.1345020548E+02   0.0000000000E+00   0.8052945205E+02   0.1724277634E+03   0.0000000000E+00   0.0000000000E+00   0.1653215952E+00
     40.   2.   0.1345020548E+02   0.0000000000E+00   0.8052945205E+02   0.1820912670E+03   0.0000000000E+00   0.0000000000E+00   0.1650000366E+00
     40.   3.   0.1345020548E+02   0.0000000000E+00   0.8052945205E+02   0.1821505782E+03   0.0000000000E+00   0.0000000000E+00   0.1650970357E+00
     40.   4.   0.1345020548E+02   0.0000000000E+00   0.8052945205E+02   0.1821590429E+03   0.0000000000E+00   0.0000000000E+00   0.1651111257E+00
     40.   5.   0.1345020548E+02   0.0000000000E+00   0.8052945205E+02   0.1821612722E+03   0.0000000000E+00   0.0000000000E+00   0.1651146193E+00
     40.   6.   0.1345020548E+02   0.0000000000E+00   0.8052945205E+02   0.1821621156E+03   0.0000000000E+00   0.0000000000E+00   0.1651157155E+00
     41.   1.   0.1331500000E+02   0.0000000000E+00   0.8042000000E+02   0.1749426146E+03   0.0000000000E+00   0.0000000000E+00   0.1721344934E+00
     41.   2.   0.1331500000E+02   0.0000000000E+00   0.8042000000E+02   0.1858135871E+03   0.0000000000E+00   0.0000000000E+00   0.1717975956E+00
     41.   3.   0.1331500000E+02   0.0000000000E+00   0.8042000000E+02   0.1858743374E+03   0.0000000000E+00   0.0000000000E+00   0.1718990937E+00
     41.   4.   0.1331500000E+02   0.0000000000E+00   0.8042000000E+02   0.1858829902E+03   0.0000000000E+00   0.0000000000E+00   0.1719138288E+00
     41.   5.   0.1331500000E+02   0.0000000000E+00   0.8042000000E+02   0.1858852504E+03   0.0000000000E+00   0.0000000000E+00   0.1719174604E+00
     41.   6.   0.1331500000E+02   0.0000000000E+00   0.8042000000E+02   0.1858860927E+03   0.0000000000E+00   0.0000000000E+00   0.1719185828E+00
     42.   1.   0.1316836000E+02   0.0000000000E+00   0.8031848000E+02   0.1779585348E+03   0.0000000000E+00   0.0000000000E+00   0.1797009732E+00
     42.   2.   0.1316836000E+02   0.0000000000E+00   0.8031848000E+02   0.1898608017E+03   0.0000000000E+00   0.0000000000E+00   0.1793469096E+00
     42.   3.   0.1316836000E+02   0.0000000000E+00   0.8031848000E+02   0.1899230990E+03   0.0000000000E+00   0.0000000000E+00   0.1794534552E+00
     42.   4.   0.1316836000E+02   0.0000000000E+00   0.8031848000E+02   0.1899319538E+03   0.0000000000E+00   0.0000000000E+00   0.1794689148E+00
     42.   5.   0.1316836000E+02   0.0000000000E+00   0.8031848000E+02   0.1899342460E+03   0.0000000000E+00   0.0000000000E+00   0.1794727012E+00
     42.   6.   0.1316836000E+02   0.0000000000E+00   0.8031848000E+02   0.1899350858E+03   0.0000000000E+00   0.0000000000E+00   0.1794738525E+00
     43.   1.   0.1301088235E+02   0.0000000000E+00   0.8022647059E+02   0.1814495889E+03   0.0000000000E+00   0.0000000000E+00   0.1881583079E+00
     43.   2.   0.1301088235E+02   0.0000000000E+00   0.8022647059E+02   0.1942835943E+03   0.0000000000E+00   0.0000000000E+00   0.1877849276E+00
     43.   3.   0.1301088235E+02   0.0000000000E+00   0.8022647059E+02   0.1943475588E+03   0.0000000000E+00   0.0000000000E+00   0.1878971677E+00
     43.   4.   0.1301088235E+02   0.0000000000E+00   0.8022647059E+02   0.1943566332E+03   0.0000000000E+00   0.0000000000E+00   0.1879134466E+00
     43.   5.   0.1301088235E+02   0.0000000000E+00   0.8022647059E+02   0.1943589597E+03   0.0000000000E+00   0.0000000000E+00   0.1879174069E+00
     43.   6.   0.1301088235E+02   0.0000000000E+00   0.8022647059E+02   0.1943597963E+03   0.0000000000E+00   0.0000000000E+00   0.1879185895E+00
     44.   1.   0.1284343594E+02   0.0000000000E+00   0.8014550749E+02   0.1854567487E+03   0.0000000000E+00   0.0000000000E+00   0.1977024345E+00
     44.   2.   0.1284343594E+02   0.0000000000E+00   0.8014550749E+02   0.1991553552E+03   0.0000000000E+00   0.0000000000E+00   0.1973071252E+00
     44.   3.   0.1284343594E+02   0.0000000000E+00   0.8014550749E+02   0.1992211447E+03   0.0000000000E+00   0.0000000000E+00   0.1974258484E+00
     44.   4.   0.1284343594E+02   0.0000000000E+00   0.8014550749E+02   0.1992304526E+03   0.0000000000E+00   0.0000000000E+00   0.1974430612E+00
     44.   5.   0.1284343594E+02   0.0000000000E+00   0.8014550749E+02   0.1992328111E+03   0.0000000000E+00   0.0000000000E+00   0.1974472220E+00
     44.   6.   0.1284343594E+02   0.0000000000E+00   0.8014550749E+02   0.1992336419E+03   0.0000000000E+00   0.0000000000E+00   0.1974484432E+00
     45.   1.   0.1266716216E+02   0.0000000000E+00   0.8007702703E+02   0.1900728498E+03   0.0000000000E+00   0.0000000000E+00   0.2086287919E+00
     45.   2.   0.1266716216E+02   0.0000000000E+00   0.8007702703E+02   0.2045881054E+03   0.0000000000E+00   0.0000000000E+00   0.2082083500E+00
     45.   3.   0.1266716216E+02   0.0000000000E+00   0.8007702703E+02   0.2046559603E+03   0.0000000000E+00   0.0000000000E+00   0.2083345332E+00
     45.   4.   0.1266716216E+02   0.0000000000E+00   0.8007702703E+02   0.2046655528E+03   0.0000000000E+00   0.0000000000E+00   0.2083528271E+00
     45.   5.   0.1266716216E+02   0.0000000000E+00   0.8007702703E+02   0.2046679545E+03   0.0000000000E+00   0.0000000000E+00   0.2083572114E+00
     45.   6.   0.1266716216E+02   0.0000000000E+00   0.8007702703E+02   0.2046687802E+03   0.0000000000E+00   0.0000000000E+00   0.2083584513E+00
     46.   1.   0.1248346154E+02   0.0000000000E+00   0.8002230769E+02   0.1954604924E+03   0.0000000000E+00   0.0000000000E+00   0.2214080564E+00
     46.   2.   0.1248346154E+02   0.0000000000E+00   0.8002230769E+02   0.2107603445E+03   0.0000000000E+00   0.0000000000E+00   0.2209580275E+00
     46.   3.   0.1248346154E+02   0.0000000000E+00   0.8002230769E+02   0.2108309555E+03   0.0000000000E+00   0.0000000000E+00   0.2210930355E+00
     46.   4.   0.1248346154E+02   0.0000000000E+00   0.8002230769E+02   0.2108409389E+03   0.0000000000E+00   0.0000000000E+00   0.2211126052E+00
     46.   5.   0.1248346154E+02   0.0000000000E+00   0.8002230769E+02   0.2108433377E+03   0.0000000000E+00   0.0000000000E+00   0.2211173169E+00
     46.   6.   0.1248346154E+02   0.0000000000E+00   0.8002230769E+02   0.2108441199E+03   0.0000000000E+00   0.0000000000E+00   0.2211186452E+00
     47.   1.   0.1229396552E+02   0.0000000000E+00   0.7998241379E+02   0.2018763453E+03   0.0000000000E+00   0.0000000000E+00   0.2367907970E+00
     47.   2.   0.1229396552E+02   0.0000000000E+00   0.7998241379E+02   0.2179453630E+03   0.0000000000E+00   0.0000000000E+00   0.2363061349E+00
     47.   3.   0.1229396552E+02   0.0000000000E+00   0.7998241379E+02   0.2180213960E+03   0.0000000000E+00   0.0000000000E+00   0.2364515989E+00
     47.   4.   0.1229396552E+02   0.0000000000E+00   0.7998241379E+02   0.2180335904E+03   0.0000000000E+00   0.0000000000E+00   0.2364726614E+00
     47.   5.   0.1229396552E+02   0.0000000000E+00   0.7998241379E+02   0.2180368718E+03   0.0000000000E+00   0.0000000000E+00   0.2364774716E+00
     47.   6.   0.1229396552E+02   0.0000000000E+00   0.7998241379E+02   0.2180377486E+03   0.0000000000E+00   0.0000000000E+00   0.2364774572E+00
     48.   1.   0.1210049393E+02   0.0000000000E+00   0.7995814558E+02   0.2094082695E+03   0.0000000000E+00   0.0000000000E+00   0.2552702128E+00
     48.   2.   0.1210049393E+02   0.0000000000E+00   0.7995814558E+02   0.2261962723E+03   0.0000000000E+00   0.0000000000E+00   0.2547072498E+00
     48.   3.   0.1210049393E+02   0.0000000000E+00   0.7995814558E+02   0.2262817766E+03   0.0000000000E+00   0.0000000000E+00   0.2548046899E+00
     48.   4.   0.1210049393E+02   0.0000000000E+00   0.7995814558E+02   0.2263012662E+03   0.0000000000E+00   0.0000000000E+00   0.2547992706E+00
     48.   5.   0.1210049393E+02   0.0000000000E+00   0.7995814558E+02   0.2263115166E+03   0.0000000000E+00   0.0000000000E+00   0.2548133682E+00
     48.   6.   0.1210049393E+02   0.0000000000E+00   0.7995814558E+02   0.2263183988E+03   0.0000000000E+00   0.0000000000E+00   0.2548350113E+00
     49.   1.   0.1190500000E+02   0.0000000000E+00   0.7995000000E+02   0.2078057790E+03   0.0000000000E+00   0.0000000000E+00   0.2614665362E+00
     49.   2.   0.1190500000E+02   0.0000000000E+00   0.7995000000E+02   0.2300247461E+03   0.0000000000E+00   0.0000000000E+00   0.2609855889E+00
     49.   3.   0.1190500000E+02   0.0000000000E+00   0.7995000000E+02   0.2301522773E+03   0.0000000000E+00   0.0000000000E+00   0.2612629484E+00
     49.   4.   0.1190500000E+02   0.0000000000E+00   0.7995000000E+02   0.2301924001E+03   0.0000000000E+00   0.0000000000E+00   0.2613466327E+00
     49.   5.   0.1190500000E+02   0.0000000000E+00   0.7995000000E+02   0.2302160669E+03   0.0000000000E+00   0.0000000000E+00   0.2613412141E+00
     49.   6.   0.1190500000E+02   0.0000000000E+00   0.7995000000E+02   0.2302305995E+03   0.0000000000E+00   0.0000000000E+00   0.2613050589E+00
