# digitalmodel weldolet_crack start-node SIFS audit
# units: K=MPa*sqrt(mm); A = CINT 1 (starts at node 1), B = CINT 3 (starts at node 2)
# sign_factors  -1.0   1.0
# columns: node contour K1A K2A K3A K1B K2B K3B
      1.   1.   0.3236668224E+02   0.1218675531E+02   0.5796675923E-01   0.3184651228E+02  -0.1206118480E+02   0.2825945693E-08
      1.   2.   0.4273936818E+02   0.1657095301E+02  -0.6774241849E-02   0.4252966591E+02  -0.1655747748E+02   0.4892572475E-09
      1.   3.   0.4367716658E+02   0.1712184665E+02  -0.4238872845E-01   0.4358642202E+02  -0.1692140811E+02  -0.4008822878E-09
      1.   4.   0.4375435965E+02   0.1714741258E+02  -0.7418003806E-01   0.4366549127E+02  -0.1731868908E+02  -0.6943699341E-09
      1.   5.   0.4375401016E+02   0.1715958628E+02  -0.1201324163E+00   0.4366570593E+02  -0.1731580967E+02  -0.7408292483E-09
      1.   6.   0.4375865280E+02   0.1734343524E+02  -0.1806782551E+00   0.4366693648E+02  -0.1734433703E+02  -0.6271219032E-09
      2.   1.   0.3156969813E+02   0.1210342283E+02  -0.1558694275E-01   0.3210431855E+02  -0.1221857203E+02  -0.7480807402E-01
      2.   2.   0.4215608139E+02   0.1658517985E+02  -0.2433030903E-01   0.4236367005E+02  -0.1659921392E+02  -0.1596871673E-01
      2.   3.   0.4320297273E+02   0.1694841315E+02  -0.2041066701E-01   0.4329286825E+02  -0.1715378602E+02   0.1923882275E-01
      2.   4.   0.4328117337E+02   0.1734642629E+02  -0.2849691951E-01   0.4336580277E+02  -0.1717946107E+02   0.5437638411E-01
      2.   5.   0.4328138079E+02   0.1734340556E+02  -0.2663022618E-01   0.4336531254E+02  -0.1719380302E+02   0.1029496741E+00
      2.   6.   0.4328261623E+02   0.1737188999E+02  -0.2668277055E-01   0.4337057543E+02  -0.1737920960E+02   0.1567350829E+00
      3.   1.   0.3078495900E+02   0.1223878708E+02  -0.4635405068E-01   0.3078495900E+02  -0.1223878708E+02  -0.4635405068E-01
      3.   2.   0.4104797017E+02   0.1666939222E+02  -0.6763026119E-01   0.4104797017E+02  -0.1666939222E+02  -0.6763026119E-01
      3.   3.   0.4206537191E+02   0.1703072019E+02  -0.6049761886E-01   0.4206537191E+02  -0.1703072019E+02  -0.6049761886E-01
      3.   4.   0.4214111988E+02   0.1743102865E+02  -0.7655954205E-01   0.4214111988E+02  -0.1743102865E+02  -0.7655954205E-01
      3.   5.   0.4214130532E+02   0.1742759857E+02  -0.7300258142E-01   0.4214130532E+02  -0.1742759857E+02  -0.7300258142E-01
      3.   6.   0.4214255515E+02   0.1745596915E+02  -0.7324669477E-01   0.4214255515E+02  -0.1745596915E+02  -0.7324669477E-01
