# digitalmodel weldolet_crack CINT table
# units: length=mm force=N stress=MPa K=MPa*sqrt(mm) J=N/mm
# mesh_level     0.
# front_nodes      64.
# contours   6.
# columns: node contour x y z K1 K2 K3 J
      1.   1.   0.1590500000E+02   0.0000000000E+00   0.8415000000E+02   0.3184651228E+02   0.1206118480E+02   0.2825945693E-08   0.1165142533E-01
      1.   2.   0.1590500000E+02   0.0000000000E+00   0.8415000000E+02   0.4252966591E+02   0.1655747748E+02   0.4892572475E-09   0.1162900872E-01
      1.   3.   0.1590500000E+02   0.0000000000E+00   0.8415000000E+02   0.4358642202E+02   0.1692140811E+02  -0.4008822878E-09   0.1163586914E-01
      1.   4.   0.1590500000E+02   0.0000000000E+00   0.8415000000E+02   0.4366549127E+02   0.1731868908E+02  -0.6943699341E-09   0.1163688235E-01
      1.   5.   0.1590500000E+02   0.0000000000E+00   0.8415000000E+02   0.4366570593E+02   0.1731580967E+02  -0.7408292483E-09   0.1163715686E-01
      1.   6.   0.1590500000E+02   0.0000000000E+00   0.8415000000E+02   0.4366693648E+02   0.1734433703E+02  -0.6271219032E-09   0.1163725964E-01
      2.   1.   0.1582841308E+02   0.1558962620E+01   0.8413555809E+02   0.3156969813E+02   0.1210342283E+02  -0.1558694275E-01   0.1148435422E-01
      2.   2.   0.1582841308E+02   0.1558962620E+01   0.8413555809E+02   0.4215608139E+02   0.1658517985E+02  -0.2433030903E-01   0.1146227255E-01
      2.   3.   0.1582841308E+02   0.1558962620E+01   0.8413555809E+02   0.4320297273E+02   0.1694841315E+02  -0.2041066701E-01   0.1146902582E-01
      2.   4.   0.1582841308E+02   0.1558962620E+01   0.8413555809E+02   0.4328117337E+02   0.1734642629E+02  -0.2849691951E-01   0.1147001970E-01
      2.   5.   0.1582841308E+02   0.1558962620E+01   0.8413555809E+02   0.4328138079E+02   0.1734340556E+02  -0.2663022618E-01   0.1147028460E-01
      2.   6.   0.1582841308E+02   0.1558962620E+01   0.8413555809E+02   0.4328261623E+02   0.1737188999E+02  -0.2668277055E-01   0.1147037832E-01
      3.   1.   0.1559938988E+02   0.3102911570E+01   0.8409277282E+02   0.3078495900E+02   0.1223878708E+02  -0.4635405068E-01   0.1099779037E-01
      3.   2.   0.1559938988E+02   0.3102911570E+01   0.8409277282E+02   0.4104797017E+02   0.1666939222E+02  -0.6763026119E-01   0.1097668197E-01
      3.   3.   0.1559938988E+02   0.3102911570E+01   0.8409277282E+02   0.4206537191E+02   0.1703072019E+02  -0.6049761886E-01   0.1098312333E-01
      3.   4.   0.1559938988E+02   0.3102911570E+01   0.8409277282E+02   0.4214111988E+02   0.1743102865E+02  -0.7655954205E-01   0.1098406071E-01
      3.   5.   0.1559938988E+02   0.3102911570E+01   0.8409277282E+02   0.4214130532E+02   0.1742759857E+02  -0.7300258142E-01   0.1098429716E-01
      3.   6.   0.1559938988E+02   0.3102911570E+01   0.8409277282E+02   0.4214255515E+02   0.1745596915E+02  -0.7324669477E-01   0.1098436382E-01
      4.   1.   0.1522013604E+02   0.4616977790E+01   0.8402324688E+02   0.2945149884E+02   0.1244376596E+02  -0.1047133938E+00   0.1023416337E-01
      4.   2.   0.1522013604E+02   0.4616977790E+01   0.8402324688E+02   0.3924312013E+02   0.1681118346E+02  -0.1452729845E+00   0.1021457738E-01
      4.   3.   0.1522013604E+02   0.4616977790E+01   0.8402324688E+02   0.4021182144E+02   0.1717008109E+02  -0.1362209627E+00   0.1022052994E-01
      4.   4.   0.1522013604E+02   0.4616977790E+01   0.8402324688E+02   0.4028391004E+02   0.1757443783E+02  -0.1600135328E+00   0.1022137794E-01
      4.   5.   0.1522013604E+02   0.4616977790E+01   0.8402324688E+02   0.4028405823E+02   0.1757037286E+02  -0.1550991073E+00   0.1022156850E-01
      4.   6.   0.1522013604E+02   0.4616977790E+01   0.8402324688E+02   0.4028565994E+02   0.1761365077E+02  -0.1714984730E+00   0.1022159073E-01
      5.   1.   0.1469430396E+02   0.6086579990E+01   0.8392958980E+02   0.2767101931E+02   0.1272318725E+02  -0.1989240559E+00   0.9259225438E-02
      5.   2.   0.1469430396E+02   0.6086579990E+01   0.8392958980E+02   0.3680763520E+02   0.1701159964E+02  -0.2753323438E+00   0.9241574229E-02
      5.   3.   0.1469430396E+02   0.6086579990E+01   0.8392958980E+02   0.3770581665E+02   0.1737162937E+02  -0.2663034009E+00   0.9246904293E-02
      5.   4.   0.1469430396E+02   0.6086579990E+01   0.8392958980E+02   0.3777347653E+02   0.1778185356E+02  -0.2973916488E+00   0.9247637070E-02
      5.   5.   0.1469430396E+02   0.6086579990E+01   0.8392958980E+02   0.3777416358E+02   0.1779243505E+02  -0.2937971257E+00   0.9247766869E-02
      5.   6.   0.1469430396E+02   0.6086579990E+01   0.8392958980E+02   0.3777509062E+02   0.1782000805E+02  -0.3219461950E+00   0.9247728961E-02
      6.   1.   0.1402695771E+02   0.7497565100E+01   0.8381532687E+02   0.2549755880E+02   0.1305820171E+02  -0.3239290570E+00   0.8154954675E-02
      6.   2.   0.1402695771E+02   0.7497565100E+01   0.8381532687E+02   0.3382181737E+02   0.1727739837E+02  -0.4262743896E+00   0.8139483042E-02
      6.   3.   0.1402695771E+02   0.7497565100E+01   0.8381532687E+02   0.3463997744E+02   0.1783618286E+02  -0.4374843993E+00   0.8144110456E-02
      6.   4.   0.1402695771E+02   0.7497565100E+01   0.8381532687E+02   0.3469593443E+02   0.1805813331E+02  -0.4713147198E+00   0.8144711343E-02
      6.   5.   0.1402695771E+02   0.7497565100E+01   0.8381532687E+02   0.3469665243E+02   0.1806824773E+02  -0.4677498380E+00   0.8144769376E-02
      6.   6.   0.1402695771E+02   0.7497565100E+01   0.8381532687E+02   0.3469762977E+02   0.1809557113E+02  -0.4967024508E+00   0.8144658459E-02
      7.   1.   0.1322452418E+02   0.8836344560E+01   0.8368477469E+02   0.2345115820E+02   0.1364123567E+02  -0.4810424884E+00   0.7010444024E-02
      7.   2.   0.1322452418E+02   0.8836344560E+01   0.8368477469E+02   0.3039082857E+02   0.1762698346E+02  -0.6205981788E+00   0.6997216732E-02
      7.   3.   0.1322452418E+02   0.8836344560E+01   0.8368477469E+02   0.3111152390E+02   0.1818373717E+02  -0.6383770956E+00   0.7001119150E-02
      7.   4.   0.1322452418E+02   0.8836344560E+01   0.8368477469E+02   0.3116208399E+02   0.1840898431E+02  -0.6748173613E+00   0.7001581729E-02
      7.   5.   0.1322452418E+02   0.8836344560E+01   0.8368477469E+02   0.3116338183E+02   0.1843485303E+02  -0.6823967505E+00   0.7001561471E-02
      7.   6.   0.1322452418E+02   0.8836344560E+01   0.8368477469E+02   0.3116369205E+02   0.1844579343E+02  -0.7126607925E+00   0.7001368148E-02
      8.   1.   0.1229473126E+02   0.1009002518E+02   0.8354288654E+02   0.2096772098E+02   0.1414608212E+02  -0.6505806803E+00   0.5911758400E-02
      8.   2.   0.1229473126E+02   0.1009002518E+02   0.8354288654E+02   0.2664077925E+02   0.1804972933E+02  -0.8270416582E+00   0.5900669398E-02
      8.   3.   0.1229473126E+02   0.1009002518E+02   0.8354288654E+02   0.2725839714E+02   0.1881890281E+02  -0.8895517046E+00   0.5903879495E-02
      8.   4.   0.1229473126E+02   0.1009002518E+02   0.8354288654E+02   0.2730043937E+02   0.1885383603E+02  -0.8813539364E+00   0.5904206905E-02
      8.   5.   0.1229473126E+02   0.1009002518E+02   0.8354288654E+02   0.2730102237E+02   0.1886310097E+02  -0.8956250959E+00   0.5904105766E-02
      8.   6.   0.1229473126E+02   0.1009002518E+02   0.8354288654E+02   0.2730147909E+02   0.1889464941E+02  -0.9191633064E+00   0.5903823572E-02
      9.   1.   0.1124653335E+02   0.1124653335E+02   0.8339507172E+02   0.1819609008E+02   0.1455955370E+02  -0.8085476781E+00   0.4932079582E-02
      9.   2.   0.1124653335E+02   0.1124653335E+02   0.8339507172E+02   0.2267582309E+02   0.1844836037E+02  -0.1011638593E+01   0.4922877208E-02
      9.   3.   0.1124653335E+02   0.1124653335E+02   0.8339507172E+02   0.2321477382E+02   0.1932737227E+02  -0.1093034132E+01   0.4925473402E-02
      9.   4.   0.1124653335E+02   0.1124653335E+02   0.8339507172E+02   0.2325304415E+02   0.1935556388E+02  -0.1083351386E+01   0.4925675798E-02
      9.   5.   0.1124653335E+02   0.1124653335E+02   0.8339507172E+02   0.2325387451E+02   0.1938442836E+02  -0.1103601859E+01   0.4925493378E-02
      9.   6.   0.1124653335E+02   0.1124653335E+02   0.8339507172E+02   0.2325416322E+02   0.1939908946E+02  -0.1111767057E+01   0.4925116872E-02
     10.   1.   0.1009002518E+02   0.1229473126E+02   0.8324699444E+02   0.1554891723E+02   0.1498323016E+02  -0.9408375924E+00   0.4123581788E-02
     10.   2.   0.1009002518E+02   0.1229473126E+02   0.8324699444E+02   0.1907762813E+02   0.1922681684E+02  -0.1184861502E+01   0.4115908872E-02
     10.   3.   0.1009002518E+02   0.1229473126E+02   0.8324699444E+02   0.1949416944E+02   0.1992129145E+02  -0.1260114755E+01   0.4118000758E-02
     10.   4.   0.1009002518E+02   0.1229473126E+02   0.8324699444E+02   0.1953214429E+02   0.1993472054E+02  -0.1258381826E+01   0.4118091824E-02
     10.   5.   0.1009002518E+02   0.1229473126E+02   0.8324699444E+02   0.1953257123E+02   0.1996784141E+02  -0.1276802508E+01   0.4117827362E-02
     10.   6.   0.1009002518E+02   0.1229473126E+02   0.8324699444E+02   0.1953262613E+02   0.1996348492E+02  -0.1279056271E+01   0.4117349612E-02
     11.   1.   0.8836344560E+01   0.1322452418E+02   0.8310435885E+02   0.1259652327E+02   0.1525793847E+02  -0.9610318186E+00   0.3512364608E-02
     11.   2.   0.8836344560E+01   0.1322452418E+02   0.8310435885E+02   0.1559868458E+02   0.2002098466E+02  -0.1291583258E+01   0.3505809187E-02
     11.   3.   0.8836344560E+01   0.1322452418E+02   0.8310435885E+02   0.1588786752E+02   0.2056784846E+02  -0.1337047231E+01   0.3507520248E-02
     11.   4.   0.8836344560E+01   0.1322452418E+02   0.8310435885E+02   0.1593719726E+02   0.2056121938E+02  -0.1335093824E+01   0.3507513623E-02
     11.   5.   0.8836344560E+01   0.1322452418E+02   0.8310435885E+02   0.1593742398E+02   0.2057658137E+02  -0.1342187079E+01   0.3507164229E-02
     11.   6.   0.8836344560E+01   0.1322452418E+02   0.8310435885E+02   0.1593744797E+02   0.2057202444E+02  -0.1345439928E+01   0.3506575173E-02
     12.   1.   0.7497565100E+01   0.1402695771E+02   0.8297268802E+02   0.9529803684E+01   0.1583033313E+02  -0.9959634589E+00   0.3097364100E-02
     12.   2.   0.7497565100E+01   0.1402695771E+02   0.8297268802E+02   0.1203928848E+02   0.2062706532E+02  -0.1304851029E+01   0.3091515002E-02
     12.   3.   0.7497565100E+01   0.1402695771E+02   0.8297268802E+02   0.1231159613E+02   0.2134610305E+02  -0.1378629962E+01   0.3092965367E-02
     12.   4.   0.7497565100E+01   0.1402695771E+02   0.8297268802E+02   0.1227343100E+02   0.2119349751E+02  -0.1354610567E+01   0.3092872449E-02
     12.   5.   0.7497565100E+01   0.1402695771E+02   0.8297268802E+02   0.1227330422E+02   0.2119031480E+02  -0.1356675098E+01   0.3092433204E-02
     12.   6.   0.7497565100E+01   0.1402695771E+02   0.8297268802E+02   0.1227329739E+02   0.2118576373E+02  -0.1360560330E+01   0.3091720817E-02
     13.   1.   0.6086579990E+01   0.1469430396E+02   0.8285710549E+02   0.7134842570E+01   0.1638667031E+02  -0.9302836138E+00   0.2853553056E-02
     13.   2.   0.6086579990E+01   0.1469430396E+02   0.8285710549E+02   0.8844064378E+01   0.2116596067E+02  -0.1200030573E+01   0.2848052977E-02
     13.   3.   0.6086579990E+01   0.1469430396E+02   0.8285710549E+02   0.9023345599E+01   0.2180021205E+02  -0.1234022844E+01   0.2849345522E-02
     13.   4.   0.6086579990E+01   0.1469430396E+02   0.8285710549E+02   0.9031983131E+01   0.2179043660E+02  -0.1242600898E+01   0.2849175578E-02
     13.   5.   0.6086579990E+01   0.1469430396E+02   0.8285710549E+02   0.9031789155E+01   0.2178749327E+02  -0.1244999742E+01   0.2848642328E-02
     13.   6.   0.6086579990E+01   0.1469430396E+02   0.8285710549E+02   0.9031753826E+01   0.2178310433E+02  -0.1249031812E+01   0.2847797183E-02
     14.   1.   0.4616977790E+01   0.1522013604E+02   0.8276212877E+02   0.5047251350E+01   0.1705301762E+02  -0.7904767006E+00   0.2739014735E-02
     14.   2.   0.4616977790E+01   0.1522013604E+02   0.8276212877E+02   0.6228954983E+01   0.2169818060E+02  -0.1012574068E+01   0.2733601735E-02
     14.   3.   0.4616977790E+01   0.1522013604E+02   0.8276212877E+02   0.6358001922E+01   0.2229152462E+02  -0.1041110806E+01   0.2734813344E-02
     14.   4.   0.4616977790E+01   0.1522013604E+02   0.8276212877E+02   0.6362838768E+01   0.2231107601E+02  -0.1045396358E+01   0.2734575912E-02
     14.   5.   0.4616977790E+01   0.1522013604E+02   0.8276212877E+02   0.6362586450E+01   0.2230843231E+02  -0.1047701897E+01   0.2733950180E-02
     14.   6.   0.4616977790E+01   0.1522013604E+02   0.8276212877E+02   0.6362526916E+01   0.2230429058E+02  -0.1051346937E+01   0.2732972537E-02
     15.   1.   0.3102911570E+01   0.1559938988E+02   0.8269148406E+02   0.3552634408E+01   0.1742274523E+02  -0.5727196844E+00   0.2704753951E-02
     15.   2.   0.3102911570E+01   0.1559938988E+02   0.8269148406E+02   0.4292217355E+01   0.2211085367E+02  -0.7281689920E+00   0.2699283328E-02
     15.   3.   0.3102911570E+01   0.1559938988E+02   0.8269148406E+02   0.4365212598E+01   0.2269164203E+02  -0.7477073408E+00   0.2700462600E-02
     15.   4.   0.3102911570E+01   0.1559938988E+02   0.8269148406E+02   0.4370394563E+01   0.2271878934E+02  -0.7498963500E+00   0.2700170600E-02
     15.   5.   0.3102911570E+01   0.1559938988E+02   0.8269148406E+02   0.4370097099E+01   0.2271643089E+02  -0.7517022029E+00   0.2699464501E-02
     15.   6.   0.3102911570E+01   0.1559938988E+02   0.8269148406E+02   0.4370019211E+01   0.2271254182E+02  -0.7544603105E+00   0.2698370988E-02
     16.   1.   0.1558962620E+01   0.1582841308E+02   0.8264795121E+02   0.2637934142E+01   0.1763646432E+02  -0.3005164155E+00   0.2705513646E-02
     16.   2.   0.1558962620E+01   0.1582841308E+02   0.8264795121E+02   0.3095993149E+01   0.2236441582E+02  -0.3808727173E+00   0.2699953526E-02
     16.   3.   0.1558962620E+01   0.1582841308E+02   0.8264795121E+02   0.3133882869E+01   0.2295066579E+02  -0.3913601290E+00   0.2701124515E-02
     16.   4.   0.1558962620E+01   0.1582841308E+02   0.8264795121E+02   0.3139721739E+01   0.2297902286E+02  -0.3922488680E+00   0.2700796269E-02
     16.   5.   0.1558962620E+01   0.1582841308E+02   0.8264795121E+02   0.3139395742E+01   0.2297686750E+02  -0.3932383566E+00   0.2700034780E-02
     16.   6.   0.1558962620E+01   0.1582841308E+02   0.8264795121E+02   0.3139306437E+01   0.2297316412E+02  -0.3947227749E+00   0.2698861217E-02
     17.   1.   0.0000000000E+00   0.1590500000E+02   0.8263324679E+02   0.2330091424E+01   0.1770526945E+02   0.2834730548E-07   0.2709563813E-02
     17.   2.   0.0000000000E+00   0.1590500000E+02   0.8263324679E+02   0.2691473766E+01   0.2245144330E+02   0.4161422895E-07   0.2703963961E-02
     17.   3.   0.0000000000E+00   0.1590500000E+02   0.8263324679E+02   0.2717350294E+01   0.2304031687E+02   0.4310668971E-07   0.2705134125E-02
     17.   4.   0.0000000000E+00   0.1590500000E+02   0.8263324679E+02   0.2723531410E+01   0.2306853340E+02   0.4317069792E-07   0.2704793097E-02
     17.   5.   0.0000000000E+00   0.1590500000E+02   0.8263324679E+02   0.2723195665E+01   0.2306645144E+02   0.4303284911E-07   0.2704011787E-02
     17.   6.   0.0000000000E+00   0.1590500000E+02   0.8263324679E+02   0.2723102477E+01   0.2306281601E+02   0.4299327605E-07   0.2702809543E-02
     18.   1.  -0.1558962620E+01   0.1582841308E+02   0.8264795121E+02   0.2637934144E+01   0.1763646431E+02   0.3005164813E+00   0.2705513646E-02
     18.   2.  -0.1558962620E+01   0.1582841308E+02   0.8264795121E+02   0.3095993151E+01   0.2236441582E+02   0.3808728004E+00   0.2699953526E-02
     18.   3.  -0.1558962620E+01   0.1582841308E+02   0.8264795121E+02   0.3133882871E+01   0.2295066579E+02   0.3913602143E+00   0.2701124516E-02
     18.   4.  -0.1558962620E+01   0.1582841308E+02   0.8264795121E+02   0.3139721741E+01   0.2297902286E+02   0.3922489532E+00   0.2700796269E-02
     18.   5.  -0.1558962620E+01   0.1582841308E+02   0.8264795121E+02   0.3139395744E+01   0.2297686750E+02   0.3932384418E+00   0.2700034780E-02
     18.   6.  -0.1558962620E+01   0.1582841308E+02   0.8264795121E+02   0.3139306439E+01   0.2297316412E+02   0.3947228602E+00   0.2698861217E-02
     19.   1.  -0.3102911570E+01   0.1559938988E+02   0.8269148406E+02   0.3552634411E+01   0.1742274522E+02   0.5727197491E+00   0.2704753951E-02
     19.   2.  -0.3102911570E+01   0.1559938988E+02   0.8269148406E+02   0.4292217358E+01   0.2211085367E+02   0.7281690743E+00   0.2699283328E-02
     19.   3.  -0.3102911570E+01   0.1559938988E+02   0.8269148406E+02   0.4365212601E+01   0.2269164203E+02   0.7477074254E+00   0.2700462600E-02
     19.   4.  -0.3102911570E+01   0.1559938988E+02   0.8269148406E+02   0.4370394567E+01   0.2271878934E+02   0.7498964346E+00   0.2700170600E-02
     19.   5.  -0.3102911570E+01   0.1559938988E+02   0.8269148406E+02   0.4370097102E+01   0.2271643088E+02   0.7517022874E+00   0.2699464501E-02
     19.   6.  -0.3102911570E+01   0.1559938988E+02   0.8269148406E+02   0.4370019214E+01   0.2271254181E+02   0.7544603950E+00   0.2698370988E-02
     20.   1.  -0.4616977790E+01   0.1522013604E+02   0.8276212877E+02   0.5047251354E+01   0.1705301761E+02   0.7904767645E+00   0.2739014735E-02
     20.   2.  -0.4616977790E+01   0.1522013604E+02   0.8276212877E+02   0.6228954987E+01   0.2169818059E+02   0.1012574149E+01   0.2733601735E-02
     20.   3.  -0.4616977790E+01   0.1522013604E+02   0.8276212877E+02   0.6358001927E+01   0.2229152461E+02   0.1041110889E+01   0.2734813344E-02
     20.   4.  -0.4616977790E+01   0.1522013604E+02   0.8276212877E+02   0.6362838773E+01   0.2231107601E+02   0.1045396441E+01   0.2734575912E-02
     20.   5.  -0.4616977790E+01   0.1522013604E+02   0.8276212877E+02   0.6362586455E+01   0.2230843230E+02   0.1047701981E+01   0.2733950180E-02
     20.   6.  -0.4616977790E+01   0.1522013604E+02   0.8276212877E+02   0.6362526921E+01   0.2230429058E+02   0.1051347021E+01   0.2732972537E-02
     21.   1.  -0.6086579990E+01   0.1469430396E+02   0.8285710549E+02   0.7134842576E+01   0.1638667030E+02   0.9302836754E+00   0.2853553056E-02
     21.   2.  -0.6086579990E+01   0.1469430396E+02   0.8285710549E+02   0.8844064384E+01   0.2116596066E+02   0.1200030651E+01   0.2848052977E-02
     21.   3.  -0.6086579990E+01   0.1469430396E+02   0.8285710549E+02   0.9023345606E+01   0.2180021204E+02   0.1234022925E+01   0.2849345522E-02
     21.   4.  -0.6086579990E+01   0.1469430396E+02   0.8285710549E+02   0.9031983137E+01   0.2179043660E+02   0.1242600979E+01   0.2849175578E-02
     21.   5.  -0.6086579990E+01   0.1469430396E+02   0.8285710549E+02   0.9031789162E+01   0.2178749326E+02   0.1244999823E+01   0.2848642328E-02
     21.   6.  -0.6086579990E+01   0.1469430396E+02   0.8285710549E+02   0.9031753833E+01   0.2178310432E+02   0.1249031893E+01   0.2847797183E-02
     22.   1.  -0.7497565100E+01   0.1402695771E+02   0.8297268802E+02   0.9529803691E+01   0.1583033313E+02   0.9959635183E+00   0.3097364100E-02
     22.   2.  -0.7497565100E+01   0.1402695771E+02   0.8297268802E+02   0.1203928849E+02   0.2062706531E+02   0.1304851105E+01   0.3091515002E-02
     22.   3.  -0.7497565100E+01   0.1402695771E+02   0.8297268802E+02   0.1231159614E+02   0.2134610304E+02   0.1378630040E+01   0.3092965367E-02
     22.   4.  -0.7497565100E+01   0.1402695771E+02   0.8297268802E+02   0.1227343101E+02   0.2119349750E+02   0.1354610645E+01   0.3092872450E-02
     22.   5.  -0.7497565100E+01   0.1402695771E+02   0.8297268802E+02   0.1227330423E+02   0.2119031479E+02   0.1356675176E+01   0.3092433204E-02
     22.   6.  -0.7497565100E+01   0.1402695771E+02   0.8297268802E+02   0.1227329740E+02   0.2118576372E+02   0.1360560408E+01   0.3091720818E-02
     23.   1.  -0.8836344560E+01   0.1322452418E+02   0.8310435885E+02   0.1259652328E+02   0.1525793847E+02   0.9610318744E+00   0.3512364609E-02
     23.   2.  -0.8836344560E+01   0.1322452418E+02   0.8310435885E+02   0.1559868459E+02   0.2002098465E+02   0.1291583331E+01   0.3505809188E-02
     23.   3.  -0.8836344560E+01   0.1322452418E+02   0.8310435885E+02   0.1588786753E+02   0.2056784845E+02   0.1337047305E+01   0.3507520249E-02
     23.   4.  -0.8836344560E+01   0.1322452418E+02   0.8310435885E+02   0.1593719727E+02   0.2056121937E+02   0.1335093899E+01   0.3507513624E-02
     23.   5.  -0.8836344560E+01   0.1322452418E+02   0.8310435885E+02   0.1593742399E+02   0.2057658135E+02   0.1342187153E+01   0.3507164230E-02
     23.   6.  -0.8836344560E+01   0.1322452418E+02   0.8310435885E+02   0.1593744798E+02   0.2057202443E+02   0.1345440003E+01   0.3506575174E-02
     24.   1.  -0.1009002518E+02   0.1229473126E+02   0.8324699444E+02   0.1554891724E+02   0.1498323015E+02   0.9408376441E+00   0.4123581790E-02
     24.   2.  -0.1009002518E+02   0.1229473126E+02   0.8324699444E+02   0.1907762815E+02   0.1922681683E+02   0.1184861570E+01   0.4115908873E-02
     24.   3.  -0.1009002518E+02   0.1229473126E+02   0.8324699444E+02   0.1949416945E+02   0.1992129144E+02   0.1260114825E+01   0.4118000759E-02
     24.   4.  -0.1009002518E+02   0.1229473126E+02   0.8324699444E+02   0.1953214430E+02   0.1993472053E+02   0.1258381896E+01   0.4118091826E-02
     24.   5.  -0.1009002518E+02   0.1229473126E+02   0.8324699444E+02   0.1953257124E+02   0.1996784140E+02   0.1276802579E+01   0.4117827364E-02
     24.   6.  -0.1009002518E+02   0.1229473126E+02   0.8324699444E+02   0.1953262615E+02   0.1996348491E+02   0.1279056341E+01   0.4117349613E-02
     25.   1.  -0.1124653335E+02   0.1124653335E+02   0.8339507172E+02   0.1819609009E+02   0.1455955369E+02   0.8085477259E+00   0.4932079585E-02
     25.   2.  -0.1124653335E+02   0.1124653335E+02   0.8339507172E+02   0.2267582311E+02   0.1844836036E+02   0.1011638656E+01   0.4922877210E-02
     25.   3.  -0.1124653335E+02   0.1124653335E+02   0.8339507172E+02   0.2321477384E+02   0.1932737226E+02   0.1093034196E+01   0.4925473405E-02
     25.   4.  -0.1124653335E+02   0.1124653335E+02   0.8339507172E+02   0.2325304417E+02   0.1935556387E+02   0.1083351450E+01   0.4925675801E-02
     25.   5.  -0.1124653335E+02   0.1124653335E+02   0.8339507172E+02   0.2325387452E+02   0.1938442835E+02   0.1103601924E+01   0.4925493380E-02
     25.   6.  -0.1124653335E+02   0.1124653335E+02   0.8339507172E+02   0.2325416323E+02   0.1939908945E+02   0.1111767122E+01   0.4925116875E-02
     26.   1.  -0.1229473126E+02   0.1009002518E+02   0.8354288654E+02   0.2096772099E+02   0.1414608211E+02   0.6505807237E+00   0.5911758404E-02
     26.   2.  -0.1229473126E+02   0.1009002518E+02   0.8354288654E+02   0.2664077927E+02   0.1804972932E+02   0.8270417151E+00   0.5900669403E-02
     26.   3.  -0.1229473126E+02   0.1009002518E+02   0.8354288654E+02   0.2725839715E+02   0.1881890280E+02   0.8895517636E+00   0.5903879499E-02
     26.   4.  -0.1229473126E+02   0.1009002518E+02   0.8354288654E+02   0.2730043939E+02   0.1885383602E+02   0.8813539956E+00   0.5904206909E-02
     26.   5.  -0.1229473126E+02   0.1009002518E+02   0.8354288654E+02   0.2730102239E+02   0.1886310096E+02   0.8956251551E+00   0.5904105770E-02
     26.   6.  -0.1229473126E+02   0.1009002518E+02   0.8354288654E+02   0.2730147910E+02   0.1889464940E+02   0.9191633657E+00   0.5903823577E-02
     27.   1.  -0.1322452418E+02   0.8836344560E+01   0.8368477469E+02   0.2345115822E+02   0.1364123567E+02   0.4810425265E+00   0.7010444029E-02
     27.   2.  -0.1322452418E+02   0.8836344560E+01   0.8368477469E+02   0.3039082858E+02   0.1762698345E+02   0.6205982294E+00   0.6997216737E-02
     27.   3.  -0.1322452418E+02   0.8836344560E+01   0.8368477469E+02   0.3111152392E+02   0.1818373716E+02   0.6383771479E+00   0.7001119155E-02
     27.   4.  -0.1322452418E+02   0.8836344560E+01   0.8368477469E+02   0.3116208401E+02   0.1840898430E+02   0.6748174139E+00   0.7001581734E-02
     27.   5.  -0.1322452418E+02   0.8836344560E+01   0.8368477469E+02   0.3116338185E+02   0.1843485302E+02   0.6823968032E+00   0.7001561476E-02
     27.   6.  -0.1322452418E+02   0.8836344560E+01   0.8368477469E+02   0.3116369206E+02   0.1844579342E+02   0.7126608452E+00   0.7001368153E-02
     28.   1.  -0.1402695771E+02   0.7497565100E+01   0.8381532687E+02   0.2549755881E+02   0.1305820170E+02   0.3239290895E+00   0.8154954681E-02
     28.   2.  -0.1402695771E+02   0.7497565100E+01   0.8381532687E+02   0.3382181739E+02   0.1727739836E+02   0.4262744331E+00   0.8139483048E-02
     28.   3.  -0.1402695771E+02   0.7497565100E+01   0.8381532687E+02   0.3463997746E+02   0.1783618285E+02   0.4374844442E+00   0.8144110462E-02
     28.   4.  -0.1402695771E+02   0.7497565100E+01   0.8381532687E+02   0.3469593445E+02   0.1805813330E+02   0.4713147650E+00   0.8144711350E-02
     28.   5.  -0.1402695771E+02   0.7497565100E+01   0.8381532687E+02   0.3469665245E+02   0.1806824772E+02   0.4677498833E+00   0.8144769382E-02
     28.   6.  -0.1402695771E+02   0.7497565100E+01   0.8381532687E+02   0.3469762979E+02   0.1809557112E+02   0.4967024960E+00   0.8144658466E-02
     29.   1.  -0.1469430396E+02   0.6086579990E+01   0.8392958980E+02   0.2767101933E+02   0.1272318724E+02   0.1989240827E+00   0.9259225445E-02
     29.   2.  -0.1469430396E+02   0.6086579990E+01   0.8392958980E+02   0.3680763522E+02   0.1701159964E+02   0.2753323796E+00   0.9241574236E-02
     29.   3.  -0.1469430396E+02   0.6086579990E+01   0.8392958980E+02   0.3770581667E+02   0.1737162937E+02   0.2663034376E+00   0.9246904300E-02
     29.   4.  -0.1469430396E+02   0.6086579990E+01   0.8392958980E+02   0.3777347655E+02   0.1778185356E+02   0.2973916860E+00   0.9247637077E-02
     29.   5.  -0.1469430396E+02   0.6086579990E+01   0.8392958980E+02   0.3777416360E+02   0.1779243504E+02   0.2937971630E+00   0.9247766876E-02
     29.   6.  -0.1469430396E+02   0.6086579990E+01   0.8392958980E+02   0.3777509064E+02   0.1782000804E+02   0.3219462322E+00   0.9247728969E-02
     30.   1.  -0.1522013604E+02   0.4616977790E+01   0.8402324688E+02   0.2945149886E+02   0.1244376596E+02   0.1047134144E+00   0.1023416338E-01
     30.   2.  -0.1522013604E+02   0.4616977790E+01   0.8402324688E+02   0.3924312015E+02   0.1681118346E+02   0.1452730121E+00   0.1021457739E-01
     30.   3.  -0.1522013604E+02   0.4616977790E+01   0.8402324688E+02   0.4021182147E+02   0.1717008109E+02   0.1362209910E+00   0.1022052995E-01
     30.   4.  -0.1522013604E+02   0.4616977790E+01   0.8402324688E+02   0.4028391006E+02   0.1757443783E+02   0.1600135614E+00   0.1022137795E-01
     30.   5.  -0.1522013604E+02   0.4616977790E+01   0.8402324688E+02   0.4028405825E+02   0.1757037285E+02   0.1550991359E+00   0.1022156851E-01
     30.   6.  -0.1522013604E+02   0.4616977790E+01   0.8402324688E+02   0.4028565996E+02   0.1761365077E+02   0.1714985016E+00   0.1022159074E-01
     31.   1.  -0.1559938988E+02   0.3102911570E+01   0.8409277282E+02   0.3078495901E+02   0.1223878707E+02   0.4635406471E-01   0.1099779038E-01
     31.   2.  -0.1559938988E+02   0.3102911570E+01   0.8409277282E+02   0.4104797019E+02   0.1666939221E+02   0.6763028001E-01   0.1097668198E-01
     31.   3.  -0.1559938988E+02   0.3102911570E+01   0.8409277282E+02   0.4206537193E+02   0.1703072018E+02   0.6049763821E-01   0.1098312334E-01
     31.   4.  -0.1559938988E+02   0.3102911570E+01   0.8409277282E+02   0.4214111990E+02   0.1743102864E+02   0.7655956165E-01   0.1098406072E-01
     31.   5.  -0.1559938988E+02   0.3102911570E+01   0.8409277282E+02   0.4214130535E+02   0.1742759856E+02   0.7300260102E-01   0.1098429717E-01
     31.   6.  -0.1559938988E+02   0.3102911570E+01   0.8409277282E+02   0.4214255517E+02   0.1745596915E+02   0.7324671439E-01   0.1098436383E-01
     32.   1.  -0.1582841308E+02   0.1558962620E+01   0.8413555809E+02   0.3156969815E+02   0.1210342282E+02   0.1558695012E-01   0.1148435423E-01
     32.   2.  -0.1582841308E+02   0.1558962620E+01   0.8413555809E+02   0.4215608141E+02   0.1658517985E+02   0.2433031884E-01   0.1146227256E-01
     32.   3.  -0.1582841308E+02   0.1558962620E+01   0.8413555809E+02   0.4320297275E+02   0.1694841315E+02   0.2041067717E-01   0.1146902583E-01
     32.   4.  -0.1582841308E+02   0.1558962620E+01   0.8413555809E+02   0.4328117340E+02   0.1734642628E+02   0.2849692980E-01   0.1147001971E-01
     32.   5.  -0.1582841308E+02   0.1558962620E+01   0.8413555809E+02   0.4328138081E+02   0.1734340556E+02   0.2663023647E-01   0.1147028461E-01
     32.   6.  -0.1582841308E+02   0.1558962620E+01   0.8413555809E+02   0.4328261626E+02   0.1737188999E+02   0.2668278085E-01   0.1147037833E-01
     33.   1.  -0.1590500000E+02   0.0000000000E+00   0.8415000000E+02   0.3184651229E+02   0.1206118480E+02   0.1038112467E-08   0.1165142534E-01
     33.   2.  -0.1590500000E+02   0.0000000000E+00   0.8415000000E+02   0.4252966594E+02   0.1655747747E+02   0.2192548995E-08   0.1162900873E-01
     33.   3.  -0.1590500000E+02   0.0000000000E+00   0.8415000000E+02   0.4358642204E+02   0.1692140811E+02   0.1329669557E-08   0.1163586914E-01
     33.   4.  -0.1590500000E+02   0.0000000000E+00   0.8415000000E+02   0.4366549129E+02   0.1731868907E+02   0.1062675922E-08   0.1163688236E-01
     33.   5.  -0.1590500000E+02   0.0000000000E+00   0.8415000000E+02   0.4366570595E+02   0.1731580967E+02   0.6403072298E-09   0.1163715687E-01
     33.   6.  -0.1590500000E+02   0.0000000000E+00   0.8415000000E+02   0.4366693650E+02   0.1734433702E+02   0.7667039130E-09   0.1163725965E-01
     34.   1.  -0.1582841308E+02  -0.1558962620E+01   0.8413555809E+02   0.3156969815E+02   0.1210342282E+02  -0.1558694869E-01   0.1148435423E-01
     34.   2.  -0.1582841308E+02  -0.1558962620E+01   0.8413555809E+02   0.4215608141E+02   0.1658517985E+02  -0.2433031694E-01   0.1146227256E-01
     34.   3.  -0.1582841308E+02  -0.1558962620E+01   0.8413555809E+02   0.4320297275E+02   0.1694841315E+02  -0.2041067516E-01   0.1146902583E-01
     34.   4.  -0.1582841308E+02  -0.1558962620E+01   0.8413555809E+02   0.4328117340E+02   0.1734642628E+02  -0.2849692775E-01   0.1147001971E-01
     34.   5.  -0.1582841308E+02  -0.1558962620E+01   0.8413555809E+02   0.4328138081E+02   0.1734340556E+02  -0.2663023442E-01   0.1147028461E-01
     34.   6.  -0.1582841308E+02  -0.1558962620E+01   0.8413555809E+02   0.4328261626E+02   0.1737188999E+02  -0.2668277880E-01   0.1147037833E-01
     35.   1.  -0.1559938988E+02  -0.3102911570E+01   0.8409277282E+02   0.3078495901E+02   0.1223878707E+02  -0.4635406336E-01   0.1099779038E-01
     35.   2.  -0.1559938988E+02  -0.3102911570E+01   0.8409277282E+02   0.4104797019E+02   0.1666939221E+02  -0.6763027816E-01   0.1097668198E-01
     35.   3.  -0.1559938988E+02  -0.3102911570E+01   0.8409277282E+02   0.4206537193E+02   0.1703072018E+02  -0.6049763631E-01   0.1098312334E-01
     35.   4.  -0.1559938988E+02  -0.3102911570E+01   0.8409277282E+02   0.4214111990E+02   0.1743102864E+02  -0.7655955970E-01   0.1098406072E-01
     35.   5.  -0.1559938988E+02  -0.3102911570E+01   0.8409277282E+02   0.4214130535E+02   0.1742759856E+02  -0.7300259906E-01   0.1098429717E-01
     35.   6.  -0.1559938988E+02  -0.3102911570E+01   0.8409277282E+02   0.4214255517E+02   0.1745596915E+02  -0.7324671242E-01   0.1098436383E-01
     36.   1.  -0.1522013604E+02  -0.4616977790E+01   0.8402324688E+02   0.2945149886E+02   0.1244376596E+02  -0.1047134131E+00   0.1023416338E-01
     36.   2.  -0.1522013604E+02  -0.4616977790E+01   0.8402324688E+02   0.3924312015E+02   0.1681118346E+02  -0.1452730104E+00   0.1021457739E-01
     36.   3.  -0.1522013604E+02  -0.4616977790E+01   0.8402324688E+02   0.4021182147E+02   0.1717008109E+02  -0.1362209892E+00   0.1022052995E-01
     36.   4.  -0.1522013604E+02  -0.4616977790E+01   0.8402324688E+02   0.4028391006E+02   0.1757443783E+02  -0.1600135596E+00   0.1022137795E-01
     36.   5.  -0.1522013604E+02  -0.4616977790E+01   0.8402324688E+02   0.4028405825E+02   0.1757037285E+02  -0.1550991341E+00   0.1022156851E-01
     36.   6.  -0.1522013604E+02  -0.4616977790E+01   0.8402324688E+02   0.4028565996E+02   0.1761365077E+02  -0.1714984998E+00   0.1022159074E-01
     37.   1.  -0.1469430396E+02  -0.6086579990E+01   0.8392958980E+02   0.2767101933E+02   0.1272318724E+02  -0.1989240816E+00   0.9259225445E-02
     37.   2.  -0.1469430396E+02  -0.6086579990E+01   0.8392958980E+02   0.3680763522E+02   0.1701159964E+02  -0.2753323780E+00   0.9241574236E-02
     37.   3.  -0.1469430396E+02  -0.6086579990E+01   0.8392958980E+02   0.3770581667E+02   0.1737162937E+02  -0.2663034360E+00   0.9246904300E-02
     37.   4.  -0.1469430396E+02  -0.6086579990E+01   0.8392958980E+02   0.3777347655E+02   0.1778185356E+02  -0.2973916843E+00   0.9247637077E-02
     37.   5.  -0.1469430396E+02  -0.6086579990E+01   0.8392958980E+02   0.3777416360E+02   0.1779243504E+02  -0.2937971613E+00   0.9247766876E-02
     37.   6.  -0.1469430396E+02  -0.6086579990E+01   0.8392958980E+02   0.3777509064E+02   0.1782000804E+02  -0.3219462305E+00   0.9247728969E-02
     38.   1.  -0.1402695771E+02  -0.7497565100E+01   0.8381532687E+02   0.2549755881E+02   0.1305820171E+02  -0.3239290886E+00   0.8154954681E-02
     38.   2.  -0.1402695771E+02  -0.7497565100E+01   0.8381532687E+02   0.3382181739E+02   0.1727739836E+02  -0.4262744317E+00   0.8139483048E-02
     38.   3.  -0.1402695771E+02  -0.7497565100E+01   0.8381532687E+02   0.3463997746E+02   0.1783618285E+02  -0.4374844427E+00   0.8144110462E-02
     38.   4.  -0.1402695771E+02  -0.7497565100E+01   0.8381532687E+02   0.3469593445E+02   0.1805813330E+02  -0.4713147635E+00   0.8144711349E-02
     38.   5.  -0.1402695771E+02  -0.7497565100E+01   0.8381532687E+02   0.3469665245E+02   0.1806824772E+02  -0.4677498818E+00   0.8144769382E-02
     38.   6.  -0.1402695771E+02  -0.7497565100E+01   0.8381532687E+02   0.3469762979E+02   0.1809557112E+02  -0.4967024945E+00   0.8144658465E-02
     39.   1.  -0.1322452418E+02  -0.8836344560E+01   0.8368477469E+02   0.2345115821E+02   0.1364123567E+02  -0.4810425259E+00   0.7010444029E-02
     39.   2.  -0.1322452418E+02  -0.8836344560E+01   0.8368477469E+02   0.3039082858E+02   0.1762698345E+02  -0.6205982283E+00   0.6997216737E-02
     39.   3.  -0.1322452418E+02  -0.8836344560E+01   0.8368477469E+02   0.3111152392E+02   0.1818373716E+02  -0.6383771467E+00   0.7001119154E-02
     39.   4.  -0.1322452418E+02  -0.8836344560E+01   0.8368477469E+02   0.3116208401E+02   0.1840898430E+02  -0.6748174127E+00   0.7001581734E-02
     39.   5.  -0.1322452418E+02  -0.8836344560E+01   0.8368477469E+02   0.3116338185E+02   0.1843485302E+02  -0.6823968020E+00   0.7001561476E-02
     39.   6.  -0.1322452418E+02  -0.8836344560E+01   0.8368477469E+02   0.3116369206E+02   0.1844579342E+02  -0.7126608440E+00   0.7001368153E-02
     40.   1.  -0.1229473126E+02  -0.1009002518E+02   0.8354288654E+02   0.2096772099E+02   0.1414608212E+02  -0.6505807229E+00   0.5911758404E-02
     40.   2.  -0.1229473126E+02  -0.1009002518E+02   0.8354288654E+02   0.2664077927E+02   0.1804972932E+02  -0.8270417142E+00   0.5900669402E-02
     40.   3.  -0.1229473126E+02  -0.1009002518E+02   0.8354288654E+02   0.2725839715E+02   0.1881890280E+02  -0.8895517627E+00   0.5903879499E-02
     40.   4.  -0.1229473126E+02  -0.1009002518E+02   0.8354288654E+02   0.2730043939E+02   0.1885383602E+02  -0.8813539947E+00   0.5904206909E-02
     40.   5.  -0.1229473126E+02  -0.1009002518E+02   0.8354288654E+02   0.2730102239E+02   0.1886310096E+02  -0.8956251542E+00   0.5904105770E-02
     40.   6.  -0.1229473126E+02  -0.1009002518E+02   0.8354288654E+02   0.2730147910E+02   0.1889464940E+02  -0.9191633648E+00   0.5903823577E-02
     41.   1.  -0.1124653335E+02  -0.1124653335E+02   0.8339507172E+02   0.1819609009E+02   0.1455955369E+02  -0.8085477254E+00   0.4932079585E-02
     41.   2.  -0.1124653335E+02  -0.1124653335E+02   0.8339507172E+02   0.2267582311E+02   0.1844836036E+02  -0.1011638655E+01   0.4922877210E-02
     41.   3.  -0.1124653335E+02  -0.1124653335E+02   0.8339507172E+02   0.2321477383E+02   0.1932737226E+02  -0.1093034196E+01   0.4925473405E-02
     41.   4.  -0.1124653335E+02  -0.1124653335E+02   0.8339507172E+02   0.2325304417E+02   0.1935556387E+02  -0.1083351450E+01   0.4925675801E-02
     41.   5.  -0.1124653335E+02  -0.1124653335E+02   0.8339507172E+02   0.2325387452E+02   0.1938442835E+02  -0.1103601923E+01   0.4925493381E-02
     41.   6.  -0.1124653335E+02  -0.1124653335E+02   0.8339507172E+02   0.2325416323E+02   0.1939908945E+02  -0.1111767121E+01   0.4925116875E-02
     42.   1.  -0.1009002518E+02  -0.1229473126E+02   0.8324699444E+02   0.1554891724E+02   0.1498323015E+02  -0.9408376438E+00   0.4123581790E-02
     42.   2.  -0.1009002518E+02  -0.1229473126E+02   0.8324699444E+02   0.1907762814E+02   0.1922681683E+02  -0.1184861570E+01   0.4115908873E-02
     42.   3.  -0.1009002518E+02  -0.1229473126E+02   0.8324699444E+02   0.1949416945E+02   0.1992129144E+02  -0.1260114825E+01   0.4118000760E-02
     42.   4.  -0.1009002518E+02  -0.1229473126E+02   0.8324699444E+02   0.1953214430E+02   0.1993472053E+02  -0.1258381895E+01   0.4118091826E-02
     42.   5.  -0.1009002518E+02  -0.1229473126E+02   0.8324699444E+02   0.1953257124E+02   0.1996784140E+02  -0.1276802578E+01   0.4117827364E-02
     42.   6.  -0.1009002518E+02  -0.1229473126E+02   0.8324699444E+02   0.1953262615E+02   0.1996348491E+02  -0.1279056341E+01   0.4117349614E-02
     43.   1.  -0.8836344560E+01  -0.1322452418E+02   0.8310435885E+02   0.1259652328E+02   0.1525793847E+02  -0.9610318740E+00   0.3512364609E-02
     43.   2.  -0.8836344560E+01  -0.1322452418E+02   0.8310435885E+02   0.1559868459E+02   0.2002098465E+02  -0.1291583330E+01   0.3505809188E-02
     43.   3.  -0.8836344560E+01  -0.1322452418E+02   0.8310435885E+02   0.1588786753E+02   0.2056784845E+02  -0.1337047304E+01   0.3507520249E-02
     43.   4.  -0.8836344560E+01  -0.1322452418E+02   0.8310435885E+02   0.1593719727E+02   0.2056121937E+02  -0.1335093898E+01   0.3507513624E-02
     43.   5.  -0.8836344560E+01  -0.1322452418E+02   0.8310435885E+02   0.1593742399E+02   0.2057658136E+02  -0.1342187153E+01   0.3507164230E-02
     43.   6.  -0.8836344560E+01  -0.1322452418E+02   0.8310435885E+02   0.1593744798E+02   0.2057202443E+02  -0.1345440002E+01   0.3506575174E-02
     44.   1.  -0.7497565100E+01  -0.1402695771E+02   0.8297268802E+02   0.9529803691E+01   0.1583033313E+02  -0.9959635180E+00   0.3097364101E-02
     44.   2.  -0.7497565100E+01  -0.1402695771E+02   0.8297268802E+02   0.1203928849E+02   0.2062706531E+02  -0.1304851105E+01   0.3091515002E-02
     44.   3.  -0.7497565100E+01  -0.1402695771E+02   0.8297268802E+02   0.1231159614E+02   0.2134610304E+02  -0.1378630039E+01   0.3092965368E-02
     44.   4.  -0.7497565100E+01  -0.1402695771E+02   0.8297268802E+02   0.1227343101E+02   0.2119349750E+02  -0.1354610645E+01   0.3092872450E-02
     44.   5.  -0.7497565100E+01  -0.1402695771E+02   0.8297268802E+02   0.1227330423E+02   0.2119031479E+02  -0.1356675176E+01   0.3092433204E-02
     44.   6.  -0.7497565100E+01  -0.1402695771E+02   0.8297268802E+02   0.1227329740E+02   0.2118576372E+02  -0.1360560408E+01   0.3091720818E-02
     45.   1.  -0.6086579990E+01  -0.1469430396E+02   0.8285710549E+02   0.7134842575E+01   0.1638667030E+02  -0.9302836752E+00   0.2853553057E-02
     45.   2.  -0.6086579990E+01  -0.1469430396E+02   0.8285710549E+02   0.8844064384E+01   0.2116596066E+02  -0.1200030651E+01   0.2848052977E-02
     45.   3.  -0.6086579990E+01  -0.1469430396E+02   0.8285710549E+02   0.9023345606E+01   0.2180021204E+02  -0.1234022925E+01   0.2849345522E-02
     45.   4.  -0.6086579990E+01  -0.1469430396E+02   0.8285710549E+02   0.9031983137E+01   0.2179043660E+02  -0.1242600979E+01   0.2849175579E-02
     45.   5.  -0.6086579990E+01  -0.1469430396E+02   0.8285710549E+02   0.9031789162E+01   0.2178749326E+02  -0.1244999822E+01   0.2848642328E-02
     45.   6.  -0.6086579990E+01  -0.1469430396E+02   0.8285710549E+02   0.9031753833E+01   0.2178310432E+02  -0.1249031893E+01   0.2847797183E-02
     46.   1.  -0.4616977790E+01  -0.1522013604E+02   0.8276212877E+02   0.5047251354E+01   0.1705301761E+02  -0.7904767644E+00   0.2739014735E-02
     46.   2.  -0.4616977790E+01  -0.1522013604E+02   0.8276212877E+02   0.6228954988E+01   0.2169818059E+02  -0.1012574149E+01   0.2733601735E-02
     46.   3.  -0.4616977790E+01  -0.1522013604E+02   0.8276212877E+02   0.6358001927E+01   0.2229152461E+02  -0.1041110889E+01   0.2734813345E-02
     46.   4.  -0.4616977790E+01  -0.1522013604E+02   0.8276212877E+02   0.6362838774E+01   0.2231107601E+02  -0.1045396441E+01   0.2734575912E-02
     46.   5.  -0.4616977790E+01  -0.1522013604E+02   0.8276212877E+02   0.6362586455E+01   0.2230843230E+02  -0.1047701981E+01   0.2733950181E-02
     46.   6.  -0.4616977790E+01  -0.1522013604E+02   0.8276212877E+02   0.6362526922E+01   0.2230429058E+02  -0.1051347021E+01   0.2732972538E-02
     47.   1.  -0.3102911570E+01  -0.1559938988E+02   0.8269148406E+02   0.3552634412E+01   0.1742274522E+02  -0.5727197495E+00   0.2704753952E-02
     47.   2.  -0.3102911570E+01  -0.1559938988E+02   0.8269148406E+02   0.4292217359E+01   0.2211085367E+02  -0.7281690746E+00   0.2699283328E-02
     47.   3.  -0.3102911570E+01  -0.1559938988E+02   0.8269148406E+02   0.4365212602E+01   0.2269164203E+02  -0.7477074256E+00   0.2700462600E-02
     47.   4.  -0.3102911570E+01  -0.1559938988E+02   0.8269148406E+02   0.4370394568E+01   0.2271878934E+02  -0.7498964349E+00   0.2700170600E-02
     47.   5.  -0.3102911570E+01  -0.1559938988E+02   0.8269148406E+02   0.4370097103E+01   0.2271643089E+02  -0.7517022877E+00   0.2699464502E-02
     47.   6.  -0.3102911570E+01  -0.1559938988E+02   0.8269148406E+02   0.4370019215E+01   0.2271254182E+02  -0.7544603953E+00   0.2698370988E-02
     48.   1.  -0.1558962620E+01  -0.1582841308E+02   0.8264795121E+02   0.2637934145E+01   0.1763646431E+02  -0.3005164814E+00   0.2705513646E-02
     48.   2.  -0.1558962620E+01  -0.1582841308E+02   0.8264795121E+02   0.3095993152E+01   0.2236441582E+02  -0.3808728009E+00   0.2699953526E-02
     48.   3.  -0.1558962620E+01  -0.1582841308E+02   0.8264795121E+02   0.3133882872E+01   0.2295066579E+02  -0.3913602149E+00   0.2701124516E-02
     48.   4.  -0.1558962620E+01  -0.1582841308E+02   0.8264795121E+02   0.3139721742E+01   0.2297902286E+02  -0.3922489539E+00   0.2700796269E-02
     48.   5.  -0.1558962620E+01  -0.1582841308E+02   0.8264795121E+02   0.3139395745E+01   0.2297686750E+02  -0.3932384425E+00   0.2700034780E-02
     48.   6.  -0.1558962620E+01  -0.1582841308E+02   0.8264795121E+02   0.3139306440E+01   0.2297316412E+02  -0.3947228608E+00   0.2698861217E-02
     49.   1.   0.0000000000E+00  -0.1590500000E+02   0.8263324679E+02   0.2330091434E+01   0.1770526944E+02  -0.3778865788E-07   0.2709563812E-02
     49.   2.   0.0000000000E+00  -0.1590500000E+02   0.8263324679E+02   0.2691473770E+01   0.2245144330E+02  -0.4234375896E-07   0.2703963963E-02
     49.   3.   0.0000000000E+00  -0.1590500000E+02   0.8263324679E+02   0.2717350296E+01   0.2304031687E+02  -0.4297785829E-07   0.2705134128E-02
     49.   4.   0.0000000000E+00  -0.1590500000E+02   0.8263324679E+02   0.2723531412E+01   0.2306853340E+02  -0.4294176406E-07   0.2704793100E-02
     49.   5.   0.0000000000E+00  -0.1590500000E+02   0.8263324679E+02   0.2723195667E+01   0.2306645144E+02  -0.4307865776E-07   0.2704011790E-02
     49.   6.   0.0000000000E+00  -0.1590500000E+02   0.8263324679E+02   0.2723102480E+01   0.2306281601E+02  -0.4313808287E-07   0.2702809546E-02
     50.   1.   0.1558962620E+01  -0.1582841308E+02   0.8264795121E+02   0.2637934145E+01   0.1763646432E+02   0.3005164153E+00   0.2705513646E-02
     50.   2.   0.1558962620E+01  -0.1582841308E+02   0.8264795121E+02   0.3095993152E+01   0.2236441582E+02   0.3808727167E+00   0.2699953526E-02
     50.   3.   0.1558962620E+01  -0.1582841308E+02   0.8264795121E+02   0.3133882872E+01   0.2295066579E+02   0.3913601285E+00   0.2701124516E-02
     50.   4.   0.1558962620E+01  -0.1582841308E+02   0.8264795121E+02   0.3139721742E+01   0.2297902286E+02   0.3922488674E+00   0.2700796269E-02
     50.   5.   0.1558962620E+01  -0.1582841308E+02   0.8264795121E+02   0.3139395745E+01   0.2297686750E+02   0.3932383560E+00   0.2700034780E-02
     50.   6.   0.1558962620E+01  -0.1582841308E+02   0.8264795121E+02   0.3139306440E+01   0.2297316412E+02   0.3947227743E+00   0.2698861217E-02
     51.   1.   0.3102911570E+01  -0.1559938988E+02   0.8269148406E+02   0.3552634411E+01   0.1742274523E+02   0.5727196838E+00   0.2704753952E-02
     51.   2.   0.3102911570E+01  -0.1559938988E+02   0.8269148406E+02   0.4292217358E+01   0.2211085367E+02   0.7281689914E+00   0.2699283328E-02
     51.   3.   0.3102911570E+01  -0.1559938988E+02   0.8269148406E+02   0.4365212601E+01   0.2269164203E+02   0.7477073402E+00   0.2700462600E-02
     51.   4.   0.3102911570E+01  -0.1559938988E+02   0.8269148406E+02   0.4370394567E+01   0.2271878934E+02   0.7498963494E+00   0.2700170600E-02
     51.   5.   0.3102911570E+01  -0.1559938988E+02   0.8269148406E+02   0.4370097102E+01   0.2271643089E+02   0.7517022022E+00   0.2699464502E-02
     51.   6.   0.3102911570E+01  -0.1559938988E+02   0.8269148406E+02   0.4370019214E+01   0.2271254182E+02   0.7544603099E+00   0.2698370988E-02
     52.   1.   0.4616977790E+01  -0.1522013604E+02   0.8276212877E+02   0.5047251353E+01   0.1705301762E+02   0.7904767001E+00   0.2739014735E-02
     52.   2.   0.4616977790E+01  -0.1522013604E+02   0.8276212877E+02   0.6228954986E+01   0.2169818060E+02   0.1012574068E+01   0.2733601735E-02
     52.   3.   0.4616977790E+01  -0.1522013604E+02   0.8276212877E+02   0.6358001926E+01   0.2229152462E+02   0.1041110805E+01   0.2734813345E-02
     52.   4.   0.4616977790E+01  -0.1522013604E+02   0.8276212877E+02   0.6362838772E+01   0.2231107601E+02   0.1045396357E+01   0.2734575912E-02
     52.   5.   0.4616977790E+01  -0.1522013604E+02   0.8276212877E+02   0.6362586453E+01   0.2230843231E+02   0.1047701897E+01   0.2733950181E-02
     52.   6.   0.4616977790E+01  -0.1522013604E+02   0.8276212877E+02   0.6362526920E+01   0.2230429058E+02   0.1051346937E+01   0.2732972538E-02
     53.   1.   0.6086579990E+01  -0.1469430396E+02   0.8285710549E+02   0.7134842573E+01   0.1638667031E+02   0.9302836131E+00   0.2853553057E-02
     53.   2.   0.6086579990E+01  -0.1469430396E+02   0.8285710549E+02   0.8844064382E+01   0.2116596067E+02   0.1200030572E+01   0.2848052977E-02
     53.   3.   0.6086579990E+01  -0.1469430396E+02   0.8285710549E+02   0.9023345603E+01   0.2180021204E+02   0.1234022843E+01   0.2849345522E-02
     53.   4.   0.6086579990E+01  -0.1469430396E+02   0.8285710549E+02   0.9031983135E+01   0.2179043660E+02   0.1242600897E+01   0.2849175579E-02
     53.   5.   0.6086579990E+01  -0.1469430396E+02   0.8285710549E+02   0.9031789159E+01   0.2178749327E+02   0.1244999741E+01   0.2848642328E-02
     53.   6.   0.6086579990E+01  -0.1469430396E+02   0.8285710549E+02   0.9031753830E+01   0.2178310433E+02   0.1249031811E+01   0.2847797183E-02
     54.   1.   0.7497565100E+01  -0.1402695771E+02   0.8297268802E+02   0.9529803688E+01   0.1583033313E+02   0.9959634582E+00   0.3097364100E-02
     54.   2.   0.7497565100E+01  -0.1402695771E+02   0.8297268802E+02   0.1203928849E+02   0.2062706532E+02   0.1304851028E+01   0.3091515002E-02
     54.   3.   0.7497565100E+01  -0.1402695771E+02   0.8297268802E+02   0.1231159614E+02   0.2134610305E+02   0.1378629961E+01   0.3092965367E-02
     54.   4.   0.7497565100E+01  -0.1402695771E+02   0.8297268802E+02   0.1227343100E+02   0.2119349751E+02   0.1354610566E+01   0.3092872450E-02
     54.   5.   0.7497565100E+01  -0.1402695771E+02   0.8297268802E+02   0.1227330423E+02   0.2119031480E+02   0.1356675097E+01   0.3092433204E-02
     54.   6.   0.7497565100E+01  -0.1402695771E+02   0.8297268802E+02   0.1227329739E+02   0.2118576373E+02   0.1360560329E+01   0.3091720818E-02
     55.   1.   0.8836344560E+01  -0.1322452418E+02   0.8310435885E+02   0.1259652327E+02   0.1525793847E+02   0.9610318177E+00   0.3512364609E-02
     55.   2.   0.8836344560E+01  -0.1322452418E+02   0.8310435885E+02   0.1559868458E+02   0.2002098466E+02   0.1291583257E+01   0.3505809188E-02
     55.   3.   0.8836344560E+01  -0.1322452418E+02   0.8310435885E+02   0.1588786752E+02   0.2056784846E+02   0.1337047229E+01   0.3507520249E-02
     55.   4.   0.8836344560E+01  -0.1322452418E+02   0.8310435885E+02   0.1593719726E+02   0.2056121938E+02   0.1335093823E+01   0.3507513624E-02
     55.   5.   0.8836344560E+01  -0.1322452418E+02   0.8310435885E+02   0.1593742398E+02   0.2057658136E+02   0.1342187078E+01   0.3507164230E-02
     55.   6.   0.8836344560E+01  -0.1322452418E+02   0.8310435885E+02   0.1593744797E+02   0.2057202444E+02   0.1345439927E+01   0.3506575174E-02
     56.   1.   0.1009002518E+02  -0.1229473126E+02   0.8324699444E+02   0.1554891723E+02   0.1498323016E+02   0.9408375918E+00   0.4123581789E-02
     56.   2.   0.1009002518E+02  -0.1229473126E+02   0.8324699444E+02   0.1907762814E+02   0.1922681684E+02   0.1184861501E+01   0.4115908873E-02
     56.   3.   0.1009002518E+02  -0.1229473126E+02   0.8324699444E+02   0.1949416945E+02   0.1992129145E+02   0.1260114754E+01   0.4118000759E-02
     56.   4.   0.1009002518E+02  -0.1229473126E+02   0.8324699444E+02   0.1953214429E+02   0.1993472054E+02   0.1258381825E+01   0.4118091826E-02
     56.   5.   0.1009002518E+02  -0.1229473126E+02   0.8324699444E+02   0.1953257123E+02   0.1996784141E+02   0.1276802507E+01   0.4117827363E-02
     56.   6.   0.1009002518E+02  -0.1229473126E+02   0.8324699444E+02   0.1953262614E+02   0.1996348492E+02   0.1279056270E+01   0.4117349613E-02
     57.   1.   0.1124653335E+02  -0.1124653335E+02   0.8339507172E+02   0.1819609009E+02   0.1455955370E+02   0.8085476773E+00   0.4932079583E-02
     57.   2.   0.1124653335E+02  -0.1124653335E+02   0.8339507172E+02   0.2267582310E+02   0.1844836037E+02   0.1011638592E+01   0.4922877209E-02
     57.   3.   0.1124653335E+02  -0.1124653335E+02   0.8339507172E+02   0.2321477383E+02   0.1932737227E+02   0.1093034131E+01   0.4925473403E-02
     57.   4.   0.1124653335E+02  -0.1124653335E+02   0.8339507172E+02   0.2325304416E+02   0.1935556388E+02   0.1083351384E+01   0.4925675800E-02
     57.   5.   0.1124653335E+02  -0.1124653335E+02   0.8339507172E+02   0.2325387451E+02   0.1938442836E+02   0.1103601858E+01   0.4925493379E-02
     57.   6.   0.1124653335E+02  -0.1124653335E+02   0.8339507172E+02   0.2325416322E+02   0.1939908946E+02   0.1111767056E+01   0.4925116874E-02
     58.   1.   0.1229473126E+02  -0.1009002518E+02   0.8354288654E+02   0.2096772099E+02   0.1414608212E+02   0.6505806799E+00   0.5911758402E-02
     58.   2.   0.1229473126E+02  -0.1009002518E+02   0.8354288654E+02   0.2664077925E+02   0.1804972933E+02   0.8270416572E+00   0.5900669400E-02
     58.   3.   0.1229473126E+02  -0.1009002518E+02   0.8354288654E+02   0.2725839714E+02   0.1881890281E+02   0.8895517037E+00   0.5903879497E-02
     58.   4.   0.1229473126E+02  -0.1009002518E+02   0.8354288654E+02   0.2730043938E+02   0.1885383603E+02   0.8813539355E+00   0.5904206906E-02
     58.   5.   0.1229473126E+02  -0.1009002518E+02   0.8354288654E+02   0.2730102238E+02   0.1886310097E+02   0.8956250950E+00   0.5904105768E-02
     58.   6.   0.1229473126E+02  -0.1009002518E+02   0.8354288654E+02   0.2730147909E+02   0.1889464941E+02   0.9191633055E+00   0.5903823574E-02
     59.   1.   0.1322452418E+02  -0.8836344560E+01   0.8368477469E+02   0.2345115821E+02   0.1364123567E+02   0.4810424879E+00   0.7010444026E-02
     59.   2.   0.1322452418E+02  -0.8836344560E+01   0.8368477469E+02   0.3039082857E+02   0.1762698346E+02   0.6205981780E+00   0.6997216733E-02
     59.   3.   0.1322452418E+02  -0.8836344560E+01   0.8368477469E+02   0.3111152391E+02   0.1818373717E+02   0.6383770948E+00   0.7001119151E-02
     59.   4.   0.1322452418E+02  -0.8836344560E+01   0.8368477469E+02   0.3116208400E+02   0.1840898431E+02   0.6748173605E+00   0.7001581731E-02
     59.   5.   0.1322452418E+02  -0.8836344560E+01   0.8368477469E+02   0.3116338183E+02   0.1843485303E+02   0.6823967497E+00   0.7001561472E-02
     59.   6.   0.1322452418E+02  -0.8836344560E+01   0.8368477469E+02   0.3116369205E+02   0.1844579343E+02   0.7126607917E+00   0.7001368149E-02
     60.   1.   0.1402695771E+02  -0.7497565100E+01   0.8381532687E+02   0.2549755880E+02   0.1305820171E+02   0.3239290565E+00   0.8154954676E-02
     60.   2.   0.1402695771E+02  -0.7497565100E+01   0.8381532687E+02   0.3382181738E+02   0.1727739837E+02   0.4262743888E+00   0.8139483043E-02
     60.   3.   0.1402695771E+02  -0.7497565100E+01   0.8381532687E+02   0.3463997745E+02   0.1783618286E+02   0.4374843985E+00   0.8144110458E-02
     60.   4.   0.1402695771E+02  -0.7497565100E+01   0.8381532687E+02   0.3469593443E+02   0.1805813331E+02   0.4713147190E+00   0.8144711345E-02
     60.   5.   0.1402695771E+02  -0.7497565100E+01   0.8381532687E+02   0.3469665243E+02   0.1806824773E+02   0.4677498372E+00   0.8144769378E-02
     60.   6.   0.1402695771E+02  -0.7497565100E+01   0.8381532687E+02   0.3469762978E+02   0.1809557113E+02   0.4967024500E+00   0.8144658461E-02
     61.   1.   0.1469430396E+02  -0.6086579990E+01   0.8392958980E+02   0.2767101931E+02   0.1272318725E+02   0.1989240555E+00   0.9259225439E-02
     61.   2.   0.1469430396E+02  -0.6086579990E+01   0.8392958980E+02   0.3680763520E+02   0.1701159964E+02   0.2753323431E+00   0.9241574230E-02
     61.   3.   0.1469430396E+02  -0.6086579990E+01   0.8392958980E+02   0.3770581665E+02   0.1737162937E+02   0.2663034001E+00   0.9246904294E-02
     61.   4.   0.1469430396E+02  -0.6086579990E+01   0.8392958980E+02   0.3777347654E+02   0.1778185356E+02   0.2973916480E+00   0.9247637071E-02
     61.   5.   0.1469430396E+02  -0.6086579990E+01   0.8392958980E+02   0.3777416359E+02   0.1779243505E+02   0.2937971250E+00   0.9247766870E-02
     61.   6.   0.1469430396E+02  -0.6086579990E+01   0.8392958980E+02   0.3777509062E+02   0.1782000805E+02   0.3219461942E+00   0.9247728963E-02
     62.   1.   0.1522013604E+02  -0.4616977790E+01   0.8402324688E+02   0.2945149884E+02   0.1244376596E+02   0.1047133933E+00   0.1023416338E-01
     62.   2.   0.1522013604E+02  -0.4616977790E+01   0.8402324688E+02   0.3924312013E+02   0.1681118346E+02   0.1452729838E+00   0.1021457738E-01
     62.   3.   0.1522013604E+02  -0.4616977790E+01   0.8402324688E+02   0.4021182145E+02   0.1717008109E+02   0.1362209620E+00   0.1022052994E-01
     62.   4.   0.1522013604E+02  -0.4616977790E+01   0.8402324688E+02   0.4028391004E+02   0.1757443783E+02   0.1600135320E+00   0.1022137794E-01
     62.   5.   0.1522013604E+02  -0.4616977790E+01   0.8402324688E+02   0.4028405824E+02   0.1757037286E+02   0.1550991065E+00   0.1022156851E-01
     62.   6.   0.1522013604E+02  -0.4616977790E+01   0.8402324688E+02   0.4028565994E+02   0.1761365077E+02   0.1714984723E+00   0.1022159074E-01
     63.   1.   0.1559938988E+02  -0.3102911570E+01   0.8409277282E+02   0.3078495900E+02   0.1223878708E+02   0.4635405011E-01   0.1099779038E-01
     63.   2.   0.1559938988E+02  -0.3102911570E+01   0.8409277282E+02   0.4104797017E+02   0.1666939222E+02   0.6763026048E-01   0.1097668198E-01
     63.   3.   0.1559938988E+02  -0.3102911570E+01   0.8409277282E+02   0.4206537191E+02   0.1703072019E+02   0.6049761817E-01   0.1098312333E-01
     63.   4.   0.1559938988E+02  -0.3102911570E+01   0.8409277282E+02   0.4214111988E+02   0.1743102865E+02   0.7655954136E-01   0.1098406071E-01
     63.   5.   0.1559938988E+02  -0.3102911570E+01   0.8409277282E+02   0.4214130533E+02   0.1742759857E+02   0.7300258073E-01   0.1098429716E-01
     63.   6.   0.1559938988E+02  -0.3102911570E+01   0.8409277282E+02   0.4214255515E+02   0.1745596915E+02   0.7324669408E-01   0.1098436382E-01
     64.   1.   0.1582841308E+02  -0.1558962620E+01   0.8413555809E+02   0.3156969814E+02   0.1210342283E+02   0.1558694226E-01   0.1148435422E-01
     64.   2.   0.1582841308E+02  -0.1558962620E+01   0.8413555809E+02   0.4215608139E+02   0.1658517985E+02   0.2433030833E-01   0.1146227255E-01
     64.   3.   0.1582841308E+02  -0.1558962620E+01   0.8413555809E+02   0.4320297273E+02   0.1694841315E+02   0.2041066639E-01   0.1146902582E-01
     64.   4.   0.1582841308E+02  -0.1558962620E+01   0.8413555809E+02   0.4328117337E+02   0.1734642629E+02   0.2849691891E-01   0.1147001970E-01
     64.   5.   0.1582841308E+02  -0.1558962620E+01   0.8413555809E+02   0.4328138079E+02   0.1734340556E+02   0.2663022558E-01   0.1147028460E-01
     64.   6.   0.1582841308E+02  -0.1558962620E+01   0.8413555809E+02   0.4328261623E+02   0.1737188999E+02   0.2668276995E-01   0.1147037832E-01
