# digitalmodel weldolet_crack start-node SIFS audit
# units: K=MPa*sqrt(mm); A = CINT 1 (starts at node 1), B = CINT 3 (starts at node 2)
# sign_factors  -1.0   1.0
# columns: node contour K1A K2A K3A K1B K2B K3B
      1.   1.   0.3737564850E+02   0.1406968026E+02   0.3166374419E-01   0.3786422422E+02  -0.1443441702E+02   0.4121663276E-09
      1.   2.   0.4432195104E+02   0.1704077332E+02   0.1219698762E-01   0.4402767944E+02  -0.1683148105E+02  -0.1106454830E-08
      1.   3.   0.4450851763E+02   0.1712680249E+02  -0.7554918667E-02   0.4423264872E+02  -0.1729327335E+02  -0.6260412363E-09
      1.   4.   0.4451445051E+02   0.1732336185E+02  -0.3071919583E-01   0.4423457498E+02  -0.1732335031E+02   0.1065863814E-09
      1.   5.   0.4451504490E+02   0.1733935296E+02  -0.4853465657E-01   0.4423553873E+02  -0.1735717618E+02   0.3693705106E-09
      1.   6.   0.4451545352E+02   0.1735679372E+02  -0.5068897811E-01   0.4423570017E+02  -0.1735750992E+02   0.4309859244E-09
      2.   1.   0.3778237408E+02   0.1443969292E+02  -0.8311419401E-02   0.3729684210E+02  -0.1407569192E+02  -0.4011382115E-01
      2.   2.   0.4393164299E+02   0.1683853554E+02  -0.9331675964E-02   0.4422515509E+02  -0.1704796440E+02  -0.2248928808E-01
      2.   3.   0.4413612991E+02   0.1730015090E+02  -0.1139882862E-01   0.4441107173E+02  -0.1713405052E+02  -0.1929742069E-02
      2.   4.   0.4413805451E+02   0.1733023991E+02  -0.1131131349E-01   0.4441711070E+02  -0.1733097883E+02   0.1979854072E-01
      2.   5.   0.4413901997E+02   0.1736407555E+02  -0.1145265446E-01   0.4441772608E+02  -0.1734724995E+02   0.3767530275E-01
      2.   6.   0.4413918090E+02   0.1736439591E+02  -0.1127600054E-01   0.4441815255E+02  -0.1736483503E+02   0.3976796835E-01
      3.   1.   0.3753752129E+02   0.1445554959E+02  -0.1878217669E-01   0.3753752129E+02  -0.1445554959E+02  -0.1878217669E-01
      3.   2.   0.4364433575E+02   0.1685974517E+02  -0.2123509644E-01   0.4364433575E+02  -0.1685974517E+02  -0.2123509644E-01
      3.   3.   0.4384738088E+02   0.1732084519E+02  -0.2538657317E-01   0.4384738088E+02  -0.1732084519E+02  -0.2538657317E-01
      3.   4.   0.4384930055E+02   0.1735097027E+02  -0.2522026279E-01   0.4384930055E+02  -0.1735097027E+02  -0.2522026279E-01
      3.   5.   0.4385027118E+02   0.1738483564E+02  -0.2550945026E-01   0.4385027118E+02  -0.1738483564E+02  -0.2550945026E-01
      3.   6.   0.4385043058E+02   0.1738511614E+02  -0.2516355171E-01   0.4385043058E+02  -0.1738511614E+02  -0.2516355171E-01
