# digitalmodel weldolet_crack start-node SIFS audit
# units: K=MPa*sqrt(mm); A = CINT 1 (starts at node 1), B = CINT 3 (starts at node 2)
# sign_factors  -1.0   1.0
# columns: node contour K1A K2A K3A K1B K2B K3B
      1.   1.   0.3654116519E+02   0.1215968793E+02   0.2427987371E-01   0.3723820506E+02  -0.1259207949E+02   0.3908466459E-08
      1.   2.   0.4324071838E+02   0.1473475365E+02   0.9076851411E-02   0.4297343529E+02  -0.1454679364E+02   0.9165601215E-09
      1.   3.   0.4337782559E+02   0.1477942572E+02  -0.1160826610E-01   0.4309987236E+02  -0.1491318370E+02   0.5794704527E-09
      1.   4.   0.4338374230E+02   0.1494006584E+02  -0.3499311673E-01   0.4310184404E+02  -0.1493972612E+02   0.3657902291E-09
      1.   5.   0.4338436265E+02   0.1495413708E+02  -0.5374598792E-01   0.4310276552E+02  -0.1496806181E+02   0.4067500816E-10
      1.   6.   0.4338474995E+02   0.1496869502E+02  -0.5624613433E-01   0.4310291453E+02  -0.1496948027E+02  -0.3374852381E-09
      2.   1.   0.3715400619E+02   0.1259616930E+02   0.1831632458E-01   0.3646081692E+02  -0.1216472900E+02  -0.6412401298E-02
      2.   2.   0.4287546773E+02   0.1455220270E+02   0.2208234717E-01   0.4314233194E+02  -0.1474052805E+02   0.1183565621E-01
      2.   3.   0.4300151743E+02   0.1491852790E+02   0.2018671953E-01   0.4327874302E+02  -0.1478533615E+02   0.3369861256E-01
      2.   4.   0.4300348709E+02   0.1494507446E+02   0.2026892450E-01   0.4328474930E+02  -0.1494631045E+02   0.5559371223E-01
      2.   5.   0.4300440990E+02   0.1497341318E+02   0.2010743816E-01   0.4328538906E+02  -0.1496065973E+02   0.7438806933E-01
      2.   6.   0.4300455848E+02   0.1497481445E+02   0.2027561026E-01   0.4328579156E+02  -0.1497536292E+02   0.7680149488E-01
      3.   1.   0.3690211752E+02   0.1260848304E+02   0.3530267596E-01   0.3690211752E+02  -0.1260848304E+02   0.3530267596E-01
      3.   2.   0.4258236192E+02   0.1456848406E+02   0.4259185926E-01   0.4258236192E+02  -0.1456848406E+02   0.4259185926E-01
      3.   3.   0.4270726055E+02   0.1493462708E+02   0.3880415488E-01   0.4270726055E+02  -0.1493462708E+02   0.3880415488E-01
      3.   4.   0.4270922402E+02   0.1496118643E+02   0.3896093862E-01   0.4270922402E+02  -0.1496118643E+02   0.3896093862E-01
      3.   5.   0.4271015083E+02   0.1498953482E+02   0.3863277994E-01   0.4271015083E+02  -0.1498953482E+02   0.3863277994E-01
      3.   6.   0.4271029809E+02   0.1499088514E+02   0.3896175059E-01   0.4271029809E+02  -0.1499088514E+02   0.3896175059E-01
