# digitalmodel weldolet_crack start-node SIFS audit
# units: K=MPa*sqrt(mm); A = CINT 1 (starts at node 1), B = CINT 3 (starts at node 2)
# sign_factors  -1.0   1.0
# columns: node contour K1A K2A K3A K1B K2B K3B
      1.   1.   0.3209586603E+02   0.1088589656E+02   0.4039787807E-01   0.3161020653E+02  -0.1068336267E+02  -0.2097371707E-08
      1.   2.   0.4173556024E+02   0.1432390818E+02  -0.1463216641E-01   0.4151945298E+02  -0.1432930993E+02  -0.9049339659E-09
      1.   3.   0.4266238252E+02   0.1475043732E+02  -0.2156722364E-01   0.4254412288E+02  -0.1461833759E+02  -0.1616215635E-09
      1.   4.   0.4264379125E+02   0.1480461053E+02  -0.5554497133E-01   0.4255375148E+02  -0.1492959581E+02  -0.3537954514E-10
      1.   5.   0.4264394145E+02   0.1482546348E+02  -0.1057788818E+00   0.4255415865E+02  -0.1493288687E+02   0.7236976755E-10
      1.   6.   0.4264842817E+02   0.1495692692E+02  -0.1689807834E+00   0.4255545988E+02  -0.1495527988E+02   0.6851031329E-10
      2.   1.   0.3132357814E+02   0.1072290266E+02   0.3015706634E-01   0.3182566408E+02  -0.1091136525E+02  -0.1353841384E-01
      2.   2.   0.4113809051E+02   0.1435115069E+02   0.3669053582E-01   0.4136330911E+02  -0.1434741305E+02   0.4834072129E-01
      2.   3.   0.4215243318E+02   0.1463967386E+02   0.4245693989E-01   0.4226896644E+02  -0.1477825199E+02   0.5813350181E-01
      2.   4.   0.4216195541E+02   0.1495125537E+02   0.3416611598E-01   0.4224909491E+02  -0.1483077757E+02   0.9409304053E-01
      2.   5.   0.4216235498E+02   0.1495436747E+02   0.3602011295E-01   0.4225319039E+02  -0.1498196350E+02   0.1296136887E+00
      2.   6.   0.4216375486E+02   0.1498721299E+02   0.1990159270E-01   0.4225365709E+02  -0.1498721080E+02   0.1650110935E+00
      3.   1.   0.3047416719E+02   0.1083963268E+02   0.5017116617E-01   0.3047416719E+02  -0.1083963268E+02   0.5017116617E-01
      3.   2.   0.4000873358E+02   0.1442795394E+02   0.6048358397E-01   0.4000873358E+02  -0.1442795394E+02   0.6048358397E-01
      3.   3.   0.4099031255E+02   0.1470475017E+02   0.7067154858E-01   0.4099031255E+02  -0.1470475017E+02   0.7067154858E-01
      3.   4.   0.4099944983E+02   0.1501733927E+02   0.5427329458E-01   0.4099944983E+02  -0.1501733927E+02   0.5427329458E-01
      3.   5.   0.4099982641E+02   0.1501993100E+02   0.5780230175E-01   0.4099982641E+02  -0.1501993100E+02   0.5780230175E-01
      3.   6.   0.4100130098E+02   0.1505229707E+02   0.4062221726E-01   0.4100130098E+02  -0.1505229707E+02   0.4062221726E-01
