# digitalmodel weldolet_crack CINT table
# units: length=mm force=N stress=MPa K=MPa*sqrt(mm) J=N/mm
# mesh_level     0.
# front_nodes      64.
# contours   6.
# columns: node contour x y z K1 K2 K3 J
      1.   1.   0.1510500000E+02   0.0000000000E+00   0.8415000000E+02   0.3161020653E+02   0.1068336267E+02  -0.2097371707E-08   0.1075917114E-01
      1.   2.   0.1510500000E+02   0.0000000000E+00   0.8415000000E+02   0.4151945298E+02   0.1432930993E+02  -0.9049339659E-09   0.1073848991E-01
      1.   3.   0.1510500000E+02   0.0000000000E+00   0.8415000000E+02   0.4254412288E+02   0.1461833759E+02  -0.1616215635E-09   0.1074482130E-01
      1.   4.   0.1510500000E+02   0.0000000000E+00   0.8415000000E+02   0.4255375148E+02   0.1492959581E+02  -0.3537954514E-10   0.1074575485E-01
      1.   5.   0.1510500000E+02   0.0000000000E+00   0.8415000000E+02   0.4255415865E+02   0.1493288687E+02   0.7236976755E-10   0.1074600461E-01
      1.   6.   0.1510500000E+02   0.0000000000E+00   0.8415000000E+02   0.4255545988E+02   0.1495527988E+02   0.6851031329E-10   0.1074609492E-01
      2.   1.   0.1503226530E+02   0.1480548900E+01   0.8413697448E+02   0.3132357814E+02   0.1072290266E+02   0.3015706634E-01   0.1059174978E-01
      2.   2.   0.1503226530E+02   0.1480548900E+01   0.8413697448E+02   0.4113809051E+02   0.1435115069E+02   0.3669053582E-01   0.1057140119E-01
      2.   3.   0.1503226530E+02   0.1480548900E+01   0.8413697448E+02   0.4215243318E+02   0.1463967386E+02   0.4245693989E-01   0.1057762740E-01
      2.   4.   0.1503226530E+02   0.1480548900E+01   0.8413697448E+02   0.4216195541E+02   0.1495125537E+02   0.3416611598E-01   0.1057854315E-01
      2.   5.   0.1503226530E+02   0.1480548900E+01   0.8413697448E+02   0.4216235498E+02   0.1495436747E+02   0.3602011295E-01   0.1057878535E-01
      2.   6.   0.1503226530E+02   0.1480548900E+01   0.8413697448E+02   0.4216375486E+02   0.1498721299E+02   0.1990159270E-01   0.1057886958E-01
      3.   1.   0.1481476166E+02   0.2946839310E+01   0.8409838666E+02   0.3047416719E+02   0.1083963268E+02   0.5017116617E-01   0.1010425935E-01
      3.   2.   0.1481476166E+02   0.2946839310E+01   0.8409838666E+02   0.4000873358E+02   0.1442795394E+02   0.6048358397E-01   0.1008487827E-01
      3.   3.   0.1481476166E+02   0.2946839310E+01   0.8409838666E+02   0.4099031255E+02   0.1470475017E+02   0.7067154858E-01   0.1009079836E-01
      3.   4.   0.1481476166E+02   0.2946839310E+01   0.8409838666E+02   0.4099944983E+02   0.1501733927E+02   0.5427329458E-01   0.1009166208E-01
      3.   5.   0.1481476166E+02   0.2946839310E+01   0.8409838666E+02   0.4099982641E+02   0.1501993100E+02   0.5780230175E-01   0.1009188197E-01
      3.   6.   0.1481476166E+02   0.2946839310E+01   0.8409838666E+02   0.4100130098E+02   0.1505229707E+02   0.4062221726E-01   0.1009194798E-01
      4.   1.   0.1445458377E+02   0.4384750050E+01   0.8403568568E+02   0.2912598834E+02   0.1103282564E+02   0.5201941014E-01   0.9339479932E-02
      4.   2.   0.1445458377E+02   0.4384750050E+01   0.8403568568E+02   0.3817271744E+02   0.1452094870E+02   0.6666190565E-01   0.9321612961E-02
      4.   3.   0.1445458377E+02   0.4384750050E+01   0.8403568568E+02   0.3909642557E+02   0.1481756622E+02   0.8168461389E-01   0.9327053587E-02
      4.   4.   0.1445458377E+02   0.4384750050E+01   0.8403568568E+02   0.3910473185E+02   0.1513192269E+02   0.5755890657E-01   0.9327835223E-02
      4.   5.   0.1445458377E+02   0.4384750050E+01   0.8403568568E+02   0.3910550156E+02   0.1514395350E+02   0.6023769891E-01   0.9328019123E-02
      4.   6.   0.1445458377E+02   0.4384750050E+01   0.8403568568E+02   0.3910640571E+02   0.1516571924E+02   0.3055962696E-01   0.9328054914E-02
      5.   1.   0.1395520034E+02   0.5780433250E+01   0.8395123043E+02   0.2726148629E+02   0.1128163108E+02   0.2981945526E-01   0.8363684206E-02
      5.   2.   0.1395520034E+02   0.5780433250E+01   0.8395123043E+02   0.3567687699E+02   0.1468522432E+02   0.4370860179E-01   0.8347740699E-02
      5.   3.   0.1395520034E+02   0.5780433250E+01   0.8395123043E+02   0.3654045032E+02   0.1512896121E+02   0.4528959670E-01   0.8352571184E-02
      5.   4.   0.1395520034E+02   0.5780433250E+01   0.8395123043E+02   0.3654148234E+02   0.1529722820E+02   0.1597734204E-01   0.8353247247E-02
      5.   5.   0.1395520034E+02   0.5780433250E+01   0.8395123043E+02   0.3654228002E+02   0.1530848144E+02   0.1900130766E-01   0.8353383449E-02
      5.   6.   0.1395520034E+02   0.5780433250E+01   0.8395123043E+02   0.3654320220E+02   0.1532952818E+02  -0.1113322632E-01   0.8353377730E-02
      6.   1.   0.1332142070E+02   0.7120447710E+01   0.8384820645E+02   0.2546977822E+02   0.1178730493E+02  -0.1631436561E-01   0.7259493366E-02
      6.   2.   0.1332142070E+02   0.7120447710E+01   0.8384820645E+02   0.3261726221E+02   0.1491461466E+02  -0.8292294307E-02   0.7245715393E-02
      6.   3.   0.1332142070E+02   0.7120447710E+01   0.8384820645E+02   0.3339926421E+02   0.1535439869E+02  -0.8131957478E-02   0.7249857646E-02
      6.   4.   0.1332142070E+02   0.7120447710E+01   0.8384820645E+02   0.3339750994E+02   0.1552194607E+02  -0.4026542073E-01   0.7250413116E-02
      6.   5.   0.1332142070E+02   0.7120447710E+01   0.8384820645E+02   0.3339831968E+02   0.1553241353E+02  -0.3728915773E-01   0.7250492736E-02
      6.   6.   0.1332142070E+02   0.7120447710E+01   0.8384820645E+02   0.3339927189E+02   0.1555289336E+02  -0.6803933605E-01   0.7250435623E-02
      7.   1.   0.1255934849E+02   0.8391888370E+01   0.8373051242E+02   0.2312255535E+02   0.1222884292E+02  -0.8501251420E-01   0.6116753385E-02
      7.   2.   0.1255934849E+02   0.8391888370E+01   0.8373051242E+02   0.2909857393E+02   0.1517575120E+02  -0.7978225469E-01   0.6105203457E-02
      7.   3.   0.1255934849E+02   0.8391888370E+01   0.8373051242E+02   0.2979199954E+02   0.1580599133E+02  -0.1113708880E+00   0.6108636224E-02
      7.   4.   0.1255934849E+02   0.8391888370E+01   0.8373051242E+02   0.2978330708E+02   0.1582358761E+02  -0.1040888520E+00   0.6109065318E-02
      7.   5.   0.1255934849E+02   0.8391888370E+01   0.8373051242E+02   0.2978392733E+02   0.1583284902E+02  -0.1187050684E+00   0.6109082854E-02
      7.   6.   0.1255934849E+02   0.8391888370E+01   0.8373051242E+02   0.2978434667E+02   0.1585615712E+02  -0.1411102624E+00   0.6108966571E-02
      8.   1.   0.1167632290E+02   0.9582510560E+01   0.8360261952E+02   0.2037176093E+02   0.1259561043E+02  -0.1688548410E+00   0.5022398410E-02
      8.   2.   0.1167632290E+02   0.9582510560E+01   0.8360261952E+02   0.2523493820E+02   0.1550690571E+02  -0.1841191905E+00   0.5012967452E-02
      8.   3.   0.1167632290E+02   0.9582510560E+01   0.8360261952E+02   0.2584155508E+02   0.1617056234E+02  -0.2308107270E+00   0.5015723882E-02
      8.   4.   0.1167632290E+02   0.9582510560E+01   0.8360261952E+02   0.2582834224E+02   0.1617960664E+02  -0.2231735565E+00   0.5016029768E-02
      8.   5.   0.1167632290E+02   0.9582510560E+01   0.8360261952E+02   0.2582913652E+02   0.1620208917E+02  -0.2428982349E+00   0.5015983095E-02
      8.   6.   0.1167632290E+02   0.9582510560E+01   0.8360261952E+02   0.2582938436E+02   0.1621373039E+02  -0.2497395051E+00   0.5015802144E-02
      9.   1.   0.1068084793E+02   0.1068084793E+02   0.8346940749E+02   0.1740980037E+02   0.1290257312E+02  -0.2513505254E+00   0.4050549867E-02
      9.   2.   0.1068084793E+02   0.1068084793E+02   0.8346940749E+02   0.2118034913E+02   0.1590055346E+02  -0.2548502753E+00   0.4042982287E-02
      9.   3.   0.1068084793E+02   0.1068084793E+02   0.8346940749E+02   0.2169321841E+02   0.1660705153E+02  -0.2998177745E+00   0.4045141368E-02
      9.   4.   0.1068084793E+02   0.1068084793E+02   0.8346940749E+02   0.2167622212E+02   0.1661630784E+02  -0.2990157482E+00   0.4045334558E-02
      9.   5.   0.1068084793E+02   0.1068084793E+02   0.8346940749E+02   0.2167645287E+02   0.1662605928E+02  -0.3194617986E+00   0.4045224149E-02
      9.   6.   0.1068084793E+02   0.1068084793E+02   0.8346940749E+02   0.2167674555E+02   0.1663748514E+02  -0.3277126094E+00   0.4044974965E-02
     10.   1.   0.9582510560E+01   0.1167632290E+02   0.8333598253E+02   0.1474068951E+02   0.1310492282E+02  -0.3259182835E+00   0.3254219772E-02
     10.   2.   0.9582510560E+01   0.1167632290E+02   0.8333598253E+02   0.1782646260E+02   0.1653200216E+02  -0.3575335686E+00   0.3248154553E-02
     10.   3.   0.9582510560E+01   0.1167632290E+02   0.8333598253E+02   0.1822459824E+02   0.1711864360E+02  -0.3995598814E+00   0.3249827538E-02
     10.   4.   0.9582510560E+01   0.1167632290E+02   0.8333598253E+02   0.1820587172E+02   0.1711157001E+02  -0.4072347971E+00   0.3249923251E-02
     10.   5.   0.9582510560E+01   0.1167632290E+02   0.8333598253E+02   0.1820614149E+02   0.1712390732E+02  -0.4131461918E+00   0.3249751022E-02
     10.   6.   0.9582510560E+01   0.1167632290E+02   0.8333598253E+02   0.1820619124E+02   0.1712049901E+02  -0.4156510332E+00   0.3249431113E-02
     11.   1.   0.8391888370E+01   0.1255934849E+02   0.8320748323E+02   0.1138995158E+02   0.1324727331E+02  -0.2979622017E+00   0.2659928528E-02
     11.   2.   0.8391888370E+01   0.1255934849E+02   0.8320748323E+02   0.1387302989E+02   0.1720695704E+02  -0.4267126713E+00   0.2654951147E-02
     11.   3.   0.8391888370E+01   0.1255934849E+02   0.8320748323E+02   0.1415083127E+02   0.1766334998E+02  -0.4331045993E+00   0.2656264786E-02
     11.   4.   0.8391888370E+01   0.1255934849E+02   0.8320748323E+02   0.1413881521E+02   0.1763566329E+02  -0.4418572797E+00   0.2656280032E-02
     11.   5.   0.8391888370E+01   0.1255934849E+02   0.8320748323E+02   0.1413911881E+02   0.1764826230E+02  -0.4487181557E+00   0.2656048156E-02
     11.   6.   0.8391888370E+01   0.1255934849E+02   0.8320748323E+02   0.1413914205E+02   0.1764447893E+02  -0.4521980155E+00   0.2655655398E-02
     12.   1.   0.7120447710E+01   0.1332142070E+02   0.8308888163E+02   0.8145290464E+01   0.1382078161E+02  -0.3342688745E+00   0.2266223727E-02
     12.   2.   0.7120447710E+01   0.1332142070E+02   0.8308888163E+02   0.1019721212E+02   0.1773020749E+02  -0.4646456092E+00   0.2261922413E-02
     12.   3.   0.7120447710E+01   0.1332142070E+02   0.8308888163E+02   0.1035718246E+02   0.1824279456E+02  -0.4792806815E+00   0.2263001345E-02
     12.   4.   0.7120447710E+01   0.1332142070E+02   0.8308888163E+02   0.1036083146E+02   0.1819051814E+02  -0.4809326725E+00   0.2262952417E-02
     12.   5.   0.7120447710E+01   0.1332142070E+02   0.8308888163E+02   0.1036079266E+02   0.1818806744E+02  -0.4830988380E+00   0.2262662902E-02
     12.   6.   0.7120447710E+01   0.1332142070E+02   0.8308888163E+02   0.1036078887E+02   0.1818416112E+02  -0.4871799082E+00   0.2262195603E-02
     13.   1.   0.5780433250E+01   0.1395520034E+02   0.8298478706E+02   0.5626998736E+01   0.1437064283E+02  -0.3324930872E+00   0.2046570082E-02
     13.   2.   0.5780433250E+01   0.1395520034E+02   0.8298478706E+02   0.6890928685E+01   0.1821056979E+02  -0.4344414633E+00   0.2042589289E-02
     13.   3.   0.5780433250E+01   0.1395520034E+02   0.8298478706E+02   0.7002199586E+01   0.1877380770E+02  -0.4567090510E+00   0.2043540546E-02
     13.   4.   0.5780433250E+01   0.1395520034E+02   0.8298478706E+02   0.7020848918E+01   0.1871056421E+02  -0.4561932657E+00   0.2043441629E-02
     13.   5.   0.5780433250E+01   0.1395520034E+02   0.8298478706E+02   0.7020754949E+01   0.1870817338E+02  -0.4586772309E+00   0.2043096930E-02
     13.   6.   0.5780433250E+01   0.1395520034E+02   0.8298478706E+02   0.7020725801E+01   0.1870434217E+02  -0.4628692581E+00   0.2042555191E-02
     14.   1.   0.4384750050E+01   0.1445458377E+02   0.8289926120E+02   0.3438327853E+01   0.1499340435E+02  -0.2910496308E+00   0.1956391797E-02
     14.   2.   0.4384750050E+01   0.1445458377E+02   0.8289926120E+02   0.4186741496E+01   0.1868648509E+02  -0.3771953238E+00   0.1952473707E-02
     14.   3.   0.4384750050E+01   0.1445458377E+02   0.8289926120E+02   0.4236054886E+01   0.1922427127E+02  -0.3931546025E+00   0.1953375915E-02
     14.   4.   0.4384750050E+01   0.1445458377E+02   0.8289926120E+02   0.4260505388E+01   0.1917155237E+02  -0.3936115352E+00   0.1953238980E-02
     14.   5.   0.4384750050E+01   0.1445458377E+02   0.8289926120E+02   0.4260363491E+01   0.1916932864E+02  -0.3959830556E+00   0.1952843671E-02
     14.   6.   0.4384750050E+01   0.1445458377E+02   0.8289926120E+02   0.4260312600E+01   0.1916569155E+02  -0.3997495147E+00   0.1952231864E-02
     15.   1.   0.2946839310E+01   0.1481476166E+02   0.8283565257E+02   0.1889005880E+01   0.1533630651E+02  -0.2189163809E+00   0.1943254959E-02
     15.   2.   0.2946839310E+01   0.1481476166E+02   0.8283565257E+02   0.2181048929E+01   0.1905493308E+02  -0.2770228005E+00   0.1939260908E-02
     15.   3.   0.2946839310E+01   0.1481476166E+02   0.8283565257E+02   0.2174236439E+01   0.1957939449E+02  -0.2863487969E+00   0.1940159721E-02
     15.   4.   0.2946839310E+01   0.1481476166E+02   0.8283565257E+02   0.2197944215E+01   0.1953468888E+02  -0.2870560713E+00   0.1939995476E-02
     15.   5.   0.2946839310E+01   0.1481476166E+02   0.8283565257E+02   0.2197765228E+01   0.1953266078E+02  -0.2889068572E+00   0.1939558250E-02
     15.   6.   0.2946839310E+01   0.1481476166E+02   0.8283565257E+02   0.2197697747E+01   0.1952924767E+02  -0.2917464125E+00   0.1938887557E-02
     16.   1.   0.1480548900E+01   0.1503226530E+02   0.8279645826E+02   0.9330038387E+00   0.1553025204E+02  -0.1165982743E+00   0.1958434135E-02
     16.   2.   0.1480548900E+01   0.1503226530E+02   0.8279645826E+02   0.9412395369E+00   0.1928166991E+02  -0.1461309328E+00   0.1954339321E-02
     16.   3.   0.1480548900E+01   0.1503226530E+02   0.8279645826E+02   0.9011697483E+00   0.1980837215E+02  -0.1508659432E+00   0.1955250234E-02
     16.   4.   0.1480548900E+01   0.1503226530E+02   0.8279645826E+02   0.9227993585E+00   0.1976732361E+02  -0.1513384506E+00   0.1955069253E-02
     16.   5.   0.1480548900E+01   0.1503226530E+02   0.8279645826E+02   0.9225969246E+00   0.1976544710E+02  -0.1523506781E+00   0.1954603926E-02
     16.   6.   0.1480548900E+01   0.1503226530E+02   0.8279645826E+02   0.9225190850E+00   0.1976220660E+02  -0.1538759314E+00   0.1953893501E-02
     17.   1.   0.0000000000E+00   0.1510500000E+02   0.8278321977E+02   0.6111758309E+00   0.1559177506E+02   0.2999802087E-07   0.1967610565E-02
     17.   2.   0.0000000000E+00   0.1510500000E+02   0.8278321977E+02   0.5217953465E+00   0.1935948214E+02   0.3745162124E-07   0.1963472244E-02
     17.   3.   0.0000000000E+00   0.1510500000E+02   0.8278321977E+02   0.4706361677E+00   0.1988761941E+02   0.3859206032E-07   0.1964389707E-02
     17.   4.   0.0000000000E+00   0.1510500000E+02   0.8278321977E+02   0.4913768317E+00   0.1984748429E+02   0.3805304443E-07   0.1964203060E-02
     17.   5.   0.0000000000E+00   0.1510500000E+02   0.8278321977E+02   0.4911663748E+00   0.1984566436E+02   0.3791650711E-07   0.1963727783E-02
     17.   6.   0.0000000000E+00   0.1510500000E+02   0.8278321977E+02   0.4910850141E+00   0.1984248823E+02   0.3769652961E-07   0.1963003281E-02
     18.   1.  -0.1480548900E+01   0.1503226530E+02   0.8279645826E+02   0.9330038426E+00   0.1553025203E+02   0.1165983333E+00   0.1958434135E-02
     18.   2.  -0.1480548900E+01   0.1503226530E+02   0.8279645826E+02   0.9412395421E+00   0.1928166990E+02   0.1461310065E+00   0.1954339320E-02
     18.   3.  -0.1480548900E+01   0.1503226530E+02   0.8279645826E+02   0.9011697536E+00   0.1980837215E+02   0.1508660188E+00   0.1955250234E-02
     18.   4.  -0.1480548900E+01   0.1503226530E+02   0.8279645826E+02   0.9227993638E+00   0.1976732361E+02   0.1513385261E+00   0.1955069253E-02
     18.   5.  -0.1480548900E+01   0.1503226530E+02   0.8279645826E+02   0.9225969300E+00   0.1976544710E+02   0.1523507535E+00   0.1954603925E-02
     18.   6.  -0.1480548900E+01   0.1503226530E+02   0.8279645826E+02   0.9225190904E+00   0.1976220660E+02   0.1538760069E+00   0.1953893500E-02
     19.   1.  -0.2946839310E+01   0.1481476166E+02   0.8283565257E+02   0.1889005889E+01   0.1533630651E+02   0.2189164391E+00   0.1943254960E-02
     19.   2.  -0.2946839310E+01   0.1481476166E+02   0.8283565257E+02   0.2181048939E+01   0.1905493308E+02   0.2770228732E+00   0.1939260908E-02
     19.   3.  -0.2946839310E+01   0.1481476166E+02   0.8283565257E+02   0.2174236449E+01   0.1957939449E+02   0.2863488715E+00   0.1940159722E-02
     19.   4.  -0.2946839310E+01   0.1481476166E+02   0.8283565257E+02   0.2197944225E+01   0.1953468888E+02   0.2870561459E+00   0.1939995477E-02
     19.   5.  -0.2946839310E+01   0.1481476166E+02   0.8283565257E+02   0.2197765238E+01   0.1953266077E+02   0.2889069318E+00   0.1939558250E-02
     19.   6.  -0.2946839310E+01   0.1481476166E+02   0.8283565257E+02   0.2197697758E+01   0.1952924767E+02   0.2917464871E+00   0.1938887558E-02
     20.   1.  -0.4384750050E+01   0.1445458377E+02   0.8289926120E+02   0.3438327865E+01   0.1499340434E+02   0.2910496879E+00   0.1956391798E-02
     20.   2.  -0.4384750050E+01   0.1445458377E+02   0.8289926120E+02   0.4186741511E+01   0.1868648509E+02   0.3771953951E+00   0.1952473707E-02
     20.   3.  -0.4384750050E+01   0.1445458377E+02   0.8289926120E+02   0.4236054902E+01   0.1922427127E+02   0.3931546757E+00   0.1953375915E-02
     20.   4.  -0.4384750050E+01   0.1445458377E+02   0.8289926120E+02   0.4260505404E+01   0.1917155236E+02   0.3936116084E+00   0.1953238981E-02
     20.   5.  -0.4384750050E+01   0.1445458377E+02   0.8289926120E+02   0.4260363507E+01   0.1916932864E+02   0.3959831287E+00   0.1952843671E-02
     20.   6.  -0.4384750050E+01   0.1445458377E+02   0.8289926120E+02   0.4260312616E+01   0.1916569154E+02   0.3997495878E+00   0.1952231865E-02
     21.   1.  -0.5780433250E+01   0.1395520034E+02   0.8298478706E+02   0.5626998752E+01   0.1437064283E+02   0.3324931424E+00   0.2046570083E-02
     21.   2.  -0.5780433250E+01   0.1395520034E+02   0.8298478706E+02   0.6890928705E+01   0.1821056978E+02   0.4344415326E+00   0.2042589290E-02
     21.   3.  -0.5780433250E+01   0.1395520034E+02   0.8298478706E+02   0.7002199607E+01   0.1877380770E+02   0.4567091221E+00   0.2043540547E-02
     21.   4.  -0.5780433250E+01   0.1395520034E+02   0.8298478706E+02   0.7020848939E+01   0.1871056421E+02   0.4561933367E+00   0.2043441631E-02
     21.   5.  -0.5780433250E+01   0.1395520034E+02   0.8298478706E+02   0.7020754969E+01   0.1870817338E+02   0.4586773020E+00   0.2043096932E-02
     21.   6.  -0.5780433250E+01   0.1395520034E+02   0.8298478706E+02   0.7020725822E+01   0.1870434217E+02   0.4628693292E+00   0.2042555193E-02
     22.   1.  -0.7120447710E+01   0.1332142070E+02   0.8308888163E+02   0.8145290484E+01   0.1382078160E+02   0.3342689276E+00   0.2266223729E-02
     22.   2.  -0.7120447710E+01   0.1332142070E+02   0.8308888163E+02   0.1019721215E+02   0.1773020749E+02   0.4646456759E+00   0.2261922416E-02
     22.   3.  -0.7120447710E+01   0.1332142070E+02   0.8308888163E+02   0.1035718249E+02   0.1824279456E+02   0.4792807500E+00   0.2263001348E-02
     22.   4.  -0.7120447710E+01   0.1332142070E+02   0.8308888163E+02   0.1036083149E+02   0.1819051814E+02   0.4809327409E+00   0.2262952419E-02
     22.   5.  -0.7120447710E+01   0.1332142070E+02   0.8308888163E+02   0.1036079268E+02   0.1818806743E+02   0.4830989065E+00   0.2262662905E-02
     22.   6.  -0.7120447710E+01   0.1332142070E+02   0.8308888163E+02   0.1036078889E+02   0.1818416111E+02   0.4871799766E+00   0.2262195605E-02
     23.   1.  -0.8391888370E+01   0.1255934849E+02   0.8320748323E+02   0.1138995160E+02   0.1324727330E+02   0.2979622510E+00   0.2659928533E-02
     23.   2.  -0.8391888370E+01   0.1255934849E+02   0.8320748323E+02   0.1387302992E+02   0.1720695703E+02   0.4267127347E+00   0.2654951151E-02
     23.   3.  -0.8391888370E+01   0.1255934849E+02   0.8320748323E+02   0.1415083130E+02   0.1766334998E+02   0.4331046644E+00   0.2656264790E-02
     23.   4.  -0.8391888370E+01   0.1255934849E+02   0.8320748323E+02   0.1413881524E+02   0.1763566329E+02   0.4418573449E+00   0.2656280037E-02
     23.   5.  -0.8391888370E+01   0.1255934849E+02   0.8320748323E+02   0.1413911884E+02   0.1764826230E+02   0.4487182208E+00   0.2656048160E-02
     23.   6.  -0.8391888370E+01   0.1255934849E+02   0.8320748323E+02   0.1413914208E+02   0.1764447893E+02   0.4521980807E+00   0.2655655402E-02
     24.   1.  -0.9582510560E+01   0.1167632290E+02   0.8333598253E+02   0.1474068954E+02   0.1310492282E+02   0.3259183296E+00   0.3254219779E-02
     24.   2.  -0.9582510560E+01   0.1167632290E+02   0.8333598253E+02   0.1782646263E+02   0.1653200216E+02   0.3575336279E+00   0.3248154559E-02
     24.   3.  -0.9582510560E+01   0.1167632290E+02   0.8333598253E+02   0.1822459827E+02   0.1711864360E+02   0.3995599424E+00   0.3249827544E-02
     24.   4.  -0.9582510560E+01   0.1167632290E+02   0.8333598253E+02   0.1820587175E+02   0.1711157001E+02   0.4072348581E+00   0.3249923257E-02
     24.   5.  -0.9582510560E+01   0.1167632290E+02   0.8333598253E+02   0.1820614153E+02   0.1712390732E+02   0.4131462529E+00   0.3249751028E-02
     24.   6.  -0.9582510560E+01   0.1167632290E+02   0.8333598253E+02   0.1820619128E+02   0.1712049900E+02   0.4156510943E+00   0.3249431119E-02
     25.   1.  -0.1068084793E+02   0.1068084793E+02   0.8346940749E+02   0.1740980040E+02   0.1290257312E+02   0.2513505676E+00   0.4050549875E-02
     25.   2.  -0.1068084793E+02   0.1068084793E+02   0.8346940749E+02   0.2118034917E+02   0.1590055346E+02   0.2548503297E+00   0.4042982296E-02
     25.   3.  -0.1068084793E+02   0.1068084793E+02   0.8346940749E+02   0.2169321844E+02   0.1660705153E+02   0.2998178308E+00   0.4045141376E-02
     25.   4.  -0.1068084793E+02   0.1068084793E+02   0.8346940749E+02   0.2167622215E+02   0.1661630784E+02   0.2990158046E+00   0.4045334566E-02
     25.   5.  -0.1068084793E+02   0.1068084793E+02   0.8346940749E+02   0.2167645291E+02   0.1662605928E+02   0.3194618549E+00   0.4045224158E-02
     25.   6.  -0.1068084793E+02   0.1068084793E+02   0.8346940749E+02   0.2167674559E+02   0.1663748514E+02   0.3277126658E+00   0.4044974973E-02
     26.   1.  -0.1167632290E+02   0.9582510560E+01   0.8360261952E+02   0.2037176096E+02   0.1259561043E+02   0.1688548796E+00   0.5022398421E-02
     26.   2.  -0.1167632290E+02   0.9582510560E+01   0.8360261952E+02   0.2523493824E+02   0.1550690571E+02   0.1841192399E+00   0.5012967463E-02
     26.   3.  -0.1167632290E+02   0.9582510560E+01   0.8360261952E+02   0.2584155512E+02   0.1617056234E+02   0.2308107781E+00   0.5015723893E-02
     26.   4.  -0.1167632290E+02   0.9582510560E+01   0.8360261952E+02   0.2582834228E+02   0.1617960664E+02   0.2231736076E+00   0.5016029780E-02
     26.   5.  -0.1167632290E+02   0.9582510560E+01   0.8360261952E+02   0.2582913656E+02   0.1620208917E+02   0.2428982860E+00   0.5015983106E-02
     26.   6.  -0.1167632290E+02   0.9582510560E+01   0.8360261952E+02   0.2582938440E+02   0.1621373039E+02   0.2497395563E+00   0.5015802155E-02
     27.   1.  -0.1255934849E+02   0.8391888370E+01   0.8373051242E+02   0.2312255538E+02   0.1222884292E+02   0.8501254782E-01   0.6116753399E-02
     27.   2.  -0.1255934849E+02   0.8391888370E+01   0.8373051242E+02   0.2909857397E+02   0.1517575120E+02   0.7978229839E-01   0.6105203471E-02
     27.   3.  -0.1255934849E+02   0.8391888370E+01   0.8373051242E+02   0.2979199958E+02   0.1580599133E+02   0.1113709333E+00   0.6108636238E-02
     27.   4.  -0.1255934849E+02   0.8391888370E+01   0.8373051242E+02   0.2978330712E+02   0.1582358760E+02   0.1040888974E+00   0.6109065331E-02
     27.   5.  -0.1255934849E+02   0.8391888370E+01   0.8373051242E+02   0.2978392737E+02   0.1583284902E+02   0.1187051138E+00   0.6109082868E-02
     27.   6.  -0.1255934849E+02   0.8391888370E+01   0.8373051242E+02   0.2978434672E+02   0.1585615711E+02   0.1411103078E+00   0.6108966585E-02
     28.   1.  -0.1332142070E+02   0.7120447710E+01   0.8384820645E+02   0.2546977825E+02   0.1178730493E+02   0.1631439443E-01   0.7259493382E-02
     28.   2.  -0.1332142070E+02   0.7120447710E+01   0.8384820645E+02   0.3261726226E+02   0.1491461466E+02   0.8292331891E-02   0.7245715409E-02
     28.   3.  -0.1332142070E+02   0.7120447710E+01   0.8384820645E+02   0.3339926425E+02   0.1535439869E+02   0.8131996226E-02   0.7249857662E-02
     28.   4.  -0.1332142070E+02   0.7120447710E+01   0.8384820645E+02   0.3339750998E+02   0.1552194607E+02   0.4026545970E-01   0.7250413132E-02
     28.   5.  -0.1332142070E+02   0.7120447710E+01   0.8384820645E+02   0.3339831973E+02   0.1553241353E+02   0.3728919670E-01   0.7250492752E-02
     28.   6.  -0.1332142070E+02   0.7120447710E+01   0.8384820645E+02   0.3339927194E+02   0.1555289335E+02   0.6803937506E-01   0.7250435639E-02
     29.   1.  -0.1395520034E+02   0.5780433250E+01   0.8395123043E+02   0.2726148633E+02   0.1128163108E+02  -0.2981943184E-01   0.8363684224E-02
     29.   2.  -0.1395520034E+02   0.5780433250E+01   0.8395123043E+02   0.3567687704E+02   0.1468522432E+02  -0.4370857097E-01   0.8347740717E-02
     29.   3.  -0.1395520034E+02   0.5780433250E+01   0.8395123043E+02   0.3654045037E+02   0.1512896121E+02  -0.4528956483E-01   0.8352571202E-02
     29.   4.  -0.1395520034E+02   0.5780433250E+01   0.8395123043E+02   0.3654148239E+02   0.1529722820E+02  -0.1597731003E-01   0.8353247265E-02
     29.   5.  -0.1395520034E+02   0.5780433250E+01   0.8395123043E+02   0.3654228007E+02   0.1530848144E+02  -0.1900127565E-01   0.8353383467E-02
     29.   6.  -0.1395520034E+02   0.5780433250E+01   0.8395123043E+02   0.3654320225E+02   0.1532952818E+02   0.1113325833E-01   0.8353377749E-02
     30.   1.  -0.1445458377E+02   0.4384750050E+01   0.8403568568E+02   0.2912598837E+02   0.1103282564E+02  -0.5201939210E-01   0.9339479952E-02
     30.   2.  -0.1445458377E+02   0.4384750050E+01   0.8403568568E+02   0.3817271748E+02   0.1452094870E+02  -0.6666188192E-01   0.9321612981E-02
     30.   3.  -0.1445458377E+02   0.4384750050E+01   0.8403568568E+02   0.3909642562E+02   0.1481756622E+02  -0.8168458953E-01   0.9327053607E-02
     30.   4.  -0.1445458377E+02   0.4384750050E+01   0.8403568568E+02   0.3910473190E+02   0.1513192269E+02  -0.5755888194E-01   0.9327835243E-02
     30.   5.  -0.1445458377E+02   0.4384750050E+01   0.8403568568E+02   0.3910550161E+02   0.1514395350E+02  -0.6023767427E-01   0.9328019143E-02
     30.   6.  -0.1445458377E+02   0.4384750050E+01   0.8403568568E+02   0.3910640576E+02   0.1516571924E+02  -0.3055960230E-01   0.9328054934E-02
     31.   1.  -0.1481476166E+02   0.2946839310E+01   0.8409838666E+02   0.3047416722E+02   0.1083963268E+02  -0.5017115396E-01   0.1010425937E-01
     31.   2.  -0.1481476166E+02   0.2946839310E+01   0.8409838666E+02   0.4000873363E+02   0.1442795394E+02  -0.6048356772E-01   0.1008487829E-01
     31.   3.  -0.1481476166E+02   0.2946839310E+01   0.8409838666E+02   0.4099031260E+02   0.1470475017E+02  -0.7067153187E-01   0.1009079838E-01
     31.   4.  -0.1481476166E+02   0.2946839310E+01   0.8409838666E+02   0.4099944988E+02   0.1501733927E+02  -0.5427327767E-01   0.1009166210E-01
     31.   5.  -0.1481476166E+02   0.2946839310E+01   0.8409838666E+02   0.4099982646E+02   0.1501993100E+02  -0.5780228483E-01   0.1009188200E-01
     31.   6.  -0.1481476166E+02   0.2946839310E+01   0.8409838666E+02   0.4100130103E+02   0.1505229707E+02  -0.4062220033E-01   0.1009194800E-01
     32.   1.  -0.1503226530E+02   0.1480548900E+01   0.8413697448E+02   0.3132357817E+02   0.1072290266E+02  -0.3015706001E-01   0.1059174981E-01
     32.   2.  -0.1503226530E+02   0.1480548900E+01   0.8413697448E+02   0.4113809056E+02   0.1435115070E+02  -0.3669052735E-01   0.1057140122E-01
     32.   3.  -0.1503226530E+02   0.1480548900E+01   0.8413697448E+02   0.4215243323E+02   0.1463967386E+02  -0.4245693125E-01   0.1057762742E-01
     32.   4.  -0.1503226530E+02   0.1480548900E+01   0.8413697448E+02   0.4216195546E+02   0.1495125537E+02  -0.3416610723E-01   0.1057854317E-01
     32.   5.  -0.1503226530E+02   0.1480548900E+01   0.8413697448E+02   0.4216235503E+02   0.1495436748E+02  -0.3602010421E-01   0.1057878537E-01
     32.   6.  -0.1503226530E+02   0.1480548900E+01   0.8413697448E+02   0.4216375491E+02   0.1498721299E+02  -0.1990158394E-01   0.1057886960E-01
     33.   1.  -0.1510500000E+02   0.0000000000E+00   0.8415000000E+02   0.3161020656E+02   0.1068336267E+02  -0.4428976393E-09   0.1075917116E-01
     33.   2.  -0.1510500000E+02   0.0000000000E+00   0.8415000000E+02   0.4151945302E+02   0.1432930994E+02   0.6568768773E-09   0.1073848993E-01
     33.   3.  -0.1510500000E+02   0.0000000000E+00   0.8415000000E+02   0.4254412293E+02   0.1461833759E+02   0.7554328726E-09   0.1074482132E-01
     33.   4.  -0.1510500000E+02   0.0000000000E+00   0.8415000000E+02   0.4255375152E+02   0.1492959581E+02   0.8183208801E-09   0.1074575488E-01
     33.   5.  -0.1510500000E+02   0.0000000000E+00   0.8415000000E+02   0.4255415870E+02   0.1493288687E+02   0.8220692945E-09   0.1074600463E-01
     33.   6.  -0.1510500000E+02   0.0000000000E+00   0.8415000000E+02   0.4255545993E+02   0.1495527988E+02   0.9589105894E-09   0.1074609495E-01
     34.   1.  -0.1503226530E+02  -0.1480548900E+01   0.8413697448E+02   0.3132357817E+02   0.1072290266E+02   0.3015706099E-01   0.1059174981E-01
     34.   2.  -0.1503226530E+02  -0.1480548900E+01   0.8413697448E+02   0.4113809056E+02   0.1435115069E+02   0.3669052902E-01   0.1057140122E-01
     34.   3.  -0.1503226530E+02  -0.1480548900E+01   0.8413697448E+02   0.4215243323E+02   0.1463967386E+02   0.4245693290E-01   0.1057762742E-01
     34.   4.  -0.1503226530E+02  -0.1480548900E+01   0.8413697448E+02   0.4216195546E+02   0.1495125537E+02   0.3416610891E-01   0.1057854317E-01
     34.   5.  -0.1503226530E+02  -0.1480548900E+01   0.8413697448E+02   0.4216235503E+02   0.1495436748E+02   0.3602010588E-01   0.1057878537E-01
     34.   6.  -0.1503226530E+02  -0.1480548900E+01   0.8413697448E+02   0.4216375491E+02   0.1498721299E+02   0.1990158562E-01   0.1057886960E-01
     35.   1.  -0.1481476166E+02  -0.2946839310E+01   0.8409838666E+02   0.3047416722E+02   0.1083963268E+02   0.5017115524E-01   0.1010425937E-01
     35.   2.  -0.1481476166E+02  -0.2946839310E+01   0.8409838666E+02   0.4000873363E+02   0.1442795394E+02   0.6048356943E-01   0.1008487829E-01
     35.   3.  -0.1481476166E+02  -0.2946839310E+01   0.8409838666E+02   0.4099031260E+02   0.1470475017E+02   0.7067153364E-01   0.1009079838E-01
     35.   4.  -0.1481476166E+02  -0.2946839310E+01   0.8409838666E+02   0.4099944988E+02   0.1501733927E+02   0.5427327946E-01   0.1009166210E-01
     35.   5.  -0.1481476166E+02  -0.2946839310E+01   0.8409838666E+02   0.4099982646E+02   0.1501993100E+02   0.5780228662E-01   0.1009188200E-01
     35.   6.  -0.1481476166E+02  -0.2946839310E+01   0.8409838666E+02   0.4100130103E+02   0.1505229707E+02   0.4062220212E-01   0.1009194800E-01
     36.   1.  -0.1445458377E+02  -0.4384750050E+01   0.8403568568E+02   0.2912598837E+02   0.1103282564E+02   0.5201939335E-01   0.9339479951E-02
     36.   2.  -0.1445458377E+02  -0.4384750050E+01   0.8403568568E+02   0.3817271748E+02   0.1452094870E+02   0.6666188358E-01   0.9321612981E-02
     36.   3.  -0.1445458377E+02  -0.4384750050E+01   0.8403568568E+02   0.3909642562E+02   0.1481756622E+02   0.8168459121E-01   0.9327053606E-02
     36.   4.  -0.1445458377E+02  -0.4384750050E+01   0.8403568568E+02   0.3910473190E+02   0.1513192269E+02   0.5755888364E-01   0.9327835243E-02
     36.   5.  -0.1445458377E+02  -0.4384750050E+01   0.8403568568E+02   0.3910550161E+02   0.1514395350E+02   0.6023767597E-01   0.9328019143E-02
     36.   6.  -0.1445458377E+02  -0.4384750050E+01   0.8403568568E+02   0.3910640576E+02   0.1516571924E+02   0.3055960401E-01   0.9328054934E-02
     37.   1.  -0.1395520034E+02  -0.5780433250E+01   0.8395123043E+02   0.2726148633E+02   0.1128163108E+02   0.2981943294E-01   0.8363684223E-02
     37.   2.  -0.1395520034E+02  -0.5780433250E+01   0.8395123043E+02   0.3567687704E+02   0.1468522432E+02   0.4370857244E-01   0.8347740716E-02
     37.   3.  -0.1395520034E+02  -0.5780433250E+01   0.8395123043E+02   0.3654045036E+02   0.1512896121E+02   0.4528956639E-01   0.8352571201E-02
     37.   4.  -0.1395520034E+02  -0.5780433250E+01   0.8395123043E+02   0.3654148239E+02   0.1529722820E+02   0.1597731162E-01   0.8353247264E-02
     37.   5.  -0.1395520034E+02  -0.5780433250E+01   0.8395123043E+02   0.3654228007E+02   0.1530848144E+02   0.1900127724E-01   0.8353383466E-02
     37.   6.  -0.1395520034E+02  -0.5780433250E+01   0.8395123043E+02   0.3654320224E+02   0.1532952818E+02  -0.1113325675E-01   0.8353377748E-02
     38.   1.  -0.1332142070E+02  -0.7120447710E+01   0.8384820645E+02   0.2546977825E+02   0.1178730493E+02  -0.1631439339E-01   0.7259493382E-02
     38.   2.  -0.1332142070E+02  -0.7120447710E+01   0.8384820645E+02   0.3261726226E+02   0.1491461466E+02  -0.8292330512E-02   0.7245715408E-02
     38.   3.  -0.1332142070E+02  -0.7120447710E+01   0.8384820645E+02   0.3339926425E+02   0.1535439869E+02  -0.8131994796E-02   0.7249857661E-02
     38.   4.  -0.1332142070E+02  -0.7120447710E+01   0.8384820645E+02   0.3339750998E+02   0.1552194607E+02  -0.4026545825E-01   0.7250413132E-02
     38.   5.  -0.1332142070E+02  -0.7120447710E+01   0.8384820645E+02   0.3339831972E+02   0.1553241353E+02  -0.3728919527E-01   0.7250492752E-02
     38.   6.  -0.1332142070E+02  -0.7120447710E+01   0.8384820645E+02   0.3339927193E+02   0.1555289335E+02  -0.6803937359E-01   0.7250435639E-02
     39.   1.  -0.1255934849E+02  -0.8391888370E+01   0.8373051242E+02   0.2312255538E+02   0.1222884292E+02  -0.8501254704E-01   0.6116753398E-02
     39.   2.  -0.1255934849E+02  -0.8391888370E+01   0.8373051242E+02   0.2909857397E+02   0.1517575120E+02  -0.7978229720E-01   0.6105203470E-02
     39.   3.  -0.1255934849E+02  -0.8391888370E+01   0.8373051242E+02   0.2979199958E+02   0.1580599133E+02  -0.1113709320E+00   0.6108636237E-02
     39.   4.  -0.1255934849E+02  -0.8391888370E+01   0.8373051242E+02   0.2978330712E+02   0.1582358760E+02  -0.1040888962E+00   0.6109065331E-02
     39.   5.  -0.1255934849E+02  -0.8391888370E+01   0.8373051242E+02   0.2978392737E+02   0.1583284902E+02  -0.1187051125E+00   0.6109082867E-02
     39.   6.  -0.1255934849E+02  -0.8391888370E+01   0.8373051242E+02   0.2978434672E+02   0.1585615711E+02  -0.1411103066E+00   0.6108966585E-02
     40.   1.  -0.1167632290E+02  -0.9582510560E+01   0.8360261952E+02   0.2037176096E+02   0.1259561043E+02  -0.1688548790E+00   0.5022398421E-02
     40.   2.  -0.1167632290E+02  -0.9582510560E+01   0.8360261952E+02   0.2523493823E+02   0.1550690571E+02  -0.1841192389E+00   0.5012967462E-02
     40.   3.  -0.1167632290E+02  -0.9582510560E+01   0.8360261952E+02   0.2584155512E+02   0.1617056234E+02  -0.2308107771E+00   0.5015723892E-02
     40.   4.  -0.1167632290E+02  -0.9582510560E+01   0.8360261952E+02   0.2582834228E+02   0.1617960664E+02  -0.2231736066E+00   0.5016029779E-02
     40.   5.  -0.1167632290E+02  -0.9582510560E+01   0.8360261952E+02   0.2582913656E+02   0.1620208917E+02  -0.2428982850E+00   0.5015983106E-02
     40.   6.  -0.1167632290E+02  -0.9582510560E+01   0.8360261952E+02   0.2582938440E+02   0.1621373039E+02  -0.2497395553E+00   0.5015802154E-02
     41.   1.  -0.1068084793E+02  -0.1068084793E+02   0.8346940749E+02   0.1740980040E+02   0.1290257312E+02  -0.2513505672E+00   0.4050549875E-02
     41.   2.  -0.1068084793E+02  -0.1068084793E+02   0.8346940749E+02   0.2118034917E+02   0.1590055346E+02  -0.2548503290E+00   0.4042982295E-02
     41.   3.  -0.1068084793E+02  -0.1068084793E+02   0.8346940749E+02   0.2169321844E+02   0.1660705153E+02  -0.2998178301E+00   0.4045141376E-02
     41.   4.  -0.1068084793E+02  -0.1068084793E+02   0.8346940749E+02   0.2167622215E+02   0.1661630784E+02  -0.2990158038E+00   0.4045334566E-02
     41.   5.  -0.1068084793E+02  -0.1068084793E+02   0.8346940749E+02   0.2167645290E+02   0.1662605928E+02  -0.3194618542E+00   0.4045224157E-02
     41.   6.  -0.1068084793E+02  -0.1068084793E+02   0.8346940749E+02   0.2167674559E+02   0.1663748514E+02  -0.3277126650E+00   0.4044974973E-02
     42.   1.  -0.9582510560E+01  -0.1167632290E+02   0.8333598253E+02   0.1474068953E+02   0.1310492282E+02  -0.3259183287E+00   0.3254219778E-02
     42.   2.  -0.9582510560E+01  -0.1167632290E+02   0.8333598253E+02   0.1782646263E+02   0.1653200216E+02  -0.3575336272E+00   0.3248154558E-02
     42.   3.  -0.9582510560E+01  -0.1167632290E+02   0.8333598253E+02   0.1822459827E+02   0.1711864360E+02  -0.3995599418E+00   0.3249827544E-02
     42.   4.  -0.9582510560E+01  -0.1167632290E+02   0.8333598253E+02   0.1820587175E+02   0.1711157001E+02  -0.4072348576E+00   0.3249923257E-02
     42.   5.  -0.9582510560E+01  -0.1167632290E+02   0.8333598253E+02   0.1820614152E+02   0.1712390732E+02  -0.4131462523E+00   0.3249751028E-02
     42.   6.  -0.9582510560E+01  -0.1167632290E+02   0.8333598253E+02   0.1820619127E+02   0.1712049900E+02  -0.4156510937E+00   0.3249431119E-02
     43.   1.  -0.8391888370E+01  -0.1255934849E+02   0.8320748323E+02   0.1138995160E+02   0.1324727330E+02  -0.2979622508E+00   0.2659928532E-02
     43.   2.  -0.8391888370E+01  -0.1255934849E+02   0.8320748323E+02   0.1387302992E+02   0.1720695703E+02  -0.4267127342E+00   0.2654951151E-02
     43.   3.  -0.8391888370E+01  -0.1255934849E+02   0.8320748323E+02   0.1415083130E+02   0.1766334998E+02  -0.4331046639E+00   0.2656264790E-02
     43.   4.  -0.8391888370E+01  -0.1255934849E+02   0.8320748323E+02   0.1413881524E+02   0.1763566329E+02  -0.4418573444E+00   0.2656280036E-02
     43.   5.  -0.8391888370E+01  -0.1255934849E+02   0.8320748323E+02   0.1413911884E+02   0.1764826230E+02  -0.4487182203E+00   0.2656048160E-02
     43.   6.  -0.8391888370E+01  -0.1255934849E+02   0.8320748323E+02   0.1413914207E+02   0.1764447893E+02  -0.4521980802E+00   0.2655655402E-02
     44.   1.  -0.7120447710E+01  -0.1332142070E+02   0.8308888163E+02   0.8145290483E+01   0.1382078161E+02  -0.3342689271E+00   0.2266223729E-02
     44.   2.  -0.7120447710E+01  -0.1332142070E+02   0.8308888163E+02   0.1019721214E+02   0.1773020749E+02  -0.4646456757E+00   0.2261922416E-02
     44.   3.  -0.7120447710E+01  -0.1332142070E+02   0.8308888163E+02   0.1035718249E+02   0.1824279456E+02  -0.4792807497E+00   0.2263001348E-02
     44.   4.  -0.7120447710E+01  -0.1332142070E+02   0.8308888163E+02   0.1036083148E+02   0.1819051814E+02  -0.4809327407E+00   0.2262952419E-02
     44.   5.  -0.7120447710E+01  -0.1332142070E+02   0.8308888163E+02   0.1036079268E+02   0.1818806743E+02  -0.4830989062E+00   0.2262662905E-02
     44.   6.  -0.7120447710E+01  -0.1332142070E+02   0.8308888163E+02   0.1036078889E+02   0.1818416111E+02  -0.4871799764E+00   0.2262195605E-02
     45.   1.  -0.5780433250E+01  -0.1395520034E+02   0.8298478706E+02   0.5626998752E+01   0.1437064283E+02  -0.3324931424E+00   0.2046570083E-02
     45.   2.  -0.5780433250E+01  -0.1395520034E+02   0.8298478706E+02   0.6890928704E+01   0.1821056978E+02  -0.4344415326E+00   0.2042589290E-02
     45.   3.  -0.5780433250E+01  -0.1395520034E+02   0.8298478706E+02   0.7002199606E+01   0.1877380770E+02  -0.4567091221E+00   0.2043540547E-02
     45.   4.  -0.5780433250E+01  -0.1395520034E+02   0.8298478706E+02   0.7020848938E+01   0.1871056421E+02  -0.4561933367E+00   0.2043441631E-02
     45.   5.  -0.5780433250E+01  -0.1395520034E+02   0.8298478706E+02   0.7020754968E+01   0.1870817338E+02  -0.4586773019E+00   0.2043096932E-02
     45.   6.  -0.5780433250E+01  -0.1395520034E+02   0.8298478706E+02   0.7020725821E+01   0.1870434217E+02  -0.4628693291E+00   0.2042555193E-02
     46.   1.  -0.4384750050E+01  -0.1445458377E+02   0.8289926120E+02   0.3438327865E+01   0.1499340435E+02  -0.2910496882E+00   0.1956391798E-02
     46.   2.  -0.4384750050E+01  -0.1445458377E+02   0.8289926120E+02   0.4186741510E+01   0.1868648509E+02  -0.3771953953E+00   0.1952473707E-02
     46.   3.  -0.4384750050E+01  -0.1445458377E+02   0.8289926120E+02   0.4236054901E+01   0.1922427127E+02  -0.3931546758E+00   0.1953375915E-02
     46.   4.  -0.4384750050E+01  -0.1445458377E+02   0.8289926120E+02   0.4260505403E+01   0.1917155237E+02  -0.3936116086E+00   0.1953238981E-02
     46.   5.  -0.4384750050E+01  -0.1445458377E+02   0.8289926120E+02   0.4260363507E+01   0.1916932864E+02  -0.3959831289E+00   0.1952843671E-02
     46.   6.  -0.4384750050E+01  -0.1445458377E+02   0.8289926120E+02   0.4260312615E+01   0.1916569154E+02  -0.3997495880E+00   0.1952231865E-02
     47.   1.  -0.2946839310E+01  -0.1481476166E+02   0.8283565257E+02   0.1889005889E+01   0.1533630651E+02  -0.2189164393E+00   0.1943254960E-02
     47.   2.  -0.2946839310E+01  -0.1481476166E+02   0.8283565257E+02   0.2181048939E+01   0.1905493308E+02  -0.2770228736E+00   0.1939260908E-02
     47.   3.  -0.2946839310E+01  -0.1481476166E+02   0.8283565257E+02   0.2174236450E+01   0.1957939449E+02  -0.2863488719E+00   0.1940159721E-02
     47.   4.  -0.2946839310E+01  -0.1481476166E+02   0.8283565257E+02   0.2197944226E+01   0.1953468888E+02  -0.2870561463E+00   0.1939995476E-02
     47.   5.  -0.2946839310E+01  -0.1481476166E+02   0.8283565257E+02   0.2197765239E+01   0.1953266078E+02  -0.2889069322E+00   0.1939558250E-02
     47.   6.  -0.2946839310E+01  -0.1481476166E+02   0.8283565257E+02   0.2197697758E+01   0.1952924767E+02  -0.2917464876E+00   0.1938887557E-02
     48.   1.  -0.1480548900E+01  -0.1503226530E+02   0.8279645826E+02   0.9330038438E+00   0.1553025204E+02  -0.1165983339E+00   0.1958434135E-02
     48.   2.  -0.1480548900E+01  -0.1503226530E+02   0.8279645826E+02   0.9412395435E+00   0.1928166990E+02  -0.1461310072E+00   0.1954339320E-02
     48.   3.  -0.1480548900E+01  -0.1503226530E+02   0.8279645826E+02   0.9011697550E+00   0.1980837215E+02  -0.1508660194E+00   0.1955250234E-02
     48.   4.  -0.1480548900E+01  -0.1503226530E+02   0.8279645826E+02   0.9227993651E+00   0.1976732361E+02  -0.1513385267E+00   0.1955069252E-02
     48.   5.  -0.1480548900E+01  -0.1503226530E+02   0.8279645826E+02   0.9225969312E+00   0.1976544710E+02  -0.1523507542E+00   0.1954603925E-02
     48.   6.  -0.1480548900E+01  -0.1503226530E+02   0.8279645826E+02   0.9225190916E+00   0.1976220660E+02  -0.1538760075E+00   0.1953893500E-02
     49.   1.   0.0000000000E+00  -0.1510500000E+02   0.8278321977E+02   0.6111758322E+00   0.1559177505E+02  -0.2987177137E-07   0.1967610564E-02
     49.   2.   0.0000000000E+00  -0.1510500000E+02   0.8278321977E+02   0.5217953482E+00   0.1935948214E+02  -0.3712603620E-07   0.1963472245E-02
     49.   3.   0.0000000000E+00  -0.1510500000E+02   0.8278321977E+02   0.4706361690E+00   0.1988761941E+02  -0.3786922855E-07   0.1964389708E-02
     49.   4.   0.0000000000E+00  -0.1510500000E+02   0.8278321977E+02   0.4913768339E+00   0.1984748429E+02  -0.3839010498E-07   0.1964203061E-02
     49.   5.   0.0000000000E+00  -0.1510500000E+02   0.8278321977E+02   0.4911663772E+00   0.1984566436E+02  -0.3852674125E-07   0.1963727784E-02
     49.   6.   0.0000000000E+00  -0.1510500000E+02   0.8278321977E+02   0.4910850168E+00   0.1984248823E+02  -0.3874371099E-07   0.1963003282E-02
     50.   1.   0.1480548900E+01  -0.1503226530E+02   0.8279645826E+02   0.9330038412E+00   0.1553025204E+02   0.1165982737E+00   0.1958434135E-02
     50.   2.   0.1480548900E+01  -0.1503226530E+02   0.8279645826E+02   0.9412395402E+00   0.1928166991E+02   0.1461309323E+00   0.1954339320E-02
     50.   3.   0.1480548900E+01  -0.1503226530E+02   0.8279645826E+02   0.9011697515E+00   0.1980837215E+02   0.1508659427E+00   0.1955250234E-02
     50.   4.   0.1480548900E+01  -0.1503226530E+02   0.8279645826E+02   0.9227993618E+00   0.1976732361E+02   0.1513384500E+00   0.1955069253E-02
     50.   5.   0.1480548900E+01  -0.1503226530E+02   0.8279645826E+02   0.9225969279E+00   0.1976544710E+02   0.1523506775E+00   0.1954603925E-02
     50.   6.   0.1480548900E+01  -0.1503226530E+02   0.8279645826E+02   0.9225190883E+00   0.1976220660E+02   0.1538759308E+00   0.1953893500E-02
     51.   1.   0.2946839310E+01  -0.1481476166E+02   0.8283565257E+02   0.1889005884E+01   0.1533630651E+02   0.2189163802E+00   0.1943254959E-02
     51.   2.   0.2946839310E+01  -0.1481476166E+02   0.8283565257E+02   0.2181048933E+01   0.1905493308E+02   0.2770227996E+00   0.1939260908E-02
     51.   3.   0.2946839310E+01  -0.1481476166E+02   0.8283565257E+02   0.2174236443E+01   0.1957939449E+02   0.2863487961E+00   0.1940159721E-02
     51.   4.   0.2946839310E+01  -0.1481476166E+02   0.8283565257E+02   0.2197944219E+01   0.1953468888E+02   0.2870560705E+00   0.1939995476E-02
     51.   5.   0.2946839310E+01  -0.1481476166E+02   0.8283565257E+02   0.2197765232E+01   0.1953266078E+02   0.2889068564E+00   0.1939558250E-02
     51.   6.   0.2946839310E+01  -0.1481476166E+02   0.8283565257E+02   0.2197697751E+01   0.1952924767E+02   0.2917464117E+00   0.1938887558E-02
     52.   1.   0.4384750050E+01  -0.1445458377E+02   0.8289926120E+02   0.3438327857E+01   0.1499340435E+02   0.2910496302E+00   0.1956391798E-02
     52.   2.   0.4384750050E+01  -0.1445458377E+02   0.8289926120E+02   0.4186741500E+01   0.1868648509E+02   0.3771953229E+00   0.1952473707E-02
     52.   3.   0.4384750050E+01  -0.1445458377E+02   0.8289926120E+02   0.4236054891E+01   0.1922427127E+02   0.3931546016E+00   0.1953375915E-02
     52.   4.   0.4384750050E+01  -0.1445458377E+02   0.8289926120E+02   0.4260505393E+01   0.1917155237E+02   0.3936115344E+00   0.1953238980E-02
     52.   5.   0.4384750050E+01  -0.1445458377E+02   0.8289926120E+02   0.4260363496E+01   0.1916932864E+02   0.3959830547E+00   0.1952843671E-02
     52.   6.   0.4384750050E+01  -0.1445458377E+02   0.8289926120E+02   0.4260312605E+01   0.1916569155E+02   0.3997495138E+00   0.1952231864E-02
     53.   1.   0.5780433250E+01  -0.1395520034E+02   0.8298478706E+02   0.5626998740E+01   0.1437064283E+02   0.3324930867E+00   0.2046570082E-02
     53.   2.   0.5780433250E+01  -0.1395520034E+02   0.8298478706E+02   0.6890928690E+01   0.1821056979E+02   0.4344414623E+00   0.2042589289E-02
     53.   3.   0.5780433250E+01  -0.1395520034E+02   0.8298478706E+02   0.7002199592E+01   0.1877380770E+02   0.4567090500E+00   0.2043540546E-02
     53.   4.   0.5780433250E+01  -0.1395520034E+02   0.8298478706E+02   0.7020848924E+01   0.1871056421E+02   0.4561932647E+00   0.2043441629E-02
     53.   5.   0.5780433250E+01  -0.1395520034E+02   0.8298478706E+02   0.7020754954E+01   0.1870817338E+02   0.4586772299E+00   0.2043096931E-02
     53.   6.   0.5780433250E+01  -0.1395520034E+02   0.8298478706E+02   0.7020725807E+01   0.1870434217E+02   0.4628692571E+00   0.2042555191E-02
     54.   1.   0.7120447710E+01  -0.1332142070E+02   0.8308888163E+02   0.8145290469E+01   0.1382078161E+02   0.3342688739E+00   0.2266223727E-02
     54.   2.   0.7120447710E+01  -0.1332142070E+02   0.8308888163E+02   0.1019721213E+02   0.1773020749E+02   0.4646456081E+00   0.2261922414E-02
     54.   3.   0.7120447710E+01  -0.1332142070E+02   0.8308888163E+02   0.1035718247E+02   0.1824279456E+02   0.4792806804E+00   0.2263001346E-02
     54.   4.   0.7120447710E+01  -0.1332142070E+02   0.8308888163E+02   0.1036083147E+02   0.1819051814E+02   0.4809326714E+00   0.2262952417E-02
     54.   5.   0.7120447710E+01  -0.1332142070E+02   0.8308888163E+02   0.1036079266E+02   0.1818806743E+02   0.4830988369E+00   0.2262662903E-02
     54.   6.   0.7120447710E+01  -0.1332142070E+02   0.8308888163E+02   0.1036078887E+02   0.1818416112E+02   0.4871799071E+00   0.2262195603E-02
     55.   1.   0.8391888370E+01  -0.1255934849E+02   0.8320748323E+02   0.1138995159E+02   0.1324727331E+02   0.2979622003E+00   0.2659928529E-02
     55.   2.   0.8391888370E+01  -0.1255934849E+02   0.8320748323E+02   0.1387302989E+02   0.1720695704E+02   0.4267126700E+00   0.2654951148E-02
     55.   3.   0.8391888370E+01  -0.1255934849E+02   0.8320748323E+02   0.1415083128E+02   0.1766334998E+02   0.4331045981E+00   0.2656264786E-02
     55.   4.   0.8391888370E+01  -0.1255934849E+02   0.8320748323E+02   0.1413881522E+02   0.1763566329E+02   0.4418572786E+00   0.2656280033E-02
     55.   5.   0.8391888370E+01  -0.1255934849E+02   0.8320748323E+02   0.1413911882E+02   0.1764826230E+02   0.4487181545E+00   0.2656048156E-02
     55.   6.   0.8391888370E+01  -0.1255934849E+02   0.8320748323E+02   0.1413914205E+02   0.1764447893E+02   0.4521980144E+00   0.2655655398E-02
     56.   1.   0.9582510560E+01  -0.1167632290E+02   0.8333598253E+02   0.1474068951E+02   0.1310492282E+02   0.3259182826E+00   0.3254219774E-02
     56.   2.   0.9582510560E+01  -0.1167632290E+02   0.8333598253E+02   0.1782646261E+02   0.1653200216E+02   0.3575335674E+00   0.3248154554E-02
     56.   3.   0.9582510560E+01  -0.1167632290E+02   0.8333598253E+02   0.1822459824E+02   0.1711864360E+02   0.3995598802E+00   0.3249827539E-02
     56.   4.   0.9582510560E+01  -0.1167632290E+02   0.8333598253E+02   0.1820587173E+02   0.1711157001E+02   0.4072347959E+00   0.3249923252E-02
     56.   5.   0.9582510560E+01  -0.1167632290E+02   0.8333598253E+02   0.1820614150E+02   0.1712390732E+02   0.4131461906E+00   0.3249751023E-02
     56.   6.   0.9582510560E+01  -0.1167632290E+02   0.8333598253E+02   0.1820619125E+02   0.1712049901E+02   0.4156510320E+00   0.3249431114E-02
     57.   1.   0.1068084793E+02  -0.1068084793E+02   0.8346940749E+02   0.1740980037E+02   0.1290257312E+02   0.2513505246E+00   0.4050549868E-02
     57.   2.   0.1068084793E+02  -0.1068084793E+02   0.8346940749E+02   0.2118034914E+02   0.1590055346E+02   0.2548502741E+00   0.4042982289E-02
     57.   3.   0.1068084793E+02  -0.1068084793E+02   0.8346940749E+02   0.2169321841E+02   0.1660705153E+02   0.2998177734E+00   0.4045141369E-02
     57.   4.   0.1068084793E+02  -0.1068084793E+02   0.8346940749E+02   0.2167622212E+02   0.1661630784E+02   0.2990157471E+00   0.4045334559E-02
     57.   5.   0.1068084793E+02  -0.1068084793E+02   0.8346940749E+02   0.2167645287E+02   0.1662605928E+02   0.3194617975E+00   0.4045224151E-02
     57.   6.   0.1068084793E+02  -0.1068084793E+02   0.8346940749E+02   0.2167674556E+02   0.1663748514E+02   0.3277126083E+00   0.4044974966E-02
     58.   1.   0.1167632290E+02  -0.9582510560E+01   0.8360261952E+02   0.2037176093E+02   0.1259561043E+02   0.1688548405E+00   0.5022398412E-02
     58.   2.   0.1167632290E+02  -0.9582510560E+01   0.8360261952E+02   0.2523493820E+02   0.1550690571E+02   0.1841191896E+00   0.5012967453E-02
     58.   3.   0.1167632290E+02  -0.9582510560E+01   0.8360261952E+02   0.2584155509E+02   0.1617056234E+02   0.2308107260E+00   0.5015723884E-02
     58.   4.   0.1167632290E+02  -0.9582510560E+01   0.8360261952E+02   0.2582834225E+02   0.1617960664E+02   0.2231735555E+00   0.5016029770E-02
     58.   5.   0.1167632290E+02  -0.9582510560E+01   0.8360261952E+02   0.2582913652E+02   0.1620208917E+02   0.2428982339E+00   0.5015983097E-02
     58.   6.   0.1167632290E+02  -0.9582510560E+01   0.8360261952E+02   0.2582938436E+02   0.1621373039E+02   0.2497395042E+00   0.5015802145E-02
     59.   1.   0.1255934849E+02  -0.8391888370E+01   0.8373051242E+02   0.2312255535E+02   0.1222884292E+02   0.8501251371E-01   0.6116753387E-02
     59.   2.   0.1255934849E+02  -0.8391888370E+01   0.8373051242E+02   0.2909857394E+02   0.1517575120E+02   0.7978225391E-01   0.6105203459E-02
     59.   3.   0.1255934849E+02  -0.8391888370E+01   0.8373051242E+02   0.2979199954E+02   0.1580599133E+02   0.1113708872E+00   0.6108636226E-02
     59.   4.   0.1255934849E+02  -0.8391888370E+01   0.8373051242E+02   0.2978330709E+02   0.1582358761E+02   0.1040888513E+00   0.6109065320E-02
     59.   5.   0.1255934849E+02  -0.8391888370E+01   0.8373051242E+02   0.2978392733E+02   0.1583284902E+02   0.1187050677E+00   0.6109082856E-02
     59.   6.   0.1255934849E+02  -0.8391888370E+01   0.8373051242E+02   0.2978434668E+02   0.1585615712E+02   0.1411102616E+00   0.6108966573E-02
     60.   1.   0.1332142070E+02  -0.7120447710E+01   0.8384820645E+02   0.2546977822E+02   0.1178730493E+02   0.1631436498E-01   0.7259493368E-02
     60.   2.   0.1332142070E+02  -0.7120447710E+01   0.8384820645E+02   0.3261726222E+02   0.1491461466E+02   0.8292293727E-02   0.7245715395E-02
     60.   3.   0.1332142070E+02  -0.7120447710E+01   0.8384820645E+02   0.3339926421E+02   0.1535439869E+02   0.8131956857E-02   0.7249857647E-02
     60.   4.   0.1332142070E+02  -0.7120447710E+01   0.8384820645E+02   0.3339750994E+02   0.1552194607E+02   0.4026542013E-01   0.7250413118E-02
     60.   5.   0.1332142070E+02  -0.7120447710E+01   0.8384820645E+02   0.3339831968E+02   0.1553241353E+02   0.3728915713E-01   0.7250492738E-02
     60.   6.   0.1332142070E+02  -0.7120447710E+01   0.8384820645E+02   0.3339927189E+02   0.1555289336E+02   0.6803933545E-01   0.7250435625E-02
     61.   1.   0.1395520034E+02  -0.5780433250E+01   0.8395123043E+02   0.2726148630E+02   0.1128163108E+02  -0.2981945568E-01   0.8363684207E-02
     61.   2.   0.1395520034E+02  -0.5780433250E+01   0.8395123043E+02   0.3567687700E+02   0.1468522432E+02  -0.4370860232E-01   0.8347740700E-02
     61.   3.   0.1395520034E+02  -0.5780433250E+01   0.8395123043E+02   0.3654045032E+02   0.1512896121E+02  -0.4528959721E-01   0.8352571185E-02
     61.   4.   0.1395520034E+02  -0.5780433250E+01   0.8395123043E+02   0.3654148234E+02   0.1529722820E+02  -0.1597734255E-01   0.8353247248E-02
     61.   5.   0.1395520034E+02  -0.5780433250E+01   0.8395123043E+02   0.3654228003E+02   0.1530848144E+02  -0.1900130819E-01   0.8353383450E-02
     61.   6.   0.1395520034E+02  -0.5780433250E+01   0.8395123043E+02   0.3654320220E+02   0.1532952818E+02   0.1113322578E-01   0.8353377732E-02
     62.   1.   0.1445458377E+02  -0.4384750050E+01   0.8403568568E+02   0.2912598834E+02   0.1103282564E+02  -0.5201941037E-01   0.9339479933E-02
     62.   2.   0.1445458377E+02  -0.4384750050E+01   0.8403568568E+02   0.3817271744E+02   0.1452094870E+02  -0.6666190609E-01   0.9321612962E-02
     62.   3.   0.1445458377E+02  -0.4384750050E+01   0.8403568568E+02   0.3909642557E+02   0.1481756622E+02  -0.8168461433E-01   0.9327053588E-02
     62.   4.   0.1445458377E+02  -0.4384750050E+01   0.8403568568E+02   0.3910473186E+02   0.1513192269E+02  -0.5755890701E-01   0.9327835224E-02
     62.   5.   0.1445458377E+02  -0.4384750050E+01   0.8403568568E+02   0.3910550156E+02   0.1514395350E+02  -0.6023769935E-01   0.9328019125E-02
     62.   6.   0.1445458377E+02  -0.4384750050E+01   0.8403568568E+02   0.3910640572E+02   0.1516571924E+02  -0.3055962739E-01   0.9328054916E-02
     63.   1.   0.1481476166E+02  -0.2946839310E+01   0.8409838666E+02   0.3047416719E+02   0.1083963268E+02  -0.5017116661E-01   0.1010425935E-01
     63.   2.   0.1481476166E+02  -0.2946839310E+01   0.8409838666E+02   0.4000873358E+02   0.1442795394E+02  -0.6048358439E-01   0.1008487827E-01
     63.   3.   0.1481476166E+02  -0.2946839310E+01   0.8409838666E+02   0.4099031255E+02   0.1470475017E+02  -0.7067154899E-01   0.1009079836E-01
     63.   4.   0.1481476166E+02  -0.2946839310E+01   0.8409838666E+02   0.4099944983E+02   0.1501733927E+02  -0.5427329496E-01   0.1009166208E-01
     63.   5.   0.1481476166E+02  -0.2946839310E+01   0.8409838666E+02   0.4099982641E+02   0.1501993100E+02  -0.5780230212E-01   0.1009188198E-01
     63.   6.   0.1481476166E+02  -0.2946839310E+01   0.8409838666E+02   0.4100130098E+02   0.1505229707E+02  -0.4062221763E-01   0.1009194798E-01
     64.   1.   0.1503226530E+02  -0.1480548900E+01   0.8413697448E+02   0.3132357814E+02   0.1072290266E+02  -0.3015706657E-01   0.1059174978E-01
     64.   2.   0.1503226530E+02  -0.1480548900E+01   0.8413697448E+02   0.4113809051E+02   0.1435115069E+02  -0.3669053626E-01   0.1057140120E-01
     64.   3.   0.1503226530E+02  -0.1480548900E+01   0.8413697448E+02   0.4215243318E+02   0.1463967386E+02  -0.4245694037E-01   0.1057762740E-01
     64.   4.   0.1503226530E+02  -0.1480548900E+01   0.8413697448E+02   0.4216195541E+02   0.1495125537E+02  -0.3416611646E-01   0.1057854315E-01
     64.   5.   0.1503226530E+02  -0.1480548900E+01   0.8413697448E+02   0.4216235498E+02   0.1495436747E+02  -0.3602011343E-01   0.1057878535E-01
     64.   6.   0.1503226530E+02  -0.1480548900E+01   0.8413697448E+02   0.4216375486E+02   0.1498721299E+02  -0.1990159317E-01   0.1057886958E-01
