# digitalmodel weldolet_crack CINT table
# units: length=mm force=N stress=MPa K=MPa*sqrt(mm) J=N/mm
# mesh_level     0.
# front_nodes      64.
# contours   6.
# columns: node contour x y z K1 K2 K3 J
      1.   1.   0.1550500000E+02   0.0000000000E+00   0.8415000000E+02   0.3173864021E+02   0.1139132377E+02  -0.4623896238E-10   0.1120554640E-01
      1.   2.   0.1550500000E+02   0.0000000000E+00   0.8415000000E+02   0.4203435188E+02   0.1546452488E+02  -0.4814691030E-09   0.1118399875E-01
      1.   3.   0.1550500000E+02   0.0000000000E+00   0.8415000000E+02   0.4308367111E+02   0.1579134016E+02  -0.3714378955E-09   0.1119059479E-01
      1.   4.   0.1550500000E+02   0.0000000000E+00   0.8415000000E+02   0.4312078430E+02   0.1614755552E+02  -0.6040043822E-09   0.1119156825E-01
      1.   5.   0.1550500000E+02   0.0000000000E+00   0.8415000000E+02   0.4312109655E+02   0.1614761005E+02  -0.5928807143E-09   0.1119183048E-01
      1.   6.   0.1550500000E+02   0.0000000000E+00   0.8415000000E+02   0.4312236420E+02   0.1617328393E+02  -0.5256805218E-09   0.1119192712E-01
      2.   1.   0.1543033919E+02   0.1519755760E+01   0.8413627543E+02   0.3145626977E+02   0.1143212562E+02  -0.5371375510E-02   0.1103781274E-01
      2.   2.   0.1543033919E+02   0.1519755760E+01   0.8413627543E+02   0.4165618072E+02   0.1548901495E+02  -0.1055543919E-01   0.1101659998E-01
      2.   3.   0.1543033919E+02   0.1519755760E+01   0.8413627543E+02   0.4269523457E+02   0.1581505974E+02  -0.6219420992E-02   0.1102308950E-01
      2.   4.   0.1543033919E+02   0.1519755760E+01   0.8413627543E+02   0.4273198536E+02   0.1617189147E+02  -0.1453646809E-01   0.1102404430E-01
      2.   5.   0.1543033919E+02   0.1519755760E+01   0.8413627543E+02   0.4273229024E+02   0.1617178790E+02  -0.1268066074E-01   0.1102429786E-01
      2.   6.   0.1543033919E+02   0.1519755760E+01   0.8413627543E+02   0.4273356124E+02   0.1619740175E+02  -0.1285555017E-01   0.1102438685E-01
      3.   1.   0.1520707577E+02   0.3024875440E+01   0.8409561599E+02   0.3061973941E+02   0.1155313064E+02  -0.2316788873E-01   0.1054936905E-01
      3.   2.   0.1520707577E+02   0.3024875440E+01   0.8409561599E+02   0.4053429450E+02   0.1556321319E+02  -0.3609700355E-01   0.1052912926E-01
      3.   3.   0.1520707577E+02   0.3024875440E+01   0.8409561599E+02   0.4154284477E+02   0.1588725665E+02  -0.2797736814E-01   0.1053530879E-01
      3.   4.   0.1520707577E+02   0.3024875440E+01   0.8409561599E+02   0.4157849423E+02   0.1624595544E+02  -0.4445222870E-01   0.1053620905E-01
      3.   5.   0.1520707577E+02   0.3024875440E+01   0.8409561599E+02   0.4157877679E+02   0.1624539300E+02  -0.4091812571E-01   0.1053643704E-01
      3.   6.   0.1520707577E+02   0.3024875440E+01   0.8409561599E+02   0.4158026108E+02   0.1628367855E+02  -0.5720659025E-01   0.1053650317E-01
      4.   1.   0.1483735991E+02   0.4500863920E+01   0.8402954673E+02   0.2926048237E+02   0.1174941511E+02  -0.6344025316E-01   0.9782952657E-02
      4.   2.   0.1483735991E+02   0.4500863920E+01   0.8402954673E+02   0.3870860447E+02   0.1570045936E+02  -0.8993066581E-01   0.9764234565E-02
      4.   3.   0.1483735991E+02   0.4500863920E+01   0.8402954673E+02   0.3966507214E+02   0.1601105427E+02  -0.7986624615E-01   0.9769928570E-02
      4.   4.   0.1483735991E+02   0.4500863920E+01   0.8402954673E+02   0.3969884004E+02   0.1637289277E+02  -0.1041636243E+00   0.9770742757E-02
      4.   5.   0.1483735991E+02   0.4500863920E+01   0.8402954673E+02   0.3969954915E+02   0.1638445131E+02  -0.1012277010E+00   0.9770929579E-02
      4.   6.   0.1483735991E+02   0.4500863920E+01   0.8402954673E+02   0.3970045059E+02   0.1640956067E+02  -0.1298750573E+00   0.9770958169E-02
      5.   1.   0.1432475215E+02   0.5933506620E+01   0.8394055039E+02   0.2746056330E+02   0.1201793090E+02  -0.1316184818E+00   0.8804780483E-02
      5.   2.   0.1432475215E+02   0.5933506620E+01   0.8394055039E+02   0.3624309547E+02   0.1586377657E+02  -0.1736049509E+00   0.8787996187E-02
      5.   3.   0.1432475215E+02   0.5933506620E+01   0.8394055039E+02   0.3712554740E+02   0.1619228125E+02  -0.1619311213E+00   0.8793072179E-02
      5.   4.   0.1432475215E+02   0.5933506620E+01   0.8394055039E+02   0.3715659242E+02   0.1655847572E+02  -0.1935010450E+00   0.8793775648E-02
      5.   5.   0.1432475215E+02   0.5933506620E+01   0.8394055039E+02   0.3715733936E+02   0.1656939465E+02  -0.1902093390E+00   0.8793908119E-02
      5.   6.   0.1432475215E+02   0.5933506620E+01   0.8394055039E+02   0.3715826717E+02   0.1659391220E+02  -0.2193687671E+00   0.8793885812E-02
      6.   1.   0.1367418920E+02   0.7309006400E+01   0.8383198033E+02   0.2523653350E+02   0.1233271586E+02  -0.2296980381E+00   0.7697411372E-02
      6.   2.   0.1367418920E+02   0.7309006400E+01   0.8383198033E+02   0.3321162655E+02   0.1610658548E+02  -0.2979362521E+00   0.7682804808E-02
      6.   3.   0.1367418920E+02   0.7309006400E+01   0.8383198033E+02   0.3401879943E+02   0.1660966828E+02  -0.3058578863E+00   0.7687183682E-02
      6.   4.   0.1367418920E+02   0.7309006400E+01   0.8383198033E+02   0.3403958417E+02   0.1680627929E+02  -0.3390121941E+00   0.7687760731E-02
      6.   5.   0.1367418920E+02   0.7309006400E+01   0.8383198033E+02   0.3404035303E+02   0.1681657714E+02  -0.3357641199E+00   0.7687829123E-02
      6.   6.   0.1367418920E+02   0.7309006400E+01   0.8383198033E+02   0.3404132127E+02   0.1684068316E+02  -0.3656436119E+00   0.7687744837E-02
      7.   1.   0.1289193634E+02   0.8614116460E+01   0.8370794166E+02   0.2311827392E+02   0.1287996286E+02  -0.3491720945E+00   0.6550604853E-02
      7.   2.   0.1289193634E+02   0.8614116460E+01   0.8370794166E+02   0.2972807734E+02   0.1639625350E+02  -0.4355432125E+00   0.6538240547E-02
      7.   3.   0.1289193634E+02   0.8614116460E+01   0.8370794166E+02   0.3044139604E+02   0.1692707087E+02  -0.4506136309E+00   0.6541900652E-02
      7.   4.   0.1289193634E+02   0.8614116460E+01   0.8370794166E+02   0.3045696789E+02   0.1712447687E+02  -0.4862788084E+00   0.6542345450E-02
      7.   5.   0.1289193634E+02   0.8614116460E+01   0.8370794166E+02   0.3045826829E+02   0.1714824019E+02  -0.4944548076E+00   0.6542344054E-02
      7.   6.   0.1289193634E+02   0.8614116460E+01   0.8370794166E+02   0.3045867250E+02   0.1717561791E+02  -0.5166261849E+00   0.6542189598E-02
      8.   1.   0.1198552708E+02   0.9836267870E+01   0.8357314362E+02   0.2056734233E+02   0.1334353847E+02  -0.4816159453E+00   0.5451157658E-02
      8.   2.   0.1198552708E+02   0.9836267870E+01   0.8357314362E+02   0.2592206389E+02   0.1680859371E+02  -0.5947477081E+00   0.5440927174E-02
      8.   3.   0.1198552708E+02   0.9836267870E+01   0.8357314362E+02   0.2653375401E+02   0.1750739181E+02  -0.6492489102E+00   0.5443901870E-02
      8.   4.   0.1198552708E+02   0.9836267870E+01   0.8357314362E+02   0.2653923925E+02   0.1753011359E+02  -0.6409925648E+00   0.5444217817E-02
      8.   5.   0.1198552708E+02   0.9836267870E+01   0.8357314362E+02   0.2654001805E+02   0.1755551319E+02  -0.6605120018E+00   0.5444144589E-02
      8.   6.   0.1198552708E+02   0.9836267870E+01   0.8357314362E+02   0.2654026158E+02   0.1756873143E+02  -0.6672994172E+00   0.5443914433E-02
      9.   1.   0.1096369064E+02   0.1096369064E+02   0.8343272732E+02   0.1772747652E+02   0.1372404743E+02  -0.6076836803E+00   0.4472989850E-02
      9.   2.   0.1096369064E+02   0.1096369064E+02   0.8343272732E+02   0.2189644760E+02   0.1720301017E+02  -0.7331352698E+00   0.4464638488E-02
      9.   3.   0.1096369064E+02   0.1096369064E+02   0.8343272732E+02   0.2243234642E+02   0.1798129004E+02  -0.7953801400E+00   0.4467006991E-02
      9.   4.   0.1096369064E+02   0.1096369064E+02   0.8343272732E+02   0.2242925540E+02   0.1799266231E+02  -0.7862518978E+00   0.4467204653E-02
      9.   5.   0.1096369064E+02   0.1096369064E+02   0.8343272732E+02   0.2243010670E+02   0.1801869416E+02  -0.8067048840E+00   0.4467059888E-02
      9.   6.   0.1096369064E+02   0.1096369064E+02   0.8343272732E+02   0.2243039849E+02   0.1803183473E+02  -0.8149415427E+00   0.4466749861E-02
     10.   1.   0.9836267870E+01   0.1198552708E+02   0.8329207430E+02   0.1499843404E+02   0.1406462817E+02  -0.7111913023E+00   0.3668900370E-02
     10.   2.   0.9836267870E+01   0.1198552708E+02   0.8329207430E+02   0.1822917509E+02   0.1789200414E+02  -0.8710710270E+00   0.3662067620E-02
     10.   3.   0.9836267870E+01   0.1198552708E+02   0.8329207430E+02   0.1865693063E+02   0.1854001923E+02  -0.9329526531E+00   0.3663940906E-02
     10.   4.   0.9836267870E+01   0.1198552708E+02   0.8329207430E+02   0.1864279948E+02   0.1852802812E+02  -0.9332538080E+00   0.3664034888E-02
     10.   5.   0.9836267870E+01   0.1198552708E+02   0.8329207430E+02   0.1864327999E+02   0.1855789897E+02  -0.9515202773E+00   0.3663819308E-02
     10.   6.   0.9836267870E+01   0.1198552708E+02   0.8329207430E+02   0.1864333202E+02   0.1855402433E+02  -0.9539044214E+00   0.3663424886E-02
     11.   1.   0.8614116460E+01   0.1289193634E+02   0.8315660213E+02   0.1195312391E+02   0.1427305434E+02  -0.7079346255E+00   0.3065304854E-02
     11.   2.   0.8614116460E+01   0.1289193634E+02   0.8315660213E+02   0.1468220017E+02   0.1862815323E+02  -0.9574063676E+00   0.3059575862E-02
     11.   3.   0.8614116460E+01   0.1289193634E+02   0.8315660213E+02   0.1500070835E+02   0.1915733655E+02  -0.9831169450E+00   0.3061079489E-02
     11.   4.   0.8614116460E+01   0.1289193634E+02   0.8315660213E+02   0.1497994675E+02   0.1911135865E+02  -0.9880403703E+00   0.3061085163E-02
     11.   5.   0.8614116460E+01   0.1289193634E+02   0.8315660213E+02   0.1498021959E+02   0.1912540811E+02  -0.9950548645E+00   0.3060798371E-02
     11.   6.   0.8614116460E+01   0.1289193634E+02   0.8315660213E+02   0.1498024291E+02   0.1912124536E+02  -0.9984267292E+00   0.3060313440E-02
     12.   1.   0.7309006400E+01   0.1367418920E+02   0.8303155454E+02   0.8793769553E+01   0.1483876479E+02  -0.7393862957E+00   0.2660922303E-02
     12.   2.   0.7309006400E+01   0.1367418920E+02   0.8303155454E+02   0.1105455534E+02   0.1919400288E+02  -0.9753902439E+00   0.2655883810E-02
     12.   3.   0.7309006400E+01   0.1367418920E+02   0.8303155454E+02   0.1122714330E+02   0.1982740265E+02  -0.1006789317E+01   0.2657140649E-02
     12.   4.   0.7309006400E+01   0.1367418920E+02   0.8303155454E+02   0.1124859014E+02   0.1970760678E+02  -0.1005926793E+01   0.2657071749E-02
     12.   5.   0.7309006400E+01   0.1367418920E+02   0.8303155454E+02   0.1124851423E+02   0.1970479655E+02  -0.1008048062E+01   0.2656712096E-02
     12.   6.   0.7309006400E+01   0.1367418920E+02   0.8303155454E+02   0.1124850864E+02   0.1970057318E+02  -0.1012037151E+01   0.2656129526E-02
     13.   1.   0.5933506620E+01   0.1432475215E+02   0.8292179434E+02   0.6331894385E+01   0.1539050850E+02  -0.6961233709E+00   0.2429812989E-02
     13.   2.   0.5933506620E+01   0.1432475215E+02   0.8292179434E+02   0.7794821434E+01   0.1970384777E+02  -0.8961720441E+00   0.2425107062E-02
     13.   3.   0.5933506620E+01   0.1432475215E+02   0.8292179434E+02   0.7885321846E+01   0.2034599106E+02  -0.9293511608E+00   0.2426222270E-02
     13.   4.   0.5933506620E+01   0.1432475215E+02   0.8292179434E+02   0.7951435122E+01   0.2026570168E+02  -0.9289703793E+00   0.2426090396E-02
     13.   5.   0.5933506620E+01   0.1432475215E+02   0.8292179434E+02   0.7951298542E+01   0.2026303974E+02  -0.9314168180E+00   0.2425656749E-02
     13.   6.   0.5933506620E+01   0.1432475215E+02   0.8292179434E+02   0.7951266016E+01   0.2025893184E+02  -0.9355346489E+00   0.2424971470E-02
     14.   1.   0.4500863920E+01   0.1483735991E+02   0.8283160780E+02   0.4178466438E+01   0.1602434169E+02  -0.5914367763E+00   0.2328458669E-02
     14.   2.   0.4500863920E+01   0.1483735991E+02   0.8283160780E+02   0.5126774410E+01   0.2020874951E+02  -0.7576441292E+00   0.2323824514E-02
     14.   3.   0.4500863920E+01   0.1483735991E+02   0.8283160780E+02   0.5180161865E+01   0.2078277058E+02  -0.7822008253E+00   0.2324875887E-02
     14.   4.   0.4500863920E+01   0.1483735991E+02   0.8283160780E+02   0.5227226560E+01   0.2075849927E+02  -0.7832677426E+00   0.2324691568E-02
     14.   5.   0.4500863920E+01   0.1483735991E+02   0.8283160780E+02   0.5227037253E+01   0.2075606890E+02  -0.7856102240E+00   0.2324186673E-02
     14.   6.   0.4500863920E+01   0.1483735991E+02   0.8283160780E+02   0.5226981739E+01   0.2075217817E+02  -0.7893210579E+00   0.2323400557E-02
     15.   1.   0.3024875440E+01   0.1520707577E+02   0.8276452952E+02   0.2660304764E+01   0.1638698962E+02  -0.4323050908E+00   0.2305813449E-02
     15.   2.   0.3024875440E+01   0.1520707577E+02   0.8276452952E+02   0.3149233499E+01   0.2060008855E+02  -0.5470031508E+00   0.2301109404E-02
     15.   3.   0.3024875440E+01   0.1520707577E+02   0.8276452952E+02   0.3165550413E+01   0.2115059721E+02  -0.5626891360E+00   0.2302143896E-02
     15.   4.   0.3024875440E+01   0.1520707577E+02   0.8276452952E+02   0.3192895456E+01   0.2114495188E+02  -0.5636850889E+00   0.2301918757E-02
     15.   5.   0.3024875440E+01   0.1520707577E+02   0.8276452952E+02   0.3192665309E+01   0.2114276016E+02  -0.5655161818E+00   0.2301352768E-02
     15.   6.   0.3024875440E+01   0.1520707577E+02   0.8276452952E+02   0.3192592310E+01   0.2113910469E+02  -0.5683187409E+00   0.2300479408E-02
     16.   1.   0.1519755760E+01   0.1543033919E+02   0.8272319586E+02   0.1721869981E+01   0.1659046275E+02  -0.2273142329E+00   0.2314568811E-02
     16.   2.   0.1519755760E+01   0.1543033919E+02   0.8272319586E+02   0.1927139612E+01   0.2084090269E+02  -0.2863453930E+00   0.2309767388E-02
     16.   3.   0.1519755760E+01   0.1543033919E+02   0.8272319586E+02   0.1919303624E+01   0.2139330742E+02  -0.2945322966E+00   0.2310804438E-02
     16.   4.   0.1519755760E+01   0.1543033919E+02   0.8272319586E+02   0.1935737908E+01   0.2139201577E+02  -0.2950673947E+00   0.2310552829E-02
     16.   5.   0.1519755760E+01   0.1543033919E+02   0.8272319586E+02   0.1935481923E+01   0.2139000009E+02  -0.2960696735E+00   0.2309945040E-02
     16.   6.   0.1519755760E+01   0.1543033919E+02   0.8272319586E+02   0.1935398020E+01   0.2138652169E+02  -0.2975764287E+00   0.2309011773E-02
     17.   1.   0.0000000000E+00   0.1550500000E+02   0.8270923452E+02   0.1405938150E+01   0.1665555234E+02   0.3324517383E-07   0.2321471537E-02
     17.   2.   0.0000000000E+00   0.1550500000E+02   0.8270923452E+02   0.1513765502E+01   0.2092357674E+02   0.4041003361E-07   0.2316627676E-02
     17.   3.   0.0000000000E+00   0.1550500000E+02   0.8270923452E+02   0.1497527353E+01   0.2147788627E+02   0.4161139238E-07   0.2317667829E-02
     17.   4.   0.0000000000E+00   0.1550500000E+02   0.8270923452E+02   0.1510495278E+01   0.2147706434E+02   0.4113114039E-07   0.2317407022E-02
     17.   5.   0.0000000000E+00   0.1550500000E+02   0.8270923452E+02   0.1510230456E+01   0.2147511321E+02   0.4105651730E-07   0.2316784311E-02
     17.   6.   0.0000000000E+00   0.1550500000E+02   0.8270923452E+02   0.1510142852E+01   0.2147170018E+02   0.4119883093E-07   0.2315829620E-02
     18.   1.  -0.1519755760E+01   0.1543033919E+02   0.8272319586E+02   0.1721869984E+01   0.1659046275E+02   0.2273142965E+00   0.2314568811E-02
     18.   2.  -0.1519755760E+01   0.1543033919E+02   0.8272319586E+02   0.1927139615E+01   0.2084090269E+02   0.2863454732E+00   0.2309767388E-02
     18.   3.  -0.1519755760E+01   0.1543033919E+02   0.8272319586E+02   0.1919303627E+01   0.2139330742E+02   0.2945323790E+00   0.2310804438E-02
     18.   4.  -0.1519755760E+01   0.1543033919E+02   0.8272319586E+02   0.1935737911E+01   0.2139201577E+02   0.2950674771E+00   0.2310552829E-02
     18.   5.  -0.1519755760E+01   0.1543033919E+02   0.8272319586E+02   0.1935481927E+01   0.2139000009E+02   0.2960697559E+00   0.2309945040E-02
     18.   6.  -0.1519755760E+01   0.1543033919E+02   0.8272319586E+02   0.1935398024E+01   0.2138652169E+02   0.2975765111E+00   0.2309011773E-02
     19.   1.  -0.3024875440E+01   0.1520707577E+02   0.8276452952E+02   0.2660304770E+01   0.1638698962E+02   0.4323051538E+00   0.2305813449E-02
     19.   2.  -0.3024875440E+01   0.1520707577E+02   0.8276452952E+02   0.3149233506E+01   0.2060008854E+02   0.5470032301E+00   0.2301109404E-02
     19.   3.  -0.3024875440E+01   0.1520707577E+02   0.8276452952E+02   0.3165550420E+01   0.2115059721E+02   0.5626892174E+00   0.2302143896E-02
     19.   4.  -0.3024875440E+01   0.1520707577E+02   0.8276452952E+02   0.3192895463E+01   0.2114495188E+02   0.5636851703E+00   0.2301918758E-02
     19.   5.  -0.3024875440E+01   0.1520707577E+02   0.8276452952E+02   0.3192665316E+01   0.2114276015E+02   0.5655162631E+00   0.2301352769E-02
     19.   6.  -0.3024875440E+01   0.1520707577E+02   0.8276452952E+02   0.3192592317E+01   0.2113910469E+02   0.5683188223E+00   0.2300479408E-02
     20.   1.  -0.4500863920E+01   0.1483735991E+02   0.8283160780E+02   0.4178466446E+01   0.1602434169E+02   0.5914368382E+00   0.2328458670E-02
     20.   2.  -0.4500863920E+01   0.1483735991E+02   0.8283160780E+02   0.5126774421E+01   0.2020874950E+02   0.7576442071E+00   0.2323824515E-02
     20.   3.  -0.4500863920E+01   0.1483735991E+02   0.8283160780E+02   0.5180161876E+01   0.2078277057E+02   0.7822009052E+00   0.2324875887E-02
     20.   4.  -0.4500863920E+01   0.1483735991E+02   0.8283160780E+02   0.5227226571E+01   0.2075849927E+02   0.7832678224E+00   0.2324691569E-02
     20.   5.  -0.4500863920E+01   0.1483735991E+02   0.8283160780E+02   0.5227037264E+01   0.2075606890E+02   0.7856103038E+00   0.2324186674E-02
     20.   6.  -0.4500863920E+01   0.1483735991E+02   0.8283160780E+02   0.5226981749E+01   0.2075217817E+02   0.7893211377E+00   0.2323400557E-02
     21.   1.  -0.5933506620E+01   0.1432475215E+02   0.8292179434E+02   0.6331894396E+01   0.1539050849E+02   0.6961234304E+00   0.2429812990E-02
     21.   2.  -0.5933506620E+01   0.1432475215E+02   0.8292179434E+02   0.7794821448E+01   0.1970384776E+02   0.8961721198E+00   0.2425107063E-02
     21.   3.  -0.5933506620E+01   0.1432475215E+02   0.8292179434E+02   0.7885321860E+01   0.2034599105E+02   0.9293512386E+00   0.2426222271E-02
     21.   4.  -0.5933506620E+01   0.1432475215E+02   0.8292179434E+02   0.7951435136E+01   0.2026570168E+02   0.9289704570E+00   0.2426090397E-02
     21.   5.  -0.5933506620E+01   0.1432475215E+02   0.8292179434E+02   0.7951298557E+01   0.2026303973E+02   0.9314168957E+00   0.2425656750E-02
     21.   6.  -0.5933506620E+01   0.1432475215E+02   0.8292179434E+02   0.7951266030E+01   0.2025893183E+02   0.9355347265E+00   0.2424971471E-02
     22.   1.  -0.7309006400E+01   0.1367418920E+02   0.8303155454E+02   0.8793769566E+01   0.1483876478E+02   0.7393863529E+00   0.2660922305E-02
     22.   2.  -0.7309006400E+01   0.1367418920E+02   0.8303155454E+02   0.1105455535E+02   0.1919400287E+02   0.9753903168E+00   0.2655883812E-02
     22.   3.  -0.7309006400E+01   0.1367418920E+02   0.8303155454E+02   0.1122714331E+02   0.1982740265E+02   0.1006789392E+01   0.2657140651E-02
     22.   4.  -0.7309006400E+01   0.1367418920E+02   0.8303155454E+02   0.1124859015E+02   0.1970760678E+02   0.1005926868E+01   0.2657071751E-02
     22.   5.  -0.7309006400E+01   0.1367418920E+02   0.8303155454E+02   0.1124851425E+02   0.1970479655E+02   0.1008048137E+01   0.2656712098E-02
     22.   6.  -0.7309006400E+01   0.1367418920E+02   0.8303155454E+02   0.1124850866E+02   0.1970057317E+02   0.1012037226E+01   0.2656129528E-02
     23.   1.  -0.8614116460E+01   0.1289193634E+02   0.8315660213E+02   0.1195312393E+02   0.1427305433E+02   0.7079346791E+00   0.3065304857E-02
     23.   2.  -0.8614116460E+01   0.1289193634E+02   0.8315660213E+02   0.1468220019E+02   0.1862815323E+02   0.9574064370E+00   0.3059575865E-02
     23.   3.  -0.8614116460E+01   0.1289193634E+02   0.8315660213E+02   0.1500070838E+02   0.1915733654E+02   0.9831170162E+00   0.3061079492E-02
     23.   4.  -0.8614116460E+01   0.1289193634E+02   0.8315660213E+02   0.1497994678E+02   0.1911135864E+02   0.9880404415E+00   0.3061085166E-02
     23.   5.  -0.8614116460E+01   0.1289193634E+02   0.8315660213E+02   0.1498021961E+02   0.1912540810E+02   0.9950549358E+00   0.3060798374E-02
     23.   6.  -0.8614116460E+01   0.1289193634E+02   0.8315660213E+02   0.1498024293E+02   0.1912124535E+02   0.9984268005E+00   0.3060313443E-02
     24.   1.  -0.9836267870E+01   0.1198552708E+02   0.8329207430E+02   0.1499843405E+02   0.1406462817E+02   0.7111913520E+00   0.3668900375E-02
     24.   2.  -0.9836267870E+01   0.1198552708E+02   0.8329207430E+02   0.1822917512E+02   0.1789200413E+02   0.8710710920E+00   0.3662067624E-02
     24.   3.  -0.9836267870E+01   0.1198552708E+02   0.8329207430E+02   0.1865693066E+02   0.1854001922E+02   0.9329527200E+00   0.3663940910E-02
     24.   4.  -0.9836267870E+01   0.1198552708E+02   0.8329207430E+02   0.1864279950E+02   0.1852802811E+02   0.9332538749E+00   0.3664034893E-02
     24.   5.  -0.9836267870E+01   0.1198552708E+02   0.8329207430E+02   0.1864328002E+02   0.1855789896E+02   0.9515203443E+00   0.3663819312E-02
     24.   6.  -0.9836267870E+01   0.1198552708E+02   0.8329207430E+02   0.1864333204E+02   0.1855402432E+02   0.9539044884E+00   0.3663424891E-02
     25.   1.  -0.1096369064E+02   0.1096369064E+02   0.8343272732E+02   0.1772747654E+02   0.1372404742E+02   0.6076837263E+00   0.4472989856E-02
     25.   2.  -0.1096369064E+02   0.1096369064E+02   0.8343272732E+02   0.2189644763E+02   0.1720301016E+02   0.7331353296E+00   0.4464638495E-02
     25.   3.  -0.1096369064E+02   0.1096369064E+02   0.8343272732E+02   0.2243234645E+02   0.1798129003E+02   0.7953802019E+00   0.4467006997E-02
     25.   4.  -0.1096369064E+02   0.1096369064E+02   0.8343272732E+02   0.2242925543E+02   0.1799266230E+02   0.7862519598E+00   0.4467204660E-02
     25.   5.  -0.1096369064E+02   0.1096369064E+02   0.8343272732E+02   0.2243010672E+02   0.1801869415E+02   0.8067049460E+00   0.4467059894E-02
     25.   6.  -0.1096369064E+02   0.1096369064E+02   0.8343272732E+02   0.2243039852E+02   0.1803183472E+02   0.8149416047E+00   0.4466749867E-02
     26.   1.  -0.1198552708E+02   0.9836267870E+01   0.8357314362E+02   0.2056734235E+02   0.1334353847E+02   0.4816159865E+00   0.5451157666E-02
     26.   2.  -0.1198552708E+02   0.9836267870E+01   0.8357314362E+02   0.2592206392E+02   0.1680859370E+02   0.5947477622E+00   0.5440927182E-02
     26.   3.  -0.1198552708E+02   0.9836267870E+01   0.8357314362E+02   0.2653375404E+02   0.1750739180E+02   0.6492489663E+00   0.5443901878E-02
     26.   4.  -0.1198552708E+02   0.9836267870E+01   0.8357314362E+02   0.2653923929E+02   0.1753011358E+02   0.6409926210E+00   0.5444217825E-02
     26.   5.  -0.1198552708E+02   0.9836267870E+01   0.8357314362E+02   0.2654001808E+02   0.1755551319E+02   0.6605120580E+00   0.5444144597E-02
     26.   6.  -0.1198552708E+02   0.9836267870E+01   0.8357314362E+02   0.2654026161E+02   0.1756873142E+02   0.6672994735E+00   0.5443914441E-02
     27.   1.  -0.1289193634E+02   0.8614116460E+01   0.8370794166E+02   0.2311827394E+02   0.1287996285E+02   0.3491721311E+00   0.6550604863E-02
     27.   2.  -0.1289193634E+02   0.8614116460E+01   0.8370794166E+02   0.2972807737E+02   0.1639625350E+02   0.4355432604E+00   0.6538240557E-02
     27.   3.  -0.1289193634E+02   0.8614116460E+01   0.8370794166E+02   0.3044139607E+02   0.1692707087E+02   0.4506136802E+00   0.6541900663E-02
     27.   4.  -0.1289193634E+02   0.8614116460E+01   0.8370794166E+02   0.3045696793E+02   0.1712447686E+02   0.4862788580E+00   0.6542345461E-02
     27.   5.  -0.1289193634E+02   0.8614116460E+01   0.8370794166E+02   0.3045826832E+02   0.1714824018E+02   0.4944548573E+00   0.6542344064E-02
     27.   6.  -0.1289193634E+02   0.8614116460E+01   0.8370794166E+02   0.3045867253E+02   0.1717561791E+02   0.5166262346E+00   0.6542189609E-02
     28.   1.  -0.1367418920E+02   0.7309006400E+01   0.8383198033E+02   0.2523653353E+02   0.1233271586E+02   0.2296980690E+00   0.7697411384E-02
     28.   2.  -0.1367418920E+02   0.7309006400E+01   0.8383198033E+02   0.3321162659E+02   0.1610658548E+02   0.2979362932E+00   0.7682804820E-02
     28.   3.  -0.1367418920E+02   0.7309006400E+01   0.8383198033E+02   0.3401879946E+02   0.1660966827E+02   0.3058579287E+00   0.7687183695E-02
     28.   4.  -0.1367418920E+02   0.7309006400E+01   0.8383198033E+02   0.3403958421E+02   0.1680627929E+02   0.3390122367E+00   0.7687760743E-02
     28.   5.  -0.1367418920E+02   0.7309006400E+01   0.8383198033E+02   0.3404035307E+02   0.1681657714E+02   0.3357641625E+00   0.7687829135E-02
     28.   6.  -0.1367418920E+02   0.7309006400E+01   0.8383198033E+02   0.3404132130E+02   0.1684068315E+02   0.3656436545E+00   0.7687744849E-02
     29.   1.  -0.1432475215E+02   0.5933506620E+01   0.8394055039E+02   0.2746056333E+02   0.1201793089E+02   0.1316185073E+00   0.8804780497E-02
     29.   2.  -0.1432475215E+02   0.5933506620E+01   0.8394055039E+02   0.3624309551E+02   0.1586377656E+02   0.1736049846E+00   0.8787996201E-02
     29.   3.  -0.1432475215E+02   0.5933506620E+01   0.8394055039E+02   0.3712554744E+02   0.1619228125E+02   0.1619311558E+00   0.8793072193E-02
     29.   4.  -0.1432475215E+02   0.5933506620E+01   0.8394055039E+02   0.3715659246E+02   0.1655847572E+02   0.1935010800E+00   0.8793775662E-02
     29.   5.  -0.1432475215E+02   0.5933506620E+01   0.8394055039E+02   0.3715733939E+02   0.1656939465E+02   0.1902093740E+00   0.8793908133E-02
     29.   6.  -0.1432475215E+02   0.5933506620E+01   0.8394055039E+02   0.3715826720E+02   0.1659391220E+02   0.2193688021E+00   0.8793885827E-02
     30.   1.  -0.1483735991E+02   0.4500863920E+01   0.8402954673E+02   0.2926048240E+02   0.1174941511E+02   0.6344027260E-01   0.9782952672E-02
     30.   2.  -0.1483735991E+02   0.4500863920E+01   0.8402954673E+02   0.3870860450E+02   0.1570045936E+02   0.8993069163E-01   0.9764234580E-02
     30.   3.  -0.1483735991E+02   0.4500863920E+01   0.8402954673E+02   0.3966507218E+02   0.1601105427E+02   0.7986627266E-01   0.9769928586E-02
     30.   4.  -0.1483735991E+02   0.4500863920E+01   0.8402954673E+02   0.3969884008E+02   0.1637289277E+02   0.1041636511E+00   0.9770742773E-02
     30.   5.  -0.1483735991E+02   0.4500863920E+01   0.8402954673E+02   0.3969954919E+02   0.1638445130E+02   0.1012277278E+00   0.9770929595E-02
     30.   6.  -0.1483735991E+02   0.4500863920E+01   0.8402954673E+02   0.3970045062E+02   0.1640956067E+02   0.1298750841E+00   0.9770958185E-02
     31.   1.  -0.1520707577E+02   0.3024875440E+01   0.8409561599E+02   0.3061973944E+02   0.1155313064E+02   0.2316790211E-01   0.1054936907E-01
     31.   2.  -0.1520707577E+02   0.3024875440E+01   0.8409561599E+02   0.4053429454E+02   0.1556321319E+02   0.3609702117E-01   0.1052912928E-01
     31.   3.  -0.1520707577E+02   0.3024875440E+01   0.8409561599E+02   0.4154284481E+02   0.1588725665E+02   0.2797738622E-01   0.1053530880E-01
     31.   4.  -0.1520707577E+02   0.3024875440E+01   0.8409561599E+02   0.4157849427E+02   0.1624595544E+02   0.4445224699E-01   0.1053620907E-01
     31.   5.  -0.1520707577E+02   0.3024875440E+01   0.8409561599E+02   0.4157877682E+02   0.1624539300E+02   0.4091814400E-01   0.1053643705E-01
     31.   6.  -0.1520707577E+02   0.3024875440E+01   0.8409561599E+02   0.4158026112E+02   0.1628367855E+02   0.5720660855E-01   0.1053650319E-01
     32.   1.  -0.1543033919E+02   0.1519755760E+01   0.8413627543E+02   0.3145626979E+02   0.1143212562E+02   0.5371382434E-02   0.1103781275E-01
     32.   2.  -0.1543033919E+02   0.1519755760E+01   0.8413627543E+02   0.4165618076E+02   0.1548901495E+02   0.1055544845E-01   0.1101659999E-01
     32.   3.  -0.1543033919E+02   0.1519755760E+01   0.8413627543E+02   0.4269523461E+02   0.1581505973E+02   0.6219430499E-02   0.1102308952E-01
     32.   4.  -0.1543033919E+02   0.1519755760E+01   0.8413627543E+02   0.4273198540E+02   0.1617189147E+02   0.1453647773E-01   0.1102404431E-01
     32.   5.  -0.1543033919E+02   0.1519755760E+01   0.8413627543E+02   0.4273229028E+02   0.1617178790E+02   0.1268067036E-01   0.1102429788E-01
     32.   6.  -0.1543033919E+02   0.1519755760E+01   0.8413627543E+02   0.4273356128E+02   0.1619740175E+02   0.1285555980E-01   0.1102438687E-01
     33.   1.  -0.1550500000E+02   0.0000000000E+00   0.8415000000E+02   0.3173864024E+02   0.1139132377E+02   0.4143497554E-08   0.1120554641E-01
     33.   2.  -0.1550500000E+02   0.0000000000E+00   0.8415000000E+02   0.4203435192E+02   0.1546452488E+02   0.1218000309E-08   0.1118399877E-01
     33.   3.  -0.1550500000E+02   0.0000000000E+00   0.8415000000E+02   0.4308367114E+02   0.1579134016E+02   0.1186259492E-08   0.1119059481E-01
     33.   4.  -0.1550500000E+02   0.0000000000E+00   0.8415000000E+02   0.4312078434E+02   0.1614755552E+02   0.9019403554E-09   0.1119156827E-01
     33.   5.  -0.1550500000E+02   0.0000000000E+00   0.8415000000E+02   0.4312109659E+02   0.1614761005E+02   0.8072686824E-09   0.1119183049E-01
     33.   6.  -0.1550500000E+02   0.0000000000E+00   0.8415000000E+02   0.4312236424E+02   0.1617328393E+02   0.9572564149E-09   0.1119192714E-01
     34.   1.  -0.1543033919E+02  -0.1519755760E+01   0.8413627543E+02   0.3145626979E+02   0.1143212562E+02  -0.5371380731E-02   0.1103781275E-01
     34.   2.  -0.1543033919E+02  -0.1519755760E+01   0.8413627543E+02   0.4165618076E+02   0.1548901495E+02  -0.1055544622E-01   0.1101659999E-01
     34.   3.  -0.1543033919E+02  -0.1519755760E+01   0.8413627543E+02   0.4269523461E+02   0.1581505973E+02  -0.6219428210E-02   0.1102308952E-01
     34.   4.  -0.1543033919E+02  -0.1519755760E+01   0.8413627543E+02   0.4273198540E+02   0.1617189147E+02  -0.1453647540E-01   0.1102404431E-01
     34.   5.  -0.1543033919E+02  -0.1519755760E+01   0.8413627543E+02   0.4273229028E+02   0.1617178790E+02  -0.1268066805E-01   0.1102429788E-01
     34.   6.  -0.1543033919E+02  -0.1519755760E+01   0.8413627543E+02   0.4273356128E+02   0.1619740175E+02  -0.1285555748E-01   0.1102438687E-01
     35.   1.  -0.1520707577E+02  -0.3024875440E+01   0.8409561599E+02   0.3061973944E+02   0.1155313064E+02  -0.2316790059E-01   0.1054936907E-01
     35.   2.  -0.1520707577E+02  -0.3024875440E+01   0.8409561599E+02   0.4053429454E+02   0.1556321319E+02  -0.3609701909E-01   0.1052912928E-01
     35.   3.  -0.1520707577E+02  -0.3024875440E+01   0.8409561599E+02   0.4154284480E+02   0.1588725665E+02  -0.2797738408E-01   0.1053530880E-01
     35.   4.  -0.1520707577E+02  -0.3024875440E+01   0.8409561599E+02   0.4157849427E+02   0.1624595544E+02  -0.4445224481E-01   0.1053620907E-01
     35.   5.  -0.1520707577E+02  -0.3024875440E+01   0.8409561599E+02   0.4157877682E+02   0.1624539300E+02  -0.4091814181E-01   0.1053643705E-01
     35.   6.  -0.1520707577E+02  -0.3024875440E+01   0.8409561599E+02   0.4158026112E+02   0.1628367855E+02  -0.5720660636E-01   0.1053650319E-01
     36.   1.  -0.1483735991E+02  -0.4500863920E+01   0.8402954673E+02   0.2926048240E+02   0.1174941511E+02  -0.6344027103E-01   0.9782952672E-02
     36.   2.  -0.1483735991E+02  -0.4500863920E+01   0.8402954673E+02   0.3870860450E+02   0.1570045936E+02  -0.8993068962E-01   0.9764234580E-02
     36.   3.  -0.1483735991E+02  -0.4500863920E+01   0.8402954673E+02   0.3966507217E+02   0.1601105427E+02  -0.7986627061E-01   0.9769928585E-02
     36.   4.  -0.1483735991E+02  -0.4500863920E+01   0.8402954673E+02   0.3969884007E+02   0.1637289277E+02  -0.1041636490E+00   0.9770742773E-02
     36.   5.  -0.1483735991E+02  -0.4500863920E+01   0.8402954673E+02   0.3969954919E+02   0.1638445130E+02  -0.1012277257E+00   0.9770929594E-02
     36.   6.  -0.1483735991E+02  -0.4500863920E+01   0.8402954673E+02   0.3970045062E+02   0.1640956067E+02  -0.1298750821E+00   0.9770958185E-02
     37.   1.  -0.1432475215E+02  -0.5933506620E+01   0.8394055039E+02   0.2746056333E+02   0.1201793089E+02  -0.1316185057E+00   0.8804780497E-02
     37.   2.  -0.1432475215E+02  -0.5933506620E+01   0.8394055039E+02   0.3624309551E+02   0.1586377656E+02  -0.1736049827E+00   0.8787996200E-02
     37.   3.  -0.1432475215E+02  -0.5933506620E+01   0.8394055039E+02   0.3712554744E+02   0.1619228125E+02  -0.1619311539E+00   0.8793072192E-02
     37.   4.  -0.1432475215E+02  -0.5933506620E+01   0.8394055039E+02   0.3715659246E+02   0.1655847572E+02  -0.1935010780E+00   0.8793775662E-02
     37.   5.  -0.1432475215E+02  -0.5933506620E+01   0.8394055039E+02   0.3715733939E+02   0.1656939465E+02  -0.1902093720E+00   0.8793908133E-02
     37.   6.  -0.1432475215E+02  -0.5933506620E+01   0.8394055039E+02   0.3715826720E+02   0.1659391220E+02  -0.2193688001E+00   0.8793885826E-02
     38.   1.  -0.1367418920E+02  -0.7309006400E+01   0.8383198033E+02   0.2523653353E+02   0.1233271586E+02  -0.2296980675E+00   0.7697411383E-02
     38.   2.  -0.1367418920E+02  -0.7309006400E+01   0.8383198033E+02   0.3321162658E+02   0.1610658548E+02  -0.2979362913E+00   0.7682804819E-02
     38.   3.  -0.1367418920E+02  -0.7309006400E+01   0.8383198033E+02   0.3401879946E+02   0.1660966827E+02  -0.3058579268E+00   0.7687183694E-02
     38.   4.  -0.1367418920E+02  -0.7309006400E+01   0.8383198033E+02   0.3403958421E+02   0.1680627929E+02  -0.3390122347E+00   0.7687760743E-02
     38.   5.  -0.1367418920E+02  -0.7309006400E+01   0.8383198033E+02   0.3404035307E+02   0.1681657714E+02  -0.3357641606E+00   0.7687829135E-02
     38.   6.  -0.1367418920E+02  -0.7309006400E+01   0.8383198033E+02   0.3404132130E+02   0.1684068315E+02  -0.3656436526E+00   0.7687744849E-02
     39.   1.  -0.1289193634E+02  -0.8614116460E+01   0.8370794166E+02   0.2311827394E+02   0.1287996286E+02  -0.3491721296E+00   0.6550604863E-02
     39.   2.  -0.1289193634E+02  -0.8614116460E+01   0.8370794166E+02   0.2972807737E+02   0.1639625350E+02  -0.4355432588E+00   0.6538240557E-02
     39.   3.  -0.1289193634E+02  -0.8614116460E+01   0.8370794166E+02   0.3044139607E+02   0.1692707087E+02  -0.4506136786E+00   0.6541900662E-02
     39.   4.  -0.1289193634E+02  -0.8614116460E+01   0.8370794166E+02   0.3045696792E+02   0.1712447687E+02  -0.4862788564E+00   0.6542345460E-02
     39.   5.  -0.1289193634E+02  -0.8614116460E+01   0.8370794166E+02   0.3045826832E+02   0.1714824018E+02  -0.4944548556E+00   0.6542344063E-02
     39.   6.  -0.1289193634E+02  -0.8614116460E+01   0.8370794166E+02   0.3045867253E+02   0.1717561791E+02  -0.5166262329E+00   0.6542189608E-02
     40.   1.  -0.1198552708E+02  -0.9836267870E+01   0.8357314362E+02   0.2056734235E+02   0.1334353847E+02  -0.4816159855E+00   0.5451157666E-02
     40.   2.  -0.1198552708E+02  -0.9836267870E+01   0.8357314362E+02   0.2592206392E+02   0.1680859370E+02  -0.5947477608E+00   0.5440927182E-02
     40.   3.  -0.1198552708E+02  -0.9836267870E+01   0.8357314362E+02   0.2653375404E+02   0.1750739180E+02  -0.6492489648E+00   0.5443901878E-02
     40.   4.  -0.1198552708E+02  -0.9836267870E+01   0.8357314362E+02   0.2653923928E+02   0.1753011358E+02  -0.6409926195E+00   0.5444217825E-02
     40.   5.  -0.1198552708E+02  -0.9836267870E+01   0.8357314362E+02   0.2654001808E+02   0.1755551319E+02  -0.6605120565E+00   0.5444144597E-02
     40.   6.  -0.1198552708E+02  -0.9836267870E+01   0.8357314362E+02   0.2654026161E+02   0.1756873143E+02  -0.6672994719E+00   0.5443914441E-02
     41.   1.  -0.1096369064E+02  -0.1096369064E+02   0.8343272732E+02   0.1772747654E+02   0.1372404742E+02  -0.6076837252E+00   0.4472989856E-02
     41.   2.  -0.1096369064E+02  -0.1096369064E+02   0.8343272732E+02   0.2189644763E+02   0.1720301016E+02  -0.7331353282E+00   0.4464638494E-02
     41.   3.  -0.1096369064E+02  -0.1096369064E+02   0.8343272732E+02   0.2243234645E+02   0.1798129003E+02  -0.7953802005E+00   0.4467006997E-02
     41.   4.  -0.1096369064E+02  -0.1096369064E+02   0.8343272732E+02   0.2242925543E+02   0.1799266231E+02  -0.7862519583E+00   0.4467204660E-02
     41.   5.  -0.1096369064E+02  -0.1096369064E+02   0.8343272732E+02   0.2243010672E+02   0.1801869415E+02  -0.8067049445E+00   0.4467059894E-02
     41.   6.  -0.1096369064E+02  -0.1096369064E+02   0.8343272732E+02   0.2243039852E+02   0.1803183472E+02  -0.8149416033E+00   0.4466749867E-02
     42.   1.  -0.9836267870E+01  -0.1198552708E+02   0.8329207430E+02   0.1499843405E+02   0.1406462817E+02  -0.7111913510E+00   0.3668900375E-02
     42.   2.  -0.9836267870E+01  -0.1198552708E+02   0.8329207430E+02   0.1822917512E+02   0.1789200414E+02  -0.8710710908E+00   0.3662067625E-02
     42.   3.  -0.9836267870E+01  -0.1198552708E+02   0.8329207430E+02   0.1865693066E+02   0.1854001922E+02  -0.9329527188E+00   0.3663940910E-02
     42.   4.  -0.9836267870E+01  -0.1198552708E+02   0.8329207430E+02   0.1864279950E+02   0.1852802811E+02  -0.9332538737E+00   0.3664034893E-02
     42.   5.  -0.9836267870E+01  -0.1198552708E+02   0.8329207430E+02   0.1864328002E+02   0.1855789896E+02  -0.9515203431E+00   0.3663819312E-02
     42.   6.  -0.9836267870E+01  -0.1198552708E+02   0.8329207430E+02   0.1864333204E+02   0.1855402432E+02  -0.9539044872E+00   0.3663424891E-02
     43.   1.  -0.8614116460E+01  -0.1289193634E+02   0.8315660213E+02   0.1195312393E+02   0.1427305433E+02  -0.7079346784E+00   0.3065304857E-02
     43.   2.  -0.8614116460E+01  -0.1289193634E+02   0.8315660213E+02   0.1468220019E+02   0.1862815323E+02  -0.9574064360E+00   0.3059575866E-02
     43.   3.  -0.8614116460E+01  -0.1289193634E+02   0.8315660213E+02   0.1500070838E+02   0.1915733654E+02  -0.9831170151E+00   0.3061079492E-02
     43.   4.  -0.8614116460E+01  -0.1289193634E+02   0.8315660213E+02   0.1497994677E+02   0.1911135864E+02  -0.9880404405E+00   0.3061085167E-02
     43.   5.  -0.8614116460E+01  -0.1289193634E+02   0.8315660213E+02   0.1498021961E+02   0.1912540810E+02  -0.9950549347E+00   0.3060798374E-02
     43.   6.  -0.8614116460E+01  -0.1289193634E+02   0.8315660213E+02   0.1498024293E+02   0.1912124536E+02  -0.9984267994E+00   0.3060313444E-02
     44.   1.  -0.7309006400E+01  -0.1367418920E+02   0.8303155454E+02   0.8793769566E+01   0.1483876478E+02  -0.7393863525E+00   0.2660922305E-02
     44.   2.  -0.7309006400E+01  -0.1367418920E+02   0.8303155454E+02   0.1105455535E+02   0.1919400287E+02  -0.9753903159E+00   0.2655883812E-02
     44.   3.  -0.7309006400E+01  -0.1367418920E+02   0.8303155454E+02   0.1122714331E+02   0.1982740265E+02  -0.1006789391E+01   0.2657140651E-02
     44.   4.  -0.7309006400E+01  -0.1367418920E+02   0.8303155454E+02   0.1124859015E+02   0.1970760678E+02  -0.1005926867E+01   0.2657071752E-02
     44.   5.  -0.7309006400E+01  -0.1367418920E+02   0.8303155454E+02   0.1124851425E+02   0.1970479655E+02  -0.1008048136E+01   0.2656712099E-02
     44.   6.  -0.7309006400E+01  -0.1367418920E+02   0.8303155454E+02   0.1124850866E+02   0.1970057317E+02  -0.1012037225E+01   0.2656129528E-02
     45.   1.  -0.5933506620E+01  -0.1432475215E+02   0.8292179434E+02   0.6331894396E+01   0.1539050849E+02  -0.6961234301E+00   0.2429812991E-02
     45.   2.  -0.5933506620E+01  -0.1432475215E+02   0.8292179434E+02   0.7794821448E+01   0.1970384777E+02  -0.8961721191E+00   0.2425107064E-02
     45.   3.  -0.5933506620E+01  -0.1432475215E+02   0.8292179434E+02   0.7885321861E+01   0.2034599105E+02  -0.9293512379E+00   0.2426222271E-02
     45.   4.  -0.5933506620E+01  -0.1432475215E+02   0.8292179434E+02   0.7951435137E+01   0.2026570168E+02  -0.9289704562E+00   0.2426090397E-02
     45.   5.  -0.5933506620E+01  -0.1432475215E+02   0.8292179434E+02   0.7951298557E+01   0.2026303973E+02  -0.9314168949E+00   0.2425656751E-02
     45.   6.  -0.5933506620E+01  -0.1432475215E+02   0.8292179434E+02   0.7951266031E+01   0.2025893183E+02  -0.9355347258E+00   0.2424971471E-02
     46.   1.  -0.4500863920E+01  -0.1483735991E+02   0.8283160780E+02   0.4178466447E+01   0.1602434169E+02  -0.5914368379E+00   0.2328458670E-02
     46.   2.  -0.4500863920E+01  -0.1483735991E+02   0.8283160780E+02   0.5126774422E+01   0.2020874950E+02  -0.7576442066E+00   0.2323824515E-02
     46.   3.  -0.4500863920E+01  -0.1483735991E+02   0.8283160780E+02   0.5180161877E+01   0.2078277057E+02  -0.7822009047E+00   0.2324875888E-02
     46.   4.  -0.4500863920E+01  -0.1483735991E+02   0.8283160780E+02   0.5227226572E+01   0.2075849927E+02  -0.7832678220E+00   0.2324691569E-02
     46.   5.  -0.4500863920E+01  -0.1483735991E+02   0.8283160780E+02   0.5227037265E+01   0.2075606890E+02  -0.7856103033E+00   0.2324186674E-02
     46.   6.  -0.4500863920E+01  -0.1483735991E+02   0.8283160780E+02   0.5226981750E+01   0.2075217817E+02  -0.7893211372E+00   0.2323400558E-02
     47.   1.  -0.3024875440E+01  -0.1520707577E+02   0.8276452952E+02   0.2660304771E+01   0.1638698962E+02  -0.4323051537E+00   0.2305813449E-02
     47.   2.  -0.3024875440E+01  -0.1520707577E+02   0.8276452952E+02   0.3149233507E+01   0.2060008855E+02  -0.5470032299E+00   0.2301109405E-02
     47.   3.  -0.3024875440E+01  -0.1520707577E+02   0.8276452952E+02   0.3165550421E+01   0.2115059721E+02  -0.5626892171E+00   0.2302143896E-02
     47.   4.  -0.3024875440E+01  -0.1520707577E+02   0.8276452952E+02   0.3192895465E+01   0.2114495188E+02  -0.5636851700E+00   0.2301918758E-02
     47.   5.  -0.3024875440E+01  -0.1520707577E+02   0.8276452952E+02   0.3192665318E+01   0.2114276015E+02  -0.5655162628E+00   0.2301352769E-02
     47.   6.  -0.3024875440E+01  -0.1520707577E+02   0.8276452952E+02   0.3192592318E+01   0.2113910469E+02  -0.5683188220E+00   0.2300479408E-02
     48.   1.  -0.1519755760E+01  -0.1543033919E+02   0.8272319586E+02   0.1721869986E+01   0.1659046275E+02  -0.2273142965E+00   0.2314568811E-02
     48.   2.  -0.1519755760E+01  -0.1543033919E+02   0.8272319586E+02   0.1927139618E+01   0.2084090269E+02  -0.2863454730E+00   0.2309767388E-02
     48.   3.  -0.1519755760E+01  -0.1543033919E+02   0.8272319586E+02   0.1919303630E+01   0.2139330742E+02  -0.2945323787E+00   0.2310804438E-02
     48.   4.  -0.1519755760E+01  -0.1543033919E+02   0.8272319586E+02   0.1935737913E+01   0.2139201577E+02  -0.2950674768E+00   0.2310552829E-02
     48.   5.  -0.1519755760E+01  -0.1543033919E+02   0.8272319586E+02   0.1935481929E+01   0.2139000009E+02  -0.2960697556E+00   0.2309945040E-02
     48.   6.  -0.1519755760E+01  -0.1543033919E+02   0.8272319586E+02   0.1935398026E+01   0.2138652169E+02  -0.2975765108E+00   0.2309011773E-02
     49.   1.   0.0000000000E+00  -0.1550500000E+02   0.8270923452E+02   0.1405938150E+01   0.1665555234E+02  -0.3111736513E-07   0.2321471538E-02
     49.   2.   0.0000000000E+00  -0.1550500000E+02   0.8270923452E+02   0.1513765504E+01   0.2092357674E+02  -0.4044694838E-07   0.2316627676E-02
     49.   3.   0.0000000000E+00  -0.1550500000E+02   0.8270923452E+02   0.1497527355E+01   0.2147788627E+02  -0.4134634471E-07   0.2317667829E-02
     49.   4.   0.0000000000E+00  -0.1550500000E+02   0.8270923452E+02   0.1510495281E+01   0.2147706434E+02  -0.4175740253E-07   0.2317407022E-02
     49.   5.   0.0000000000E+00  -0.1550500000E+02   0.8270923452E+02   0.1510230459E+01   0.2147511321E+02  -0.4182028685E-07   0.2316784311E-02
     49.   6.   0.0000000000E+00  -0.1550500000E+02   0.8270923452E+02   0.1510142855E+01   0.2147170019E+02  -0.4166716841E-07   0.2315829619E-02
     50.   1.   0.1519755760E+01  -0.1543033919E+02   0.8272319586E+02   0.1721869984E+01   0.1659046275E+02   0.2273142323E+00   0.2314568811E-02
     50.   2.   0.1519755760E+01  -0.1543033919E+02   0.8272319586E+02   0.1927139615E+01   0.2084090269E+02   0.2863453924E+00   0.2309767388E-02
     50.   3.   0.1519755760E+01  -0.1543033919E+02   0.8272319586E+02   0.1919303627E+01   0.2139330742E+02   0.2945322960E+00   0.2310804438E-02
     50.   4.   0.1519755760E+01  -0.1543033919E+02   0.8272319586E+02   0.1935737911E+01   0.2139201577E+02   0.2950673941E+00   0.2310552829E-02
     50.   5.   0.1519755760E+01  -0.1543033919E+02   0.8272319586E+02   0.1935481927E+01   0.2139000009E+02   0.2960696729E+00   0.2309945040E-02
     50.   6.   0.1519755760E+01  -0.1543033919E+02   0.8272319586E+02   0.1935398024E+01   0.2138652169E+02   0.2975764282E+00   0.2309011773E-02
     51.   1.   0.3024875440E+01  -0.1520707577E+02   0.8276452952E+02   0.2660304767E+01   0.1638698963E+02   0.4323050902E+00   0.2305813449E-02
     51.   2.   0.3024875440E+01  -0.1520707577E+02   0.8276452952E+02   0.3149233503E+01   0.2060008855E+02   0.5470031500E+00   0.2301109404E-02
     51.   3.   0.3024875440E+01  -0.1520707577E+02   0.8276452952E+02   0.3165550417E+01   0.2115059721E+02   0.5626891353E+00   0.2302143896E-02
     51.   4.   0.3024875440E+01  -0.1520707577E+02   0.8276452952E+02   0.3192895460E+01   0.2114495188E+02   0.5636850882E+00   0.2301918758E-02
     51.   5.   0.3024875440E+01  -0.1520707577E+02   0.8276452952E+02   0.3192665313E+01   0.2114276016E+02   0.5655161810E+00   0.2301352769E-02
     51.   6.   0.3024875440E+01  -0.1520707577E+02   0.8276452952E+02   0.3192592314E+01   0.2113910469E+02   0.5683187402E+00   0.2300479408E-02
     52.   1.   0.4500863920E+01  -0.1483735991E+02   0.8283160780E+02   0.4178466441E+01   0.1602434169E+02   0.5914367755E+00   0.2328458670E-02
     52.   2.   0.4500863920E+01  -0.1483735991E+02   0.8283160780E+02   0.5126774415E+01   0.2020874951E+02   0.7576441283E+00   0.2323824515E-02
     52.   3.   0.4500863920E+01  -0.1483735991E+02   0.8283160780E+02   0.5180161870E+01   0.2078277058E+02   0.7822008244E+00   0.2324875887E-02
     52.   4.   0.4500863920E+01  -0.1483735991E+02   0.8283160780E+02   0.5227226565E+01   0.2075849927E+02   0.7832677417E+00   0.2324691569E-02
     52.   5.   0.4500863920E+01  -0.1483735991E+02   0.8283160780E+02   0.5227037258E+01   0.2075606890E+02   0.7856102231E+00   0.2324186674E-02
     52.   6.   0.4500863920E+01  -0.1483735991E+02   0.8283160780E+02   0.5226981743E+01   0.2075217817E+02   0.7893210570E+00   0.2323400557E-02
     53.   1.   0.5933506620E+01  -0.1432475215E+02   0.8292179434E+02   0.6331894389E+01   0.1539050850E+02   0.6961233703E+00   0.2429812990E-02
     53.   2.   0.5933506620E+01  -0.1432475215E+02   0.8292179434E+02   0.7794821439E+01   0.1970384777E+02   0.8961720432E+00   0.2425107063E-02
     53.   3.   0.5933506620E+01  -0.1432475215E+02   0.8292179434E+02   0.7885321851E+01   0.2034599106E+02   0.9293511598E+00   0.2426222270E-02
     53.   4.   0.5933506620E+01  -0.1432475215E+02   0.8292179434E+02   0.7951435127E+01   0.2026570168E+02   0.9289703783E+00   0.2426090396E-02
     53.   5.   0.5933506620E+01  -0.1432475215E+02   0.8292179434E+02   0.7951298547E+01   0.2026303974E+02   0.9314168170E+00   0.2425656750E-02
     53.   6.   0.5933506620E+01  -0.1432475215E+02   0.8292179434E+02   0.7951266021E+01   0.2025893184E+02   0.9355346478E+00   0.2424971470E-02
     54.   1.   0.7309006400E+01  -0.1367418920E+02   0.8303155454E+02   0.8793769557E+01   0.1483876479E+02   0.7393862950E+00   0.2660922304E-02
     54.   2.   0.7309006400E+01  -0.1367418920E+02   0.8303155454E+02   0.1105455534E+02   0.1919400288E+02   0.9753902429E+00   0.2655883811E-02
     54.   3.   0.7309006400E+01  -0.1367418920E+02   0.8303155454E+02   0.1122714330E+02   0.1982740265E+02   0.1006789316E+01   0.2657140649E-02
     54.   4.   0.7309006400E+01  -0.1367418920E+02   0.8303155454E+02   0.1124859014E+02   0.1970760678E+02   0.1005926792E+01   0.2657071750E-02
     54.   5.   0.7309006400E+01  -0.1367418920E+02   0.8303155454E+02   0.1124851424E+02   0.1970479655E+02   0.1008048061E+01   0.2656712097E-02
     54.   6.   0.7309006400E+01  -0.1367418920E+02   0.8303155454E+02   0.1124850864E+02   0.1970057318E+02   0.1012037150E+01   0.2656129526E-02
     55.   1.   0.8614116460E+01  -0.1289193634E+02   0.8315660213E+02   0.1195312392E+02   0.1427305434E+02   0.7079346247E+00   0.3065304855E-02
     55.   2.   0.8614116460E+01  -0.1289193634E+02   0.8315660213E+02   0.1468220018E+02   0.1862815323E+02   0.9574063664E+00   0.3059575863E-02
     55.   3.   0.8614116460E+01  -0.1289193634E+02   0.8315660213E+02   0.1500070836E+02   0.1915733655E+02   0.9831169437E+00   0.3061079490E-02
     55.   4.   0.8614116460E+01  -0.1289193634E+02   0.8315660213E+02   0.1497994676E+02   0.1911135865E+02   0.9880403690E+00   0.3061085164E-02
     55.   5.   0.8614116460E+01  -0.1289193634E+02   0.8315660213E+02   0.1498021959E+02   0.1912540811E+02   0.9950548633E+00   0.3060798371E-02
     55.   6.   0.8614116460E+01  -0.1289193634E+02   0.8315660213E+02   0.1498024292E+02   0.1912124536E+02   0.9984267280E+00   0.3060313441E-02
     56.   1.   0.9836267870E+01  -0.1198552708E+02   0.8329207430E+02   0.1499843404E+02   0.1406462817E+02   0.7111913013E+00   0.3668900371E-02
     56.   2.   0.9836267870E+01  -0.1198552708E+02   0.8329207430E+02   0.1822917510E+02   0.1789200414E+02   0.8710710258E+00   0.3662067621E-02
     56.   3.   0.9836267870E+01  -0.1198552708E+02   0.8329207430E+02   0.1865693064E+02   0.1854001923E+02   0.9329526518E+00   0.3663940907E-02
     56.   4.   0.9836267870E+01  -0.1198552708E+02   0.8329207430E+02   0.1864279948E+02   0.1852802812E+02   0.9332538067E+00   0.3664034890E-02
     56.   5.   0.9836267870E+01  -0.1198552708E+02   0.8329207430E+02   0.1864328000E+02   0.1855789897E+02   0.9515202760E+00   0.3663819309E-02
     56.   6.   0.9836267870E+01  -0.1198552708E+02   0.8329207430E+02   0.1864333203E+02   0.1855402433E+02   0.9539044201E+00   0.3663424888E-02
     57.   1.   0.1096369064E+02  -0.1096369064E+02   0.8343272732E+02   0.1772747652E+02   0.1372404743E+02   0.6076836792E+00   0.4472989851E-02
     57.   2.   0.1096369064E+02  -0.1096369064E+02   0.8343272732E+02   0.2189644761E+02   0.1720301017E+02   0.7331352684E+00   0.4464638490E-02
     57.   3.   0.1096369064E+02  -0.1096369064E+02   0.8343272732E+02   0.2243234643E+02   0.1798129004E+02   0.7953801387E+00   0.4467006992E-02
     57.   4.   0.1096369064E+02  -0.1096369064E+02   0.8343272732E+02   0.2242925541E+02   0.1799266231E+02   0.7862518965E+00   0.4467204655E-02
     57.   5.   0.1096369064E+02  -0.1096369064E+02   0.8343272732E+02   0.2243010670E+02   0.1801869416E+02   0.8067048827E+00   0.4467059889E-02
     57.   6.   0.1096369064E+02  -0.1096369064E+02   0.8343272732E+02   0.2243039849E+02   0.1803183473E+02   0.8149415414E+00   0.4466749862E-02
     58.   1.   0.1198552708E+02  -0.9836267870E+01   0.8357314362E+02   0.2056734233E+02   0.1334353847E+02   0.4816159441E+00   0.5451157659E-02
     58.   2.   0.1198552708E+02  -0.9836267870E+01   0.8357314362E+02   0.2592206390E+02   0.1680859371E+02   0.5947477068E+00   0.5440927175E-02
     58.   3.   0.1198552708E+02  -0.9836267870E+01   0.8357314362E+02   0.2653375401E+02   0.1750739181E+02   0.6492489088E+00   0.5443901871E-02
     58.   4.   0.1198552708E+02  -0.9836267870E+01   0.8357314362E+02   0.2653923926E+02   0.1753011359E+02   0.6409925635E+00   0.5444217818E-02
     58.   5.   0.1198552708E+02  -0.9836267870E+01   0.8357314362E+02   0.2654001806E+02   0.1755551319E+02   0.6605120005E+00   0.5444144591E-02
     58.   6.   0.1198552708E+02  -0.9836267870E+01   0.8357314362E+02   0.2654026158E+02   0.1756873143E+02   0.6672994158E+00   0.5443914434E-02
     59.   1.   0.1289193634E+02  -0.8614116460E+01   0.8370794166E+02   0.2311827392E+02   0.1287996286E+02   0.3491720937E+00   0.6550604854E-02
     59.   2.   0.1289193634E+02  -0.8614116460E+01   0.8370794166E+02   0.2972807735E+02   0.1639625350E+02   0.4355432112E+00   0.6538240549E-02
     59.   3.   0.1289193634E+02  -0.8614116460E+01   0.8370794166E+02   0.3044139605E+02   0.1692707087E+02   0.4506136296E+00   0.6541900654E-02
     59.   4.   0.1289193634E+02  -0.8614116460E+01   0.8370794166E+02   0.3045696790E+02   0.1712447687E+02   0.4862788071E+00   0.6542345452E-02
     59.   5.   0.1289193634E+02  -0.8614116460E+01   0.8370794166E+02   0.3045826829E+02   0.1714824019E+02   0.4944548063E+00   0.6542344055E-02
     59.   6.   0.1289193634E+02  -0.8614116460E+01   0.8370794166E+02   0.3045867250E+02   0.1717561791E+02   0.5166261835E+00   0.6542189600E-02
     60.   1.   0.1367418920E+02  -0.7309006400E+01   0.8383198033E+02   0.2523653350E+02   0.1233271586E+02   0.2296980371E+00   0.7697411373E-02
     60.   2.   0.1367418920E+02  -0.7309006400E+01   0.8383198033E+02   0.3321162656E+02   0.1610658548E+02   0.2979362508E+00   0.7682804809E-02
     60.   3.   0.1367418920E+02  -0.7309006400E+01   0.8383198033E+02   0.3401879943E+02   0.1660966828E+02   0.3058578850E+00   0.7687183684E-02
     60.   4.   0.1367418920E+02  -0.7309006400E+01   0.8383198033E+02   0.3403958418E+02   0.1680627929E+02   0.3390121928E+00   0.7687760733E-02
     60.   5.   0.1367418920E+02  -0.7309006400E+01   0.8383198033E+02   0.3404035304E+02   0.1681657714E+02   0.3357641186E+00   0.7687829125E-02
     60.   6.   0.1367418920E+02  -0.7309006400E+01   0.8383198033E+02   0.3404132127E+02   0.1684068316E+02   0.3656436106E+00   0.7687744838E-02
     61.   1.   0.1432475215E+02  -0.5933506620E+01   0.8394055039E+02   0.2746056330E+02   0.1201793090E+02   0.1316184809E+00   0.8804780485E-02
     61.   2.   0.1432475215E+02  -0.5933506620E+01   0.8394055039E+02   0.3624309548E+02   0.1586377657E+02   0.1736049496E+00   0.8787996188E-02
     61.   3.   0.1432475215E+02  -0.5933506620E+01   0.8394055039E+02   0.3712554740E+02   0.1619228125E+02   0.1619311200E+00   0.8793072180E-02
     61.   4.   0.1432475215E+02  -0.5933506620E+01   0.8394055039E+02   0.3715659243E+02   0.1655847572E+02   0.1935010437E+00   0.8793775649E-02
     61.   5.   0.1432475215E+02  -0.5933506620E+01   0.8394055039E+02   0.3715733936E+02   0.1656939465E+02   0.1902093377E+00   0.8793908120E-02
     61.   6.   0.1432475215E+02  -0.5933506620E+01   0.8394055039E+02   0.3715826717E+02   0.1659391220E+02   0.2193687659E+00   0.8793885814E-02
     62.   1.   0.1483735991E+02  -0.4500863920E+01   0.8402954673E+02   0.2926048238E+02   0.1174941511E+02   0.6344025225E-01   0.9782952658E-02
     62.   2.   0.1483735991E+02  -0.4500863920E+01   0.8402954673E+02   0.3870860447E+02   0.1570045936E+02   0.8993066460E-01   0.9764234566E-02
     62.   3.   0.1483735991E+02  -0.4500863920E+01   0.8402954673E+02   0.3966507214E+02   0.1601105427E+02   0.7986624491E-01   0.9769928571E-02
     62.   4.   0.1483735991E+02  -0.4500863920E+01   0.8402954673E+02   0.3969884004E+02   0.1637289277E+02   0.1041636231E+00   0.9770742759E-02
     62.   5.   0.1483735991E+02  -0.4500863920E+01   0.8402954673E+02   0.3969954916E+02   0.1638445131E+02   0.1012276997E+00   0.9770929580E-02
     62.   6.   0.1483735991E+02  -0.4500863920E+01   0.8402954673E+02   0.3970045059E+02   0.1640956067E+02   0.1298750561E+00   0.9770958171E-02
     63.   1.   0.1520707577E+02  -0.3024875440E+01   0.8409561599E+02   0.3061973941E+02   0.1155313064E+02   0.2316788801E-01   0.1054936906E-01
     63.   2.   0.1520707577E+02  -0.3024875440E+01   0.8409561599E+02   0.4053429450E+02   0.1556321319E+02   0.3609700241E-01   0.1052912926E-01
     63.   3.   0.1520707577E+02  -0.3024875440E+01   0.8409561599E+02   0.4154284477E+02   0.1588725665E+02   0.2797736695E-01   0.1053530879E-01
     63.   4.   0.1520707577E+02  -0.3024875440E+01   0.8409561599E+02   0.4157849423E+02   0.1624595544E+02   0.4445222751E-01   0.1053620905E-01
     63.   5.   0.1520707577E+02  -0.3024875440E+01   0.8409561599E+02   0.4157877679E+02   0.1624539300E+02   0.4091812451E-01   0.1053643704E-01
     63.   6.   0.1520707577E+02  -0.3024875440E+01   0.8409561599E+02   0.4158026108E+02   0.1628367855E+02   0.5720658903E-01   0.1053650317E-01
     64.   1.   0.1543033919E+02  -0.1519755760E+01   0.8413627543E+02   0.3145626977E+02   0.1143212562E+02   0.5371374644E-02   0.1103781274E-01
     64.   2.   0.1543033919E+02  -0.1519755760E+01   0.8413627543E+02   0.4165618072E+02   0.1548901495E+02   0.1055543817E-01   0.1101659998E-01
     64.   3.   0.1543033919E+02  -0.1519755760E+01   0.8413627543E+02   0.4269523457E+02   0.1581505974E+02   0.6219419925E-02   0.1102308950E-01
     64.   4.   0.1543033919E+02  -0.1519755760E+01   0.8413627543E+02   0.4273198536E+02   0.1617189147E+02   0.1453646703E-01   0.1102404430E-01
     64.   5.   0.1543033919E+02  -0.1519755760E+01   0.8413627543E+02   0.4273229024E+02   0.1617178790E+02   0.1268065968E-01   0.1102429786E-01
     64.   6.   0.1543033919E+02  -0.1519755760E+01   0.8413627543E+02   0.4273356124E+02   0.1619740175E+02   0.1285554910E-01   0.1102438685E-01
