# digitalmodel weldolet_crack start-node SIFS audit
# units: K=MPa*sqrt(mm); A = CINT 1 (starts at node 1), B = CINT 3 (starts at node 2)
# sign_factors  -1.0   1.0
# columns: node contour K1A K2A K3A K1B K2B K3B
      1.   1.   0.3220085438E+02   0.1153893488E+02   0.4831817758E-01   0.3173864021E+02  -0.1139132377E+02  -0.4623896238E-10
      1.   2.   0.4225915964E+02   0.1546190338E+02  -0.7623782098E-02   0.4203435188E+02  -0.1546452488E+02  -0.4814691030E-09
      1.   3.   0.4318214565E+02   0.1603873590E+02  -0.5237783188E-01   0.4308367111E+02  -0.1579134016E+02  -0.3714378955E-09
      1.   4.   0.4321022528E+02   0.1599684709E+02  -0.8025245592E-01   0.4312078430E+02  -0.1614755552E+02  -0.6040043822E-09
      1.   5.   0.4321011990E+02   0.1601307100E+02  -0.1282864183E+00   0.4312109655E+02  -0.1614761005E+02  -0.5928807143E-09
      1.   6.   0.4321470620E+02   0.1617221264E+02  -0.1901476157E+00   0.4312236420E+02  -0.1617328393E+02  -0.5256805218E-09
      2.   1.   0.3145626977E+02   0.1143212562E+02  -0.5371375510E-02   0.3193478218E+02  -0.1156761165E+02  -0.5574720534E-01
      2.   2.   0.4165618072E+02   0.1548901495E+02  -0.1055543919E-01   0.4187827602E+02  -0.1548792121E+02  -0.1150239022E-02
      2.   3.   0.4269523457E+02   0.1581505974E+02  -0.6219420992E-02   0.4280129512E+02  -0.1591589240E+02  -0.1901822753E-01
      2.   4.   0.4273198536E+02   0.1617189147E+02  -0.1453646809E-01   0.4281746612E+02  -0.1602807878E+02   0.2130097695E-01
      2.   5.   0.4273229024E+02   0.1617178790E+02  -0.1268066074E-01   0.4281723585E+02  -0.1604643582E+02   0.7195328538E-01
      2.   6.   0.4273356124E+02   0.1619740175E+02  -0.1285555017E-01   0.4282239459E+02  -0.1620704635E+02   0.1266370723E+00
      3.   1.   0.3061973941E+02   0.1155313064E+02  -0.2316788873E-01   0.3061973941E+02  -0.1155313064E+02  -0.2316788873E-01
      3.   2.   0.4053429450E+02   0.1556321319E+02  -0.3609700355E-01   0.4053429450E+02  -0.1556321319E+02  -0.3609700355E-01
      3.   3.   0.4154284477E+02   0.1588725665E+02  -0.2797736814E-01   0.4154284477E+02  -0.1588725665E+02  -0.2797736814E-01
      3.   4.   0.4157849423E+02   0.1624595544E+02  -0.4445222870E-01   0.4157849423E+02  -0.1624595544E+02  -0.4445222870E-01
      3.   5.   0.4157877679E+02   0.1624539300E+02  -0.4091812571E-01   0.4157877679E+02  -0.1624539300E+02  -0.4091812571E-01
      3.   6.   0.4158026108E+02   0.1628367855E+02  -0.5720659025E-01   0.4158026108E+02  -0.1628367855E+02  -0.5720659025E-01
