# digitalmodel weldolet_crack start-node SIFS audit
# units: K=MPa*sqrt(mm); A = CINT 1 (starts at node 1), B = CINT 3 (starts at node 2)
# sign_factors  -1.0   1.0
# columns: node contour K1A K2A K3A K1B K2B K3B
      1.   1.   0.3694333132E+02   0.1313290486E+02   0.2715476512E-01   0.3742549832E+02  -0.1350985293E+02  -0.2314984253E-08
      1.   2.   0.4379003810E+02   0.1591067134E+02   0.7723192204E-02   0.4350893910E+02  -0.1571120657E+02   0.6446109489E-09
      1.   3.   0.4395471126E+02   0.1597578600E+02  -0.1247178424E-01   0.4367783394E+02  -0.1612664560E+02   0.5788105865E-09
      1.   4.   0.4396065792E+02   0.1615513976E+02  -0.3573789142E-01   0.4367978659E+02  -0.1615504896E+02   0.7671007409E-10
      1.   5.   0.4396126672E+02   0.1617023082E+02  -0.5401412066E-01   0.4368073305E+02  -0.1618627241E+02  -0.5260064991E-09
      1.   6.   0.4396166676E+02   0.1618631521E+02  -0.5633302208E-01   0.4368088822E+02  -0.1618713694E+02  -0.1790112856E-09
      2.   1.   0.3734261615E+02   0.1351438501E+02  -0.2332707083E-02   0.3686366039E+02  -0.1313826908E+02  -0.2968953776E-01
      2.   2.   0.4341177640E+02   0.1571737431E+02  -0.2223370808E-02   0.4369221535E+02  -0.1591709345E+02  -0.1102763066E-01
      2.   3.   0.4358021138E+02   0.1613266547E+02  -0.4308755584E-02   0.4385621466E+02  -0.1598224954E+02   0.1010078627E-01
      2.   4.   0.4358216221E+02   0.1616107677E+02  -0.4230704114E-02   0.4386225890E+02  -0.1616194717E+02   0.3186669788E-01
      2.   5.   0.4358311018E+02   0.1619230647E+02  -0.4388050502E-02   0.4386288785E+02  -0.1617731378E+02   0.5019128941E-01
      2.   6.   0.4358326489E+02   0.1619315589E+02  -0.4215618737E-02   0.4386330440E+02  -0.1619354194E+02   0.5243359764E-01
      3.   1.   0.3709466861E+02   0.1352801588E+02  -0.6364342098E-02   0.3709466861E+02  -0.1352801588E+02  -0.6364342098E-02
      3.   2.   0.4312108658E+02   0.1573592976E+02  -0.6471565751E-02   0.4312108658E+02  -0.1573592976E+02  -0.6471565751E-02
      3.   3.   0.4328815195E+02   0.1615079333E+02  -0.1064800730E-01   0.4328815195E+02  -0.1615079333E+02  -0.1064800730E-01
      3.   4.   0.4329009720E+02   0.1617922878E+02  -0.1050004949E-01   0.4329009720E+02  -0.1617922878E+02  -0.1050004949E-01
      3.   5.   0.4329104974E+02   0.1621047739E+02  -0.1082059821E-01   0.4329104974E+02  -0.1621047739E+02  -0.1082059821E-01
      3.   6.   0.4329120301E+02   0.1621128171E+02  -0.1048315239E-01   0.4329120301E+02  -0.1621128171E+02  -0.1048315239E-01
