config_file: production_transformation_config.yaml
elapsed_seconds: 97.808473
stats:
  files_processed: 2592
  files_skipped: 0
  start_time: 2025-09-24 14:35:40.133156
  total_rows: 129600
timestamp: '2025-09-24T14:37:17.942238'
